year,scenario,scenario_geography,ald_sector,ald_business_unit,indicator,unit,price
2022,WEO2021_APS,Global,Power,CoalCap,price,$/MWh,149.15254237288136
2023,WEO2021_APS,Global,Power,CoalCap,price,$/MWh,140.75521425001136
2024,WEO2021_APS,Global,Power,CoalCap,price,$/MWh,133.2530327798331
2025,WEO2021_APS,Global,Power,CoalCap,price,$/MWh,126.51010822952829
2026,WEO2021_APS,Global,Power,CoalCap,price,$/MWh,120.41673145700514
2027,WEO2021_APS,Global,Power,CoalCap,price,$/MWh,114.88335867670511
2028,WEO2021_APS,Global,Power,CoalCap,price,$/MWh,109.83618183107582
2029,WEO2021_APS,Global,Power,CoalCap,price,$/MWh,105.21381746543936
2030,WEO2021_APS,Global,Power,CoalCap,price,$/MWh,100.96479791395046
2031,WEO2021_APS,Global,Power,CoalCap,price,$/MWh,99.8131082039054
2032,WEO2021_APS,Global,Power,CoalCap,price,$/MWh,98.6873964572448
2033,WEO2021_APS,Global,Power,CoalCap,price,$/MWh,97.5867935227774
2034,WEO2021_APS,Global,Power,CoalCap,price,$/MWh,96.51046859421736
2035,WEO2021_APS,Global,Power,CoalCap,price,$/MWh,95.45762711864408
2036,WEO2021_APS,Global,Power,CoalCap,price,$/MWh,94.42750884038531
2037,WEO2021_APS,Global,Power,CoalCap,price,$/MWh,93.41938597020328
2038,WEO2021_APS,Global,Power,CoalCap,price,$/MWh,92.432561470518
2039,WEO2021_APS,Global,Power,CoalCap,price,$/MWh,91.4663674481781
2040,WEO2021_APS,Global,Power,CoalCap,price,$/MWh,90.52016364699006
2041,WEO2021_APS,Global,Power,CoalCap,price,$/MWh,89.59333603285707
2042,WEO2021_APS,Global,Power,CoalCap,price,$/MWh,88.68529546495648
2043,WEO2021_APS,Global,Power,CoalCap,price,$/MWh,87.79547644691345
2044,WEO2021_APS,Global,Power,CoalCap,price,$/MWh,86.92333595240767
2045,WEO2021_APS,Global,Power,CoalCap,price,$/MWh,86.06835232008892
2046,WEO2021_APS,Global,Power,CoalCap,price,$/MWh,85.23002421307505
2047,WEO2021_APS,Global,Power,CoalCap,price,$/MWh,84.40786963867241
2048,WEO2021_APS,Global,Power,CoalCap,price,$/MWh,83.60142502429018
2049,WEO2021_APS,Global,Power,CoalCap,price,$/MWh,82.81024434582687
2050,WEO2021_APS,Global,Power,CoalCap,price,$/MWh,82.03389830508475
2022,WEO2021_APS,Global,Power,GasCap,price,$/MWh,104.23728813559322
2023,WEO2021_APS,Global,Power,GasCap,price,$/MWh,101.62102859189932
2024,WEO2021_APS,Global,Power,GasCap,price,$/MWh,99.13288485060282
2025,WEO2021_APS,Global,Power,GasCap,price,$/MWh,96.76367125039974
2026,WEO2021_APS,Global,Power,GasCap,price,$/MWh,94.50505975929704
2027,WEO2021_APS,Global,Power,GasCap,price,$/MWh,92.34948216574765
2028,WEO2021_APS,Global,Power,GasCap,price,$/MWh,90.29004535688708
2029,WEO2021_APS,Global,Power,GasCap,price,$/MWh,88.32045768549689
2030,WEO2021_APS,Global,Power,GasCap,price,$/MWh,86.4349647686155
2031,WEO2021_APS,Global,Power,GasCap,price,$/MWh,86.28953297147257
2032,WEO2021_APS,Global,Power,GasCap,price,$/MWh,86.14458974699642
2033,WEO2021_APS,Global,Power,GasCap,price,$/MWh,86.0001326373033
2034,WEO2021_APS,Global,Power,GasCap,price,$/MWh,85.85615920096852
2035,WEO2021_APS,Global,Power,GasCap,price,$/MWh,85.71266701288891
2036,WEO2021_APS,Global,Power,GasCap,price,$/MWh,85.5696536641466
2037,WEO2021_APS,Global,Power,GasCap,price,$/MWh,85.42711676187429
2038,WEO2021_APS,Global,Power,GasCap,price,$/MWh,85.28505392912173
2039,WEO2021_APS,Global,Power,GasCap,price,$/MWh,85.14346280472363
2040,WEO2021_APS,Global,Power,GasCap,price,$/MWh,85.00234104316883
2041,WEO2021_APS,Global,Power,GasCap,price,$/MWh,84.86168631447082
2042,WEO2021_APS,Global,Power,GasCap,price,$/MWh,84.72149630403942
2043,WEO2021_APS,Global,Power,GasCap,price,$/MWh,84.58176871255392
2044,WEO2021_APS,Global,Power,GasCap,price,$/MWh,84.44250125583731
2045,WEO2021_APS,Global,Power,GasCap,price,$/MWh,84.30369166473183
2046,WEO2021_APS,Global,Power,GasCap,price,$/MWh,84.16533768497571
2047,WEO2021_APS,Global,Power,GasCap,price,$/MWh,84.02743707708116
2048,WEO2021_APS,Global,Power,GasCap,price,$/MWh,83.88998761621352
2049,WEO2021_APS,Global,Power,GasCap,price,$/MWh,83.75298709207163
2050,WEO2021_APS,Global,Power,GasCap,price,$/MWh,83.616433308769345
2022,WEO2021_APS,Global,Power,HydroCap,price,$/MWh,68.83239171374765
2023,WEO2021_APS,Global,Power,HydroCap,price,$/MWh,71.47227037322376
2024,WEO2021_APS,Global,Power,HydroCap,price,$/MWh,74.32271542503624
2025,WEO2021_APS,Global,Power,HydroCap,price,$/MWh,77.40996668115312
2026,WEO2021_APS,Global,Power,HydroCap,price,$/MWh,80.7648127491967
2027,WEO2021_APS,Global,Power,HydroCap,price,$/MWh,84.42362138045225
2028,WEO2021_APS,Global,Power,HydroCap,price,$/MWh,88.42966316827687
2029,WEO2021_APS,Global,Power,HydroCap,price,$/MWh,92.8348308906818
2030,WEO2021_APS,Global,Power,HydroCap,price,$/MWh,97.7018996946593
2031,WEO2021_APS,Global,Power,HydroCap,price,$/MWh,98.85359202897747
2032,WEO2021_APS,Global,Power,HydroCap,price,$/MWh,100.03276012475058
2033,WEO2021_APS,Global,Power,HydroCap,price,$/MWh,101.24039907997896
2034,WEO2021_APS,Global,Power,HydroCap,price,$/MWh,102.47755263289112
2035,WEO2021_APS,Global,Power,HydroCap,price,$/MWh,103.7453161706176
2036,WEO2021_APS,Global,Power,HydroCap,price,$/MWh,105.04483996398652
2037,WEO2021_APS,Global,Power,HydroCap,price,$/MWh,106.37733264851911
2038,WEO2021_APS,Global,Power,HydroCap,price,$/MWh,107.74406497376776
2039,WEO2021_APS,Global,Power,HydroCap,price,$/MWh,109.14637384544368
2040,WEO2021_APS,Global,Power,HydroCap,price,$/MWh,110.58566668736164
2041,WEO2021_APS,Global,Power,HydroCap,price,$/MWh,112.06342615311702
2042,WEO2021_APS,Global,Power,HydroCap,price,$/MWh,113.5812152206536
2043,WEO2021_APS,Global,Power,HydroCap,price,$/MWh,115.14068270652068
2044,WEO2021_APS,Global,Power,HydroCap,price,$/MWh,116.7435692407182
2045,WEO2021_APS,Global,Power,HydroCap,price,$/MWh,118.39171374764598
2046,WEO2021_APS,Global,Power,HydroCap,price,$/MWh,120.08706048388912
2047,WEO2021_APS,Global,Power,HydroCap,price,$/MWh,121.8316666894662
2048,WEO2021_APS,Global,Power,HydroCap,price,$/MWh,123.62771091584656
2049,WEO2021_APS,Global,Power,HydroCap,price,$/MWh,125.4775021016198
2050,WEO2021_APS,Global,Power,HydroCap,price,$/MWh,127.3834894753153
2022,WEO2021_APS,Global,Power,NuclearCap,price,$/MWh,108.47457627118644
2023,WEO2021_APS,Global,Power,NuclearCap,price,$/MWh,109.3287067930068
2024,WEO2021_APS,Global,Power,NuclearCap,price,$/MWh,110.19639494215764
2025,WEO2021_APS,Global,Power,NuclearCap,price,$/MWh,111.07796610169493
2026,WEO2021_APS,Global,Power,NuclearCap,price,$/MWh,111.97375615090212
2027,WEO2021_APS,Global,Power,NuclearCap,price,$/MWh,112.88411189196638
2028,WEO2021_APS,Global,Power,NuclearCap,price,$/MWh,113.80939149763825
2029,WEO2021_APS,Global,Power,NuclearCap,price,$/MWh,114.7499649810898
2030,WEO2021_APS,Global,Power,NuclearCap,price,$/MWh,115.70621468926554
2031,WEO2021_APS,Global,Power,NuclearCap,price,$/MWh,115.86714127436882
2032,WEO2021_APS,Global,Power,NuclearCap,price,$/MWh,116.02851612294036
2033,WEO2021_APS,Global,Power,NuclearCap,price,$/MWh,116.19034111055952
2034,WEO2021_APS,Global,Power,NuclearCap,price,$/MWh,116.35261812328378
2035,WEO2021_APS,Global,Power,NuclearCap,price,$/MWh,116.51534905772192
2036,WEO2021_APS,Global,Power,NuclearCap,price,$/MWh,116.6785358211081
2037,WEO2021_APS,Global,Power,NuclearCap,price,$/MWh,116.84218033137611
2038,WEO2021_APS,Global,Power,NuclearCap,price,$/MWh,117.0062845172348
2039,WEO2021_APS,Global,Power,NuclearCap,price,$/MWh,117.17085031824357
2040,WEO2021_APS,Global,Power,NuclearCap,price,$/MWh,117.33587968488898
2041,WEO2021_APS,Global,Power,NuclearCap,price,$/MWh,117.50137457866175
2042,WEO2021_APS,Global,Power,NuclearCap,price,$/MWh,117.66733697213444
2043,WEO2021_APS,Global,Power,NuclearCap,price,$/MWh,117.83376884903986
2044,WEO2021_APS,Global,Power,NuclearCap,price,$/MWh,118.00067220435012
2045,WEO2021_APS,Global,Power,NuclearCap,price,$/MWh,118.1680490443563
2046,WEO2021_APS,Global,Power,NuclearCap,price,$/MWh,118.33590138674884
2047,WEO2021_APS,Global,Power,NuclearCap,price,$/MWh,118.5042312606987
2048,WEO2021_APS,Global,Power,NuclearCap,price,$/MWh,118.67304070693902
2049,WEO2021_APS,Global,Power,NuclearCap,price,$/MWh,118.84233177784762
2050,WEO2021_APS,Global,Power,NuclearCap,price,$/MWh,119.01210653753029
2022,WEO2021_APS,Global,Power,OilCap,price,$/MWh,104.23728813559322
2023,WEO2021_APS,Global,Power,OilCap,price,$/MWh,101.62102859189932
2024,WEO2021_APS,Global,Power,OilCap,price,$/MWh,99.13288485060282
2025,WEO2021_APS,Global,Power,OilCap,price,$/MWh,96.76367125039974
2026,WEO2021_APS,Global,Power,OilCap,price,$/MWh,94.50505975929704
2027,WEO2021_APS,Global,Power,OilCap,price,$/MWh,92.34948216574765
2028,WEO2021_APS,Global,Power,OilCap,price,$/MWh,90.29004535688708
2029,WEO2021_APS,Global,Power,OilCap,price,$/MWh,88.32045768549689
2030,WEO2021_APS,Global,Power,OilCap,price,$/MWh,86.4349647686155
2031,WEO2021_APS,Global,Power,OilCap,price,$/MWh,86.28953297147257
2032,WEO2021_APS,Global,Power,OilCap,price,$/MWh,86.14458974699642
2033,WEO2021_APS,Global,Power,OilCap,price,$/MWh,86.0001326373033
2034,WEO2021_APS,Global,Power,OilCap,price,$/MWh,85.85615920096852
2035,WEO2021_APS,Global,Power,OilCap,price,$/MWh,85.71266701288891
2036,WEO2021_APS,Global,Power,OilCap,price,$/MWh,85.5696536641466
2037,WEO2021_APS,Global,Power,OilCap,price,$/MWh,85.42711676187429
2038,WEO2021_APS,Global,Power,OilCap,price,$/MWh,85.28505392912173
2039,WEO2021_APS,Global,Power,OilCap,price,$/MWh,85.14346280472363
2040,WEO2021_APS,Global,Power,OilCap,price,$/MWh,85.00234104316883
2041,WEO2021_APS,Global,Power,OilCap,price,$/MWh,84.86168631447082
2042,WEO2021_APS,Global,Power,OilCap,price,$/MWh,84.72149630403942
2043,WEO2021_APS,Global,Power,OilCap,price,$/MWh,84.58176871255392
2044,WEO2021_APS,Global,Power,OilCap,price,$/MWh,84.44250125583731
2045,WEO2021_APS,Global,Power,OilCap,price,$/MWh,84.30369166473183
2046,WEO2021_APS,Global,Power,OilCap,price,$/MWh,84.16533768497571
2047,WEO2021_APS,Global,Power,OilCap,price,$/MWh,84.02743707708116
2048,WEO2021_APS,Global,Power,OilCap,price,$/MWh,83.88998761621352
2049,WEO2021_APS,Global,Power,OilCap,price,$/MWh,83.75298709207163
2050,WEO2021_APS,Global,Power,OilCap,price,$/MWh,83.616433308769345
2022,WEO2021_APS,Global,Power,RenewablesCap,price,$/MWh,68.83239171374765
2023,WEO2021_APS,Global,Power,RenewablesCap,price,$/MWh,71.47227037322376
2024,WEO2021_APS,Global,Power,RenewablesCap,price,$/MWh,74.32271542503624
2025,WEO2021_APS,Global,Power,RenewablesCap,price,$/MWh,77.40996668115312
2026,WEO2021_APS,Global,Power,RenewablesCap,price,$/MWh,80.7648127491967
2027,WEO2021_APS,Global,Power,RenewablesCap,price,$/MWh,84.42362138045225
2028,WEO2021_APS,Global,Power,RenewablesCap,price,$/MWh,88.42966316827687
2029,WEO2021_APS,Global,Power,RenewablesCap,price,$/MWh,92.8348308906818
2030,WEO2021_APS,Global,Power,RenewablesCap,price,$/MWh,97.7018996946593
2031,WEO2021_APS,Global,Power,RenewablesCap,price,$/MWh,98.85359202897747
2032,WEO2021_APS,Global,Power,RenewablesCap,price,$/MWh,100.03276012475058
2033,WEO2021_APS,Global,Power,RenewablesCap,price,$/MWh,101.24039907997896
2034,WEO2021_APS,Global,Power,RenewablesCap,price,$/MWh,102.47755263289112
2035,WEO2021_APS,Global,Power,RenewablesCap,price,$/MWh,103.7453161706176
2036,WEO2021_APS,Global,Power,RenewablesCap,price,$/MWh,105.04483996398652
2037,WEO2021_APS,Global,Power,RenewablesCap,price,$/MWh,106.37733264851911
2038,WEO2021_APS,Global,Power,RenewablesCap,price,$/MWh,107.74406497376776
2039,WEO2021_APS,Global,Power,RenewablesCap,price,$/MWh,109.14637384544368
2040,WEO2021_APS,Global,Power,RenewablesCap,price,$/MWh,110.58566668736164
2041,WEO2021_APS,Global,Power,RenewablesCap,price,$/MWh,112.06342615311702
2042,WEO2021_APS,Global,Power,RenewablesCap,price,$/MWh,113.5812152206536
2043,WEO2021_APS,Global,Power,RenewablesCap,price,$/MWh,115.14068270652068
2044,WEO2021_APS,Global,Power,RenewablesCap,price,$/MWh,116.7435692407182
2045,WEO2021_APS,Global,Power,RenewablesCap,price,$/MWh,118.39171374764598
2046,WEO2021_APS,Global,Power,RenewablesCap,price,$/MWh,120.08706048388912
2047,WEO2021_APS,Global,Power,RenewablesCap,price,$/MWh,121.8316666894662
2048,WEO2021_APS,Global,Power,RenewablesCap,price,$/MWh,123.62771091584656
2049,WEO2021_APS,Global,Power,RenewablesCap,price,$/MWh,125.4775021016198
2050,WEO2021_APS,Global,Power,RenewablesCap,price,$/MWh,127.3834894753153
2022,WEO2021_NZE_2050,Global,Power,CoalCap,price,$/MWh,176.55367231638417
2023,WEO2021_NZE_2050,Global,Power,CoalCap,price,$/MWh,176.55367231638417
2024,WEO2021_NZE_2050,Global,Power,CoalCap,price,$/MWh,176.55367231638417
2025,WEO2021_NZE_2050,Global,Power,CoalCap,price,$/MWh,176.55367231638417
2026,WEO2021_NZE_2050,Global,Power,CoalCap,price,$/MWh,176.55367231638417
2027,WEO2021_NZE_2050,Global,Power,CoalCap,price,$/MWh,176.55367231638417
2028,WEO2021_NZE_2050,Global,Power,CoalCap,price,$/MWh,176.55367231638417
2029,WEO2021_NZE_2050,Global,Power,CoalCap,price,$/MWh,176.55367231638417
2030,WEO2021_NZE_2050,Global,Power,CoalCap,price,$/MWh,176.55367231638417
2031,WEO2021_NZE_2050,Global,Power,CoalCap,price,$/MWh,176.55367231638417
2032,WEO2021_NZE_2050,Global,Power,CoalCap,price,$/MWh,176.55367231638417
2033,WEO2021_NZE_2050,Global,Power,CoalCap,price,$/MWh,176.55367231638417
2034,WEO2021_NZE_2050,Global,Power,CoalCap,price,$/MWh,176.55367231638417
2035,WEO2021_NZE_2050,Global,Power,CoalCap,price,$/MWh,176.55367231638417
2036,WEO2021_NZE_2050,Global,Power,CoalCap,price,$/MWh,176.55367231638417
2037,WEO2021_NZE_2050,Global,Power,CoalCap,price,$/MWh,176.55367231638417
2038,WEO2021_NZE_2050,Global,Power,CoalCap,price,$/MWh,176.55367231638417
2039,WEO2021_NZE_2050,Global,Power,CoalCap,price,$/MWh,176.55367231638417
2040,WEO2021_NZE_2050,Global,Power,CoalCap,price,$/MWh,176.55367231638417
2041,WEO2021_NZE_2050,Global,Power,CoalCap,price,$/MWh,176.55367231638417
2042,WEO2021_NZE_2050,Global,Power,CoalCap,price,$/MWh,176.55367231638417
2043,WEO2021_NZE_2050,Global,Power,CoalCap,price,$/MWh,176.55367231638417
2044,WEO2021_NZE_2050,Global,Power,CoalCap,price,$/MWh,176.55367231638417
2045,WEO2021_NZE_2050,Global,Power,CoalCap,price,$/MWh,176.55367231638417
2046,WEO2021_NZE_2050,Global,Power,CoalCap,price,$/MWh,176.55367231638417
2047,WEO2021_NZE_2050,Global,Power,CoalCap,price,$/MWh,176.55367231638417
2048,WEO2021_NZE_2050,Global,Power,CoalCap,price,$/MWh,176.55367231638417
2049,WEO2021_NZE_2050,Global,Power,CoalCap,price,$/MWh,176.55367231638417
2050,WEO2021_NZE_2050,Global,Power,CoalCap,price,$/MWh,176.55367231638417
2022,WEO2021_NZE_2050,Global,Power,GasCap,price,$/MWh,94.63276836158192
2023,WEO2021_NZE_2050,Global,Power,GasCap,price,$/MWh,91.8897895684926
2024,WEO2021_NZE_2050,Global,Power,GasCap,price,$/MWh,89.30134479191533
2025,WEO2021_NZE_2050,Global,Power,GasCap,price,$/MWh,86.85473260583547
2026,WEO2021_NZE_2050,Global,Power,GasCap,price,$/MWh,84.53860640301319
2027,WEO2021_NZE_2050,Global,Power,GasCap,price,$/MWh,82.34279844449335
2028,WEO2021_NZE_2050,Global,Power,GasCap,price,$/MWh,80.258170635772
2029,WEO2021_NZE_2050,Global,Power,GasCap,price,$/MWh,78.27648741019739
2030,WEO2021_NZE_2050,Global,Power,GasCap,price,$/MWh,76.39030699067457
2031,WEO2021_NZE_2050,Global,Power,GasCap,price,$/MWh,76.39030699067457
2032,WEO2021_NZE_2050,Global,Power,GasCap,price,$/MWh,76.39030699067457
2033,WEO2021_NZE_2050,Global,Power,GasCap,price,$/MWh,76.39030699067457
2034,WEO2021_NZE_2050,Global,Power,GasCap,price,$/MWh,76.39030699067457
2035,WEO2021_NZE_2050,Global,Power,GasCap,price,$/MWh,76.39030699067457
2036,WEO2021_NZE_2050,Global,Power,GasCap,price,$/MWh,76.39030699067457
2037,WEO2021_NZE_2050,Global,Power,GasCap,price,$/MWh,76.39030699067457
2038,WEO2021_NZE_2050,Global,Power,GasCap,price,$/MWh,76.39030699067457
2039,WEO2021_NZE_2050,Global,Power,GasCap,price,$/MWh,76.39030699067457
2040,WEO2021_NZE_2050,Global,Power,GasCap,price,$/MWh,76.39030699067457
2041,WEO2021_NZE_2050,Global,Power,GasCap,price,$/MWh,76.39030699067457
2042,WEO2021_NZE_2050,Global,Power,GasCap,price,$/MWh,76.39030699067457
2043,WEO2021_NZE_2050,Global,Power,GasCap,price,$/MWh,76.39030699067457
2044,WEO2021_NZE_2050,Global,Power,GasCap,price,$/MWh,76.39030699067457
2045,WEO2021_NZE_2050,Global,Power,GasCap,price,$/MWh,76.39030699067457
2046,WEO2021_NZE_2050,Global,Power,GasCap,price,$/MWh,76.39030699067457
2047,WEO2021_NZE_2050,Global,Power,GasCap,price,$/MWh,76.39030699067457
2048,WEO2021_NZE_2050,Global,Power,GasCap,price,$/MWh,76.39030699067457
2049,WEO2021_NZE_2050,Global,Power,GasCap,price,$/MWh,76.39030699067457
2050,WEO2021_NZE_2050,Global,Power,GasCap,price,$/MWh,76.39030699067457
2022,WEO2021_NZE_2050,Global,Power,HydroCap,price,$/MWh,67.984934086629
2023,WEO2021_NZE_2050,Global,Power,HydroCap,price,$/MWh,70.82990246832054
2024,WEO2021_NZE_2050,Global,Power,HydroCap,price,$/MWh,73.92337712431647
2025,WEO2021_NZE_2050,Global,Power,HydroCap,price,$/MWh,77.2994053709388
2026,WEO2021_NZE_2050,Global,Power,HydroCap,price,$/MWh,80.99855183258437
2027,WEO2021_NZE_2050,Global,Power,HydroCap,price,$/MWh,85.06953624011463
2028,WEO2021_NZE_2050,Global,Power,HydroCap,price,$/MWh,89.57139126012069
2029,WEO2021_NZE_2050,Global,Power,HydroCap,price,$/MWh,94.57634375827772
2030,WEO2021_NZE_2050,Global,Power,HydroCap,price,$/MWh,100.1737192051962
2031,WEO2021_NZE_2050,Global,Power,HydroCap,price,$/MWh,101.46795330345456
2032,WEO2021_NZE_2050,Global,Power,HydroCap,price,$/MWh,102.7960678754893
2033,WEO2021_NZE_2050,Global,Power,HydroCap,price,$/MWh,104.15941095076104
2034,WEO2021_NZE_2050,Global,Power,HydroCap,price,$/MWh,105.55940303343256
2035,WEO2021_NZE_2050,Global,Power,HydroCap,price,$/MWh,106.99754203933762
2036,WEO2021_NZE_2050,Global,Power,HydroCap,price,$/MWh,108.47540864209093
2037,WEO2021_NZE_2050,Global,Power,HydroCap,price,$/MWh,109.99467206845073
2038,WEO2021_NZE_2050,Global,Power,HydroCap,price,$/MWh,111.55709638760484
2039,WEO2021_NZE_2050,Global,Power,HydroCap,price,$/MWh,113.1645473441986
2040,WEO2021_NZE_2050,Global,Power,HydroCap,price,$/MWh,114.8189997907512
2041,WEO2021_NZE_2050,Global,Power,HydroCap,price,$/MWh,116.5225457817119
2042,WEO2021_NZE_2050,Global,Power,HydroCap,price,$/MWh,118.27740339890636
2043,WEO2021_NZE_2050,Global,Power,HydroCap,price,$/MWh,120.0859263866572
2044,WEO2021_NZE_2050,Global,Power,HydroCap,price,$/MWh,121.95061468458668
2045,WEO2021_NZE_2050,Global,Power,HydroCap,price,$/MWh,123.87412595721422
2046,WEO2021_NZE_2050,Global,Power,HydroCap,price,$/MWh,125.85928823216958
2047,WEO2021_NZE_2050,Global,Power,HydroCap,price,$/MWh,127.90911377341013
2048,WEO2021_NZE_2050,Global,Power,HydroCap,price,$/MWh,130.0268143325725
2049,WEO2021_NZE_2050,Global,Power,HydroCap,price,$/MWh,132.215817940865
2050,WEO2021_NZE_2050,Global,Power,HydroCap,price,$/MWh,134.4797874261538
2022,WEO2021_NZE_2050,Global,Power,NuclearCap,price,$/MWh,110.16949152542372
2023,WEO2021_NZE_2050,Global,Power,NuclearCap,price,$/MWh,110.88026243849096
2024,WEO2021_NZE_2050,Global,Power,NuclearCap,price,$/MWh,111.600264142637
2025,WEO2021_NZE_2050,Global,Power,NuclearCap,price,$/MWh,112.32967763376536
2026,WEO2021_NZE_2050,Global,Power,NuclearCap,price,$/MWh,113.06868867082962
2027,WEO2021_NZE_2050,Global,Power,NuclearCap,price,$/MWh,113.81748793355032
2028,WEO2021_NZE_2050,Global,Power,NuclearCap,price,$/MWh,114.57627118644068
2029,WEO2021_NZE_2050,Global,Power,NuclearCap,price,$/MWh,115.34523944943692
2030,WEO2021_NZE_2050,Global,Power,NuclearCap,price,$/MWh,116.12459917544662
2031,WEO2021_NZE_2050,Global,Power,NuclearCap,price,$/MWh,116.2817366574161
2032,WEO2021_NZE_2050,Global,Power,NuclearCap,price,$/MWh,116.4392999862202
2033,WEO2021_NZE_2050,Global,Power,NuclearCap,price,$/MWh,116.59729089529242
2034,WEO2021_NZE_2050,Global,Power,NuclearCap,price,$/MWh,116.75571112748707
2035,WEO2021_NZE_2050,Global,Power,NuclearCap,price,$/MWh,116.91456243514357
2036,WEO2021_NZE_2050,Global,Power,NuclearCap,price,$/MWh,117.07384658015054
2037,WEO2021_NZE_2050,Global,Power,NuclearCap,price,$/MWh,117.2335653340116
2038,WEO2021_NZE_2050,Global,Power,NuclearCap,price,$/MWh,117.39372047791052
2039,WEO2021_NZE_2050,Global,Power,NuclearCap,price,$/MWh,117.55431380277771
2040,WEO2021_NZE_2050,Global,Power,NuclearCap,price,$/MWh,117.71534710935686
2041,WEO2021_NZE_2050,Global,Power,NuclearCap,price,$/MWh,117.8768222082723
2042,WEO2021_NZE_2050,Global,Power,NuclearCap,price,$/MWh,118.03874092009684
2043,WEO2021_NZE_2050,Global,Power,NuclearCap,price,$/MWh,118.20110507542024
2044,WEO2021_NZE_2050,Global,Power,NuclearCap,price,$/MWh,118.36391651491805
2045,WEO2021_NZE_2050,Global,Power,NuclearCap,price,$/MWh,118.52717708942136
2046,WEO2021_NZE_2050,Global,Power,NuclearCap,price,$/MWh,118.69088865998688
2047,WEO2021_NZE_2050,Global,Power,NuclearCap,price,$/MWh,118.8550530979675
2048,WEO2021_NZE_2050,Global,Power,NuclearCap,price,$/MWh,119.0196722850838
2049,WEO2021_NZE_2050,Global,Power,NuclearCap,price,$/MWh,119.18474811349584
2050,WEO2021_NZE_2050,Global,Power,NuclearCap,price,$/MWh,119.3502824858757
2022,WEO2021_NZE_2050,Global,Power,OilCap,price,$/MWh,94.63276836158192
2023,WEO2021_NZE_2050,Global,Power,OilCap,price,$/MWh,91.8897895684926
2024,WEO2021_NZE_2050,Global,Power,OilCap,price,$/MWh,89.30134479191533
2025,WEO2021_NZE_2050,Global,Power,OilCap,price,$/MWh,86.85473260583547
2026,WEO2021_NZE_2050,Global,Power,OilCap,price,$/MWh,84.53860640301319
2027,WEO2021_NZE_2050,Global,Power,OilCap,price,$/MWh,82.34279844449335
2028,WEO2021_NZE_2050,Global,Power,OilCap,price,$/MWh,80.258170635772
2029,WEO2021_NZE_2050,Global,Power,OilCap,price,$/MWh,78.27648741019739
2030,WEO2021_NZE_2050,Global,Power,OilCap,price,$/MWh,76.39030699067457
2031,WEO2021_NZE_2050,Global,Power,OilCap,price,$/MWh,76.39030699067457
2032,WEO2021_NZE_2050,Global,Power,OilCap,price,$/MWh,76.39030699067457
2033,WEO2021_NZE_2050,Global,Power,OilCap,price,$/MWh,76.39030699067457
2034,WEO2021_NZE_2050,Global,Power,OilCap,price,$/MWh,76.39030699067457
2035,WEO2021_NZE_2050,Global,Power,OilCap,price,$/MWh,76.39030699067457
2036,WEO2021_NZE_2050,Global,Power,OilCap,price,$/MWh,76.39030699067457
2037,WEO2021_NZE_2050,Global,Power,OilCap,price,$/MWh,76.39030699067457
2038,WEO2021_NZE_2050,Global,Power,OilCap,price,$/MWh,76.39030699067457
2039,WEO2021_NZE_2050,Global,Power,OilCap,price,$/MWh,76.39030699067457
2040,WEO2021_NZE_2050,Global,Power,OilCap,price,$/MWh,76.39030699067457
2041,WEO2021_NZE_2050,Global,Power,OilCap,price,$/MWh,76.39030699067457
2042,WEO2021_NZE_2050,Global,Power,OilCap,price,$/MWh,76.39030699067457
2043,WEO2021_NZE_2050,Global,Power,OilCap,price,$/MWh,76.39030699067457
2044,WEO2021_NZE_2050,Global,Power,OilCap,price,$/MWh,76.39030699067457
2045,WEO2021_NZE_2050,Global,Power,OilCap,price,$/MWh,76.39030699067457
2046,WEO2021_NZE_2050,Global,Power,OilCap,price,$/MWh,76.39030699067457
2047,WEO2021_NZE_2050,Global,Power,OilCap,price,$/MWh,76.39030699067457
2048,WEO2021_NZE_2050,Global,Power,OilCap,price,$/MWh,76.39030699067457
2049,WEO2021_NZE_2050,Global,Power,OilCap,price,$/MWh,76.39030699067457
2050,WEO2021_NZE_2050,Global,Power,OilCap,price,$/MWh,76.39030699067457
2022,WEO2021_NZE_2050,Global,Power,RenewablesCap,price,$/MWh,67.984934086629
2023,WEO2021_NZE_2050,Global,Power,RenewablesCap,price,$/MWh,70.82990246832054
2024,WEO2021_NZE_2050,Global,Power,RenewablesCap,price,$/MWh,73.92337712431647
2025,WEO2021_NZE_2050,Global,Power,RenewablesCap,price,$/MWh,77.2994053709388
2026,WEO2021_NZE_2050,Global,Power,RenewablesCap,price,$/MWh,80.99855183258437
2027,WEO2021_NZE_2050,Global,Power,RenewablesCap,price,$/MWh,85.06953624011463
2028,WEO2021_NZE_2050,Global,Power,RenewablesCap,price,$/MWh,89.57139126012069
2029,WEO2021_NZE_2050,Global,Power,RenewablesCap,price,$/MWh,94.57634375827772
2030,WEO2021_NZE_2050,Global,Power,RenewablesCap,price,$/MWh,100.1737192051962
2031,WEO2021_NZE_2050,Global,Power,RenewablesCap,price,$/MWh,101.46795330345456
2032,WEO2021_NZE_2050,Global,Power,RenewablesCap,price,$/MWh,102.7960678754893
2033,WEO2021_NZE_2050,Global,Power,RenewablesCap,price,$/MWh,104.15941095076104
2034,WEO2021_NZE_2050,Global,Power,RenewablesCap,price,$/MWh,105.55940303343256
2035,WEO2021_NZE_2050,Global,Power,RenewablesCap,price,$/MWh,106.99754203933762
2036,WEO2021_NZE_2050,Global,Power,RenewablesCap,price,$/MWh,108.47540864209093
2037,WEO2021_NZE_2050,Global,Power,RenewablesCap,price,$/MWh,109.99467206845073
2038,WEO2021_NZE_2050,Global,Power,RenewablesCap,price,$/MWh,111.55709638760484
2039,WEO2021_NZE_2050,Global,Power,RenewablesCap,price,$/MWh,113.1645473441986
2040,WEO2021_NZE_2050,Global,Power,RenewablesCap,price,$/MWh,114.8189997907512
2041,WEO2021_NZE_2050,Global,Power,RenewablesCap,price,$/MWh,116.5225457817119
2042,WEO2021_NZE_2050,Global,Power,RenewablesCap,price,$/MWh,118.27740339890636
2043,WEO2021_NZE_2050,Global,Power,RenewablesCap,price,$/MWh,120.0859263866572
2044,WEO2021_NZE_2050,Global,Power,RenewablesCap,price,$/MWh,121.95061468458668
2045,WEO2021_NZE_2050,Global,Power,RenewablesCap,price,$/MWh,123.87412595721422
2046,WEO2021_NZE_2050,Global,Power,RenewablesCap,price,$/MWh,125.85928823216958
2047,WEO2021_NZE_2050,Global,Power,RenewablesCap,price,$/MWh,127.90911377341013
2048,WEO2021_NZE_2050,Global,Power,RenewablesCap,price,$/MWh,130.0268143325725
2049,WEO2021_NZE_2050,Global,Power,RenewablesCap,price,$/MWh,132.215817940865
2050,WEO2021_NZE_2050,Global,Power,RenewablesCap,price,$/MWh,134.4797874261538
2022,WEO2021_SDS,Global,Power,CoalCap,price,$/MWh,155.36723163841808
2023,WEO2021_SDS,Global,Power,CoalCap,price,$/MWh,146.6986736500085
2024,WEO2021_SDS,Global,Power,CoalCap,price,$/MWh,138.94630471728445
2025,WEO2021_SDS,Global,Power,CoalCap,price,$/MWh,131.97216587047097
2026,WEO2021_SDS,Global,Power,CoalCap,price,$/MWh,125.66467264872053
2027,WEO2021_SDS,Global,Power,CoalCap,price,$/MWh,119.932599861235
2028,WEO2021_SDS,Global,Power,CoalCap,price,$/MWh,114.70064080688584
2029,WEO2021_SDS,Global,Power,CoalCap,price,$/MWh,109.90608025868804
2030,WEO2021_SDS,Global,Power,CoalCap,price,$/MWh,105.49626839645671
2031,WEO2021_SDS,Global,Power,CoalCap,price,$/MWh,104.30512957110764
2032,WEO2021_SDS,Global,Power,CoalCap,price,$/MWh,103.14058829345798
2033,WEO2021_SDS,Global,Power,CoalCap,price,$/MWh,102.00176353462244
2034,WEO2021_SDS,Global,Power,CoalCap,price,$/MWh,100.88781275221952
2035,WEO2021_SDS,Global,Power,CoalCap,price,$/MWh,99.79792981153862
2036,WEO2021_SDS,Global,Power,CoalCap,price,$/MWh,98.73134304001148
2037,WEO2021_SDS,Global,Power,CoalCap,price,$/MWh,97.6873134051214
2038,WEO2021_SDS,Global,Power,CoalCap,price,$/MWh,96.66513280670809
2039,WEO2021_SDS,Global,Power,CoalCap,price,$/MWh,95.66412247537636
2040,WEO2021_SDS,Global,Power,CoalCap,price,$/MWh,94.68363146939603
2041,WEO2021_SDS,Global,Power,CoalCap,price,$/MWh,93.72303526309835
2042,WEO2021_SDS,Global,Power,CoalCap,price,$/MWh,92.78173442033652
2043,WEO2021_SDS,Global,Power,CoalCap,price,$/MWh,91.85915334708945
2044,WEO2021_SDS,Global,Power,CoalCap,price,$/MWh,90.95473911775406
2045,WEO2021_SDS,Global,Power,CoalCap,price,$/MWh,90.06796037009744
2046,WEO2021_SDS,Global,Power,CoalCap,price,$/MWh,89.1983062642275
2047,WEO2021_SDS,Global,Power,CoalCap,price,$/MWh,88.34528550129743
2048,WEO2021_SDS,Global,Power,CoalCap,price,$/MWh,87.50842539798252
2049,WEO2021_SDS,Global,Power,CoalCap,price,$/MWh,86.68727101306612
2050,WEO2021_SDS,Global,Power,CoalCap,price,$/MWh,85.88138432274366
2022,WEO2021_SDS,Global,Power,GasCap,price,$/MWh,98.87005649717514
2023,WEO2021_SDS,Global,Power,GasCap,price,$/MWh,96.79585950772392
2024,WEO2021_SDS,Global,Power,GasCap,price,$/MWh,94.80690349044193
2025,WEO2021_SDS,Global,Power,GasCap,price,$/MWh,92.8980396617753
2026,WEO2021_SDS,Global,Power,GasCap,price,$/MWh,91.06452572108236
2027,WEO2021_SDS,Global,Power,GasCap,price,$/MWh,89.30198651357755
2028,WEO2021_SDS,Global,Power,GasCap,price,$/MWh,87.60637917471215
2029,WEO2021_SDS,Global,Power,GasCap,price,$/MWh,85.97396217145665
2030,WEO2021_SDS,Global,Power,GasCap,price,$/MWh,84.40126774149097
2031,WEO2021_SDS,Global,Power,GasCap,price,$/MWh,83.58579655558285
2032,WEO2021_SDS,Global,Power,GasCap,price,$/MWh,82.78593247371124
2033,WEO2021_SDS,Global,Power,GasCap,price,$/MWh,82.0012316919699
2034,WEO2021_SDS,Global,Power,GasCap,price,$/MWh,81.23126707514389
2035,WEO2021_SDS,Global,Power,GasCap,price,$/MWh,80.47562738142163
2036,WEO2021_SDS,Global,Power,GasCap,price,$/MWh,79.73391652997995
2037,WEO2021_SDS,Global,Power,GasCap,price,$/MWh,79.0057529087016
2038,WEO2021_SDS,Global,Power,GasCap,price,$/MWh,78.29076871948257
2039,WEO2021_SDS,Global,Power,GasCap,price,$/MWh,77.58860935876973
2040,WEO2021_SDS,Global,Power,GasCap,price,$/MWh,76.89893283113622
2041,WEO2021_SDS,Global,Power,GasCap,price,$/MWh,76.22140919385748
2042,WEO2021_SDS,Global,Power,GasCap,price,$/MWh,75.55572003059235
2043,WEO2021_SDS,Global,Power,GasCap,price,$/MWh,74.90155795240541
2044,WEO2021_SDS,Global,Power,GasCap,price,$/MWh,74.25862612448776
2045,WEO2021_SDS,Global,Power,GasCap,price,$/MWh,73.62663781704532
2046,WEO2021_SDS,Global,Power,GasCap,price,$/MWh,73.00531597892679
2047,WEO2021_SDS,Global,Power,GasCap,price,$/MWh,72.39439283265962
2048,WEO2021_SDS,Global,Power,GasCap,price,$/MWh,71.79360948965
2049,WEO2021_SDS,Global,Power,GasCap,price,$/MWh,71.2027155843854
2050,WEO2021_SDS,Global,Power,GasCap,price,$/MWh,70.62146892655367
2022,WEO2021_SDS,Global,Power,HydroCap,price,$/MWh,68.83239171374765
2023,WEO2021_SDS,Global,Power,HydroCap,price,$/MWh,71.47227037322376
2024,WEO2021_SDS,Global,Power,HydroCap,price,$/MWh,74.32271542503624
2025,WEO2021_SDS,Global,Power,HydroCap,price,$/MWh,77.40996668115312
2026,WEO2021_SDS,Global,Power,HydroCap,price,$/MWh,80.7648127491967
2027,WEO2021_SDS,Global,Power,HydroCap,price,$/MWh,84.42362138045225
2028,WEO2021_SDS,Global,Power,HydroCap,price,$/MWh,88.42966316827687
2029,WEO2021_SDS,Global,Power,HydroCap,price,$/MWh,92.8348308906818
2030,WEO2021_SDS,Global,Power,HydroCap,price,$/MWh,97.7018996946593
2031,WEO2021_SDS,Global,Power,HydroCap,price,$/MWh,98.85359202897747
2032,WEO2021_SDS,Global,Power,HydroCap,price,$/MWh,100.03276012475058
2033,WEO2021_SDS,Global,Power,HydroCap,price,$/MWh,101.24039907997896
2034,WEO2021_SDS,Global,Power,HydroCap,price,$/MWh,102.47755263289112
2035,WEO2021_SDS,Global,Power,HydroCap,price,$/MWh,103.7453161706176
2036,WEO2021_SDS,Global,Power,HydroCap,price,$/MWh,105.04483996398652
2037,WEO2021_SDS,Global,Power,HydroCap,price,$/MWh,106.37733264851911
2038,WEO2021_SDS,Global,Power,HydroCap,price,$/MWh,107.74406497376776
2039,WEO2021_SDS,Global,Power,HydroCap,price,$/MWh,109.14637384544368
2040,WEO2021_SDS,Global,Power,HydroCap,price,$/MWh,110.58566668736164
2041,WEO2021_SDS,Global,Power,HydroCap,price,$/MWh,112.06342615311702
2042,WEO2021_SDS,Global,Power,HydroCap,price,$/MWh,113.5812152206536
2043,WEO2021_SDS,Global,Power,HydroCap,price,$/MWh,115.14068270652068
2044,WEO2021_SDS,Global,Power,HydroCap,price,$/MWh,116.7435692407182
2045,WEO2021_SDS,Global,Power,HydroCap,price,$/MWh,118.39171374764598
2046,WEO2021_SDS,Global,Power,HydroCap,price,$/MWh,120.08706048388912
2047,WEO2021_SDS,Global,Power,HydroCap,price,$/MWh,121.8316666894662
2048,WEO2021_SDS,Global,Power,HydroCap,price,$/MWh,123.62771091584656
2049,WEO2021_SDS,Global,Power,HydroCap,price,$/MWh,125.4775021016198
2050,WEO2021_SDS,Global,Power,HydroCap,price,$/MWh,127.3834894753153
2022,WEO2021_SDS,Global,Power,NuclearCap,price,$/MWh,108.47457627118644
2023,WEO2021_SDS,Global,Power,NuclearCap,price,$/MWh,109.3287067930068
2024,WEO2021_SDS,Global,Power,NuclearCap,price,$/MWh,110.19639494215764
2025,WEO2021_SDS,Global,Power,NuclearCap,price,$/MWh,111.07796610169493
2026,WEO2021_SDS,Global,Power,NuclearCap,price,$/MWh,111.97375615090212
2027,WEO2021_SDS,Global,Power,NuclearCap,price,$/MWh,112.88411189196638
2028,WEO2021_SDS,Global,Power,NuclearCap,price,$/MWh,113.80939149763825
2029,WEO2021_SDS,Global,Power,NuclearCap,price,$/MWh,114.7499649810898
2030,WEO2021_SDS,Global,Power,NuclearCap,price,$/MWh,115.70621468926554
2031,WEO2021_SDS,Global,Power,NuclearCap,price,$/MWh,115.86714127436882
2032,WEO2021_SDS,Global,Power,NuclearCap,price,$/MWh,116.02851612294036
2033,WEO2021_SDS,Global,Power,NuclearCap,price,$/MWh,116.19034111055952
2034,WEO2021_SDS,Global,Power,NuclearCap,price,$/MWh,116.35261812328378
2035,WEO2021_SDS,Global,Power,NuclearCap,price,$/MWh,116.51534905772192
2036,WEO2021_SDS,Global,Power,NuclearCap,price,$/MWh,116.6785358211081
2037,WEO2021_SDS,Global,Power,NuclearCap,price,$/MWh,116.84218033137611
2038,WEO2021_SDS,Global,Power,NuclearCap,price,$/MWh,117.0062845172348
2039,WEO2021_SDS,Global,Power,NuclearCap,price,$/MWh,117.17085031824357
2040,WEO2021_SDS,Global,Power,NuclearCap,price,$/MWh,117.33587968488898
2041,WEO2021_SDS,Global,Power,NuclearCap,price,$/MWh,117.50137457866175
2042,WEO2021_SDS,Global,Power,NuclearCap,price,$/MWh,117.66733697213444
2043,WEO2021_SDS,Global,Power,NuclearCap,price,$/MWh,117.83376884903986
2044,WEO2021_SDS,Global,Power,NuclearCap,price,$/MWh,118.00067220435012
2045,WEO2021_SDS,Global,Power,NuclearCap,price,$/MWh,118.1680490443563
2046,WEO2021_SDS,Global,Power,NuclearCap,price,$/MWh,118.33590138674884
2047,WEO2021_SDS,Global,Power,NuclearCap,price,$/MWh,118.5042312606987
2048,WEO2021_SDS,Global,Power,NuclearCap,price,$/MWh,118.67304070693902
2049,WEO2021_SDS,Global,Power,NuclearCap,price,$/MWh,118.84233177784762
2050,WEO2021_SDS,Global,Power,NuclearCap,price,$/MWh,119.01210653753029
2022,WEO2021_SDS,Global,Power,OilCap,price,$/MWh,98.87005649717514
2023,WEO2021_SDS,Global,Power,OilCap,price,$/MWh,96.79585950772392
2024,WEO2021_SDS,Global,Power,OilCap,price,$/MWh,94.80690349044193
2025,WEO2021_SDS,Global,Power,OilCap,price,$/MWh,92.8980396617753
2026,WEO2021_SDS,Global,Power,OilCap,price,$/MWh,91.06452572108236
2027,WEO2021_SDS,Global,Power,OilCap,price,$/MWh,89.30198651357755
2028,WEO2021_SDS,Global,Power,OilCap,price,$/MWh,87.60637917471215
2029,WEO2021_SDS,Global,Power,OilCap,price,$/MWh,85.97396217145665
2030,WEO2021_SDS,Global,Power,OilCap,price,$/MWh,84.40126774149097
2031,WEO2021_SDS,Global,Power,OilCap,price,$/MWh,83.58579655558285
2032,WEO2021_SDS,Global,Power,OilCap,price,$/MWh,82.78593247371124
2033,WEO2021_SDS,Global,Power,OilCap,price,$/MWh,82.0012316919699
2034,WEO2021_SDS,Global,Power,OilCap,price,$/MWh,81.23126707514389
2035,WEO2021_SDS,Global,Power,OilCap,price,$/MWh,80.47562738142163
2036,WEO2021_SDS,Global,Power,OilCap,price,$/MWh,79.73391652997995
2037,WEO2021_SDS,Global,Power,OilCap,price,$/MWh,79.0057529087016
2038,WEO2021_SDS,Global,Power,OilCap,price,$/MWh,78.29076871948257
2039,WEO2021_SDS,Global,Power,OilCap,price,$/MWh,77.58860935876973
2040,WEO2021_SDS,Global,Power,OilCap,price,$/MWh,76.89893283113622
2041,WEO2021_SDS,Global,Power,OilCap,price,$/MWh,76.22140919385748
2042,WEO2021_SDS,Global,Power,OilCap,price,$/MWh,75.55572003059235
2043,WEO2021_SDS,Global,Power,OilCap,price,$/MWh,74.90155795240541
2044,WEO2021_SDS,Global,Power,OilCap,price,$/MWh,74.25862612448776
2045,WEO2021_SDS,Global,Power,OilCap,price,$/MWh,73.62663781704532
2046,WEO2021_SDS,Global,Power,OilCap,price,$/MWh,73.00531597892679
2047,WEO2021_SDS,Global,Power,OilCap,price,$/MWh,72.39439283265962
2048,WEO2021_SDS,Global,Power,OilCap,price,$/MWh,71.79360948965
2049,WEO2021_SDS,Global,Power,OilCap,price,$/MWh,71.2027155843854
2050,WEO2021_SDS,Global,Power,OilCap,price,$/MWh,70.62146892655367
2022,WEO2021_SDS,Global,Power,RenewablesCap,price,$/MWh,68.83239171374765
2023,WEO2021_SDS,Global,Power,RenewablesCap,price,$/MWh,71.47227037322376
2024,WEO2021_SDS,Global,Power,RenewablesCap,price,$/MWh,74.32271542503624
2025,WEO2021_SDS,Global,Power,RenewablesCap,price,$/MWh,77.40996668115312
2026,WEO2021_SDS,Global,Power,RenewablesCap,price,$/MWh,80.7648127491967
2027,WEO2021_SDS,Global,Power,RenewablesCap,price,$/MWh,84.42362138045225
2028,WEO2021_SDS,Global,Power,RenewablesCap,price,$/MWh,88.42966316827687
2029,WEO2021_SDS,Global,Power,RenewablesCap,price,$/MWh,92.8348308906818
2030,WEO2021_SDS,Global,Power,RenewablesCap,price,$/MWh,97.7018996946593
2031,WEO2021_SDS,Global,Power,RenewablesCap,price,$/MWh,98.85359202897747
2032,WEO2021_SDS,Global,Power,RenewablesCap,price,$/MWh,100.03276012475058
2033,WEO2021_SDS,Global,Power,RenewablesCap,price,$/MWh,101.24039907997896
2034,WEO2021_SDS,Global,Power,RenewablesCap,price,$/MWh,102.47755263289112
2035,WEO2021_SDS,Global,Power,RenewablesCap,price,$/MWh,103.7453161706176
2036,WEO2021_SDS,Global,Power,RenewablesCap,price,$/MWh,105.04483996398652
2037,WEO2021_SDS,Global,Power,RenewablesCap,price,$/MWh,106.37733264851911
2038,WEO2021_SDS,Global,Power,RenewablesCap,price,$/MWh,107.74406497376776
2039,WEO2021_SDS,Global,Power,RenewablesCap,price,$/MWh,109.14637384544368
2040,WEO2021_SDS,Global,Power,RenewablesCap,price,$/MWh,110.58566668736164
2041,WEO2021_SDS,Global,Power,RenewablesCap,price,$/MWh,112.06342615311702
2042,WEO2021_SDS,Global,Power,RenewablesCap,price,$/MWh,113.5812152206536
2043,WEO2021_SDS,Global,Power,RenewablesCap,price,$/MWh,115.14068270652068
2044,WEO2021_SDS,Global,Power,RenewablesCap,price,$/MWh,116.7435692407182
2045,WEO2021_SDS,Global,Power,RenewablesCap,price,$/MWh,118.39171374764598
2046,WEO2021_SDS,Global,Power,RenewablesCap,price,$/MWh,120.08706048388912
2047,WEO2021_SDS,Global,Power,RenewablesCap,price,$/MWh,121.8316666894662
2048,WEO2021_SDS,Global,Power,RenewablesCap,price,$/MWh,123.62771091584656
2049,WEO2021_SDS,Global,Power,RenewablesCap,price,$/MWh,125.4775021016198
2050,WEO2021_SDS,Global,Power,RenewablesCap,price,$/MWh,127.3834894753153
2022,WEO2021_STEPS,Global,Power,CoalCap,price,$/MWh,103.38983050847456
2023,WEO2021_STEPS,Global,Power,CoalCap,price,$/MWh,102.5492627807634
2024,WEO2021_STEPS,Global,Power,CoalCap,price,$/MWh,101.72225259704756
2025,WEO2021_STEPS,Global,Power,CoalCap,price,$/MWh,100.9084745762712
2026,WEO2021_STEPS,Global,Power,CoalCap,price,$/MWh,100.1076136669357
2027,WEO2021_STEPS,Global,Power,CoalCap,price,$/MWh,99.3193647404244
2028,WEO2021_STEPS,Global,Power,CoalCap,price,$/MWh,98.54343220338984
2029,WEO2021_STEPS,Global,Power,CoalCap,price,$/MWh,97.77952962816975
2030,WEO2021_STEPS,Global,Power,CoalCap,price,$/MWh,97.02737940026076
2031,WEO2021_STEPS,Global,Power,CoalCap,price,$/MWh,96.6556269887655
2032,WEO2021_STEPS,Global,Power,CoalCap,price,$/MWh,96.28671238193816
2033,WEO2021_STEPS,Global,Power,CoalCap,price,$/MWh,95.92060320938326
2034,WEO2021_STEPS,Global,Power,CoalCap,price,$/MWh,95.5572675911659
2035,WEO2021_STEPS,Global,Power,CoalCap,price,$/MWh,95.19667412855772
2036,WEO2021_STEPS,Global,Power,CoalCap,price,$/MWh,94.83879189499172
2037,WEO2021_STEPS,Global,Power,CoalCap,price,$/MWh,94.4835904272202
2038,WEO2021_STEPS,Global,Power,CoalCap,price,$/MWh,94.13103971667088
2039,WEO2021_STEPS,Global,Power,CoalCap,price,$/MWh,93.78111020099551
2040,WEO2021_STEPS,Global,Power,CoalCap,price,$/MWh,93.43377275580664
2041,WEO2021_STEPS,Global,Power,CoalCap,price,$/MWh,93.08899868659704
2042,WEO2021_STEPS,Global,Power,CoalCap,price,$/MWh,92.74675972083747
2043,WEO2021_STEPS,Global,Power,CoalCap,price,$/MWh,92.40702800024836
2044,WEO2021_STEPS,Global,Power,CoalCap,price,$/MWh,92.06977607324012
2045,WEO2021_STEPS,Global,Power,CoalCap,price,$/MWh,91.73497688751928
2046,WEO2021_STEPS,Global,Power,CoalCap,price,$/MWh,91.40260378285434
2047,WEO2021_STEPS,Global,Power,CoalCap,price,$/MWh,91.07263048399926
2048,WEO2021_STEPS,Global,Power,CoalCap,price,$/MWh,90.74503109376904
2049,WEO2021_STEPS,Global,Power,CoalCap,price,$/MWh,90.41978008626452
2050,WEO2021_STEPS,Global,Power,CoalCap,price,$/MWh,90.09685230024212
2022,WEO2021_STEPS,Global,Power,GasCap,price,$/MWh,102.54237288135592
2023,WEO2021_STEPS,Global,Power,GasCap,price,$/MWh,100.73851517167036
2024,WEO2021_STEPS,Global,Power,GasCap,price,$/MWh,98.9970248827984
2025,WEO2021_STEPS,Global,Power,GasCap,price,$/MWh,97.31472249916916
2026,WEO2021_STEPS,Global,Power,GasCap,price,$/MWh,95.68864101782056
2027,WEO2021_STEPS,Global,Power,GasCap,price,$/MWh,94.11600848529002
2028,WEO2021_STEPS,Global,Power,GasCap,price,$/MWh,92.59423222868708
2029,WEO2021_STEPS,Global,Power,GasCap,price,$/MWh,91.1208845922453
2030,WEO2021_STEPS,Global,Power,GasCap,price,$/MWh,89.69369001429446
2031,WEO2021_STEPS,Global,Power,GasCap,price,$/MWh,89.15660205013701
2032,WEO2021_STEPS,Global,Power,GasCap,price,$/MWh,88.62590799031477
2033,WEO2021_STEPS,Global,Power,GasCap,price,$/MWh,88.10149433356735
2034,WEO2021_STEPS,Global,Power,GasCap,price,$/MWh,87.58325024925225
2035,WEO2021_STEPS,Global,Power,GasCap,price,$/MWh,87.07106749925661
2036,WEO2021_STEPS,Global,Power,GasCap,price,$/MWh,86.56484036263302
2037,WEO2021_STEPS,Global,Power,GasCap,price,$/MWh,86.06446556284902
2038,WEO2021_STEPS,Global,Power,GasCap,price,$/MWh,85.5698421975453
2039,WEO2021_STEPS,Global,Power,GasCap,price,$/MWh,85.08087167070218
2040,WEO2021_STEPS,Global,Power,GasCap,price,$/MWh,84.59745762711864
2041,WEO2021_STEPS,Global,Power,GasCap,price,$/MWh,84.11950588911232
2042,WEO2021_STEPS,Global,Power,GasCap,price,$/MWh,83.64692439535327
2043,WEO2021_STEPS,Global,Power,GasCap,price,$/MWh,83.17962314174794
2044,WEO2021_STEPS,Global,Power,GasCap,price,$/MWh,82.71751412429379
2045,WEO2021_STEPS,Global,Power,GasCap,price,$/MWh,82.26051128382807
2046,WEO2021_STEPS,Global,Power,GasCap,price,$/MWh,81.80853045259825
2047,WEO2021_STEPS,Global,Power,GasCap,price,$/MWh,81.36148930258405
2048,WEO2021_STEPS,Global,Power,GasCap,price,$/MWh,80.9193072955048
2049,WEO2021_STEPS,Global,Power,GasCap,price,$/MWh,80.481905634448
2050,WEO2021_STEPS,Global,Power,GasCap,price,$/MWh,80.0492072170585
2022,WEO2021_STEPS,Global,Power,HydroCap,price,$/MWh,69.02071563088512
2023,WEO2021_STEPS,Global,Power,HydroCap,price,$/MWh,71.55895977006901
2024,WEO2021_STEPS,Global,Power,HydroCap,price,$/MWh,74.29101990813334
2025,WEO2021_STEPS,Global,Power,HydroCap,price,$/MWh,77.23997642357068
2026,WEO2021_STEPS,Global,Power,HydroCap,price,$/MWh,80.43272584648456
2027,WEO2021_STEPS,Global,Power,HydroCap,price,$/MWh,83.90080357784213
2028,WEO2021_STEPS,Global,Power,HydroCap,price,$/MWh,87.68142904235494
2029,WEO2021_STEPS,Global,Power,HydroCap,price,$/MWh,91.81884674671286
2030,WEO2021_STEPS,Global,Power,HydroCap,price,$/MWh,96.36606582369294
2031,WEO2021_STEPS,Global,Power,HydroCap,price,$/MWh,97.2926626104592
2032,WEO2021_STEPS,Global,Power,HydroCap,price,$/MWh,98.23725156784232
2033,WEO2021_STEPS,Global,Power,HydroCap,price,$/MWh,99.20036187733096
2034,WEO2021_STEPS,Global,Power,HydroCap,price,$/MWh,100.18254367809662
2035,WEO2021_STEPS,Global,Power,HydroCap,price,$/MWh,101.1843691148776
2036,WEO2021_STEPS,Global,Power,HydroCap,price,$/MWh,102.2064334493713
2037,WEO2021_STEPS,Global,Power,HydroCap,price,$/MWh,103.249356239671
2038,WEO2021_STEPS,Global,Power,HydroCap,price,$/MWh,104.31378259265732
2039,WEO2021_STEPS,Global,Power,HydroCap,price,$/MWh,105.40038449466417
2040,WEO2021_STEPS,Global,Power,HydroCap,price,$/MWh,106.50986222618694
2041,WEO2021_STEPS,Global,Power,HydroCap,price,$/MWh,107.64294586689104
2042,WEO2021_STEPS,Global,Power,HydroCap,price,$/MWh,108.80039689771785
2043,WEO2021_STEPS,Global,Power,HydroCap,price,$/MWh,109.98300990747566
2044,WEO2021_STEPS,Global,Power,HydroCap,price,$/MWh,111.1916144119534
2045,WEO2021_STEPS,Global,Power,HydroCap,price,$/MWh,112.42707679430843
2046,WEO2021_STEPS,Global,Power,HydroCap,price,$/MWh,113.69030237626696
2047,WEO2021_STEPS,Global,Power,HydroCap,price,$/MWh,114.98223763054273
2048,WEO2021_STEPS,Global,Power,HydroCap,price,$/MWh,116.3038725458363
2049,WEO2021_STEPS,Global,Power,HydroCap,price,$/MWh,117.65624315683442
2050,WEO2021_STEPS,Global,Power,HydroCap,price,$/MWh,119.04043425279716
2022,WEO2021_STEPS,Global,Power,NuclearCap,price,$/MWh,108.47457627118644
2023,WEO2021_STEPS,Global,Power,NuclearCap,price,$/MWh,109.3287067930068
2024,WEO2021_STEPS,Global,Power,NuclearCap,price,$/MWh,110.19639494215764
2025,WEO2021_STEPS,Global,Power,NuclearCap,price,$/MWh,111.07796610169493
2026,WEO2021_STEPS,Global,Power,NuclearCap,price,$/MWh,111.97375615090212
2027,WEO2021_STEPS,Global,Power,NuclearCap,price,$/MWh,112.88411189196638
2028,WEO2021_STEPS,Global,Power,NuclearCap,price,$/MWh,113.80939149763825
2029,WEO2021_STEPS,Global,Power,NuclearCap,price,$/MWh,114.7499649810898
2030,WEO2021_STEPS,Global,Power,NuclearCap,price,$/MWh,115.70621468926554
2031,WEO2021_STEPS,Global,Power,NuclearCap,price,$/MWh,116.10937223173684
2032,WEO2021_STEPS,Global,Power,NuclearCap,price,$/MWh,116.51534905772192
2033,WEO2021_STEPS,Global,Power,NuclearCap,price,$/MWh,116.92417484388938
2034,WEO2021_STEPS,Global,Power,NuclearCap,price,$/MWh,117.33587968488898
2035,WEO2021_STEPS,Global,Power,NuclearCap,price,$/MWh,117.75049410073665
2036,WEO2021_STEPS,Global,Power,NuclearCap,price,$/MWh,118.1680490443563
2037,WEO2021_STEPS,Global,Power,NuclearCap,price,$/MWh,118.58857590928282
2038,WEO2021_STEPS,Global,Power,NuclearCap,price,$/MWh,119.01210653753029
2039,WEO2021_STEPS,Global,Power,NuclearCap,price,$/MWh,119.43867322762894
2040,WEO2021_STEPS,Global,Power,NuclearCap,price,$/MWh,119.86830874283623
2041,WEO2021_STEPS,Global,Power,NuclearCap,price,$/MWh,120.30104631952516
2042,WEO2021_STEPS,Global,Power,NuclearCap,price,$/MWh,120.73691967575536
2043,WEO2021_STEPS,Global,Power,NuclearCap,price,$/MWh,121.17596302003082
2044,WEO2021_STEPS,Global,Power,NuclearCap,price,$/MWh,121.61821106024992
2045,WEO2021_STEPS,Global,Power,NuclearCap,price,$/MWh,122.06369901285154
2046,WEO2021_STEPS,Global,Power,NuclearCap,price,$/MWh,122.5124626121635
2047,WEO2021_STEPS,Global,Power,NuclearCap,price,$/MWh,122.96453811995748
2048,WEO2021_STEPS,Global,Power,NuclearCap,price,$/MWh,123.41996233521655
2049,WEO2021_STEPS,Global,Power,NuclearCap,price,$/MWh,123.87877260412073
2050,WEO2021_STEPS,Global,Power,NuclearCap,price,$/MWh,124.34100683025552
2022,WEO2021_STEPS,Global,Power,OilCap,price,$/MWh,102.54237288135592
2023,WEO2021_STEPS,Global,Power,OilCap,price,$/MWh,100.73851517167036
2024,WEO2021_STEPS,Global,Power,OilCap,price,$/MWh,98.9970248827984
2025,WEO2021_STEPS,Global,Power,OilCap,price,$/MWh,97.31472249916916
2026,WEO2021_STEPS,Global,Power,OilCap,price,$/MWh,95.68864101782056
2027,WEO2021_STEPS,Global,Power,OilCap,price,$/MWh,94.11600848529002
2028,WEO2021_STEPS,Global,Power,OilCap,price,$/MWh,92.59423222868708
2029,WEO2021_STEPS,Global,Power,OilCap,price,$/MWh,91.1208845922453
2030,WEO2021_STEPS,Global,Power,OilCap,price,$/MWh,89.69369001429446
2031,WEO2021_STEPS,Global,Power,OilCap,price,$/MWh,89.15660205013701
2032,WEO2021_STEPS,Global,Power,OilCap,price,$/MWh,88.62590799031477
2033,WEO2021_STEPS,Global,Power,OilCap,price,$/MWh,88.10149433356735
2034,WEO2021_STEPS,Global,Power,OilCap,price,$/MWh,87.58325024925225
2035,WEO2021_STEPS,Global,Power,OilCap,price,$/MWh,87.07106749925661
2036,WEO2021_STEPS,Global,Power,OilCap,price,$/MWh,86.56484036263302
2037,WEO2021_STEPS,Global,Power,OilCap,price,$/MWh,86.06446556284902
2038,WEO2021_STEPS,Global,Power,OilCap,price,$/MWh,85.5698421975453
2039,WEO2021_STEPS,Global,Power,OilCap,price,$/MWh,85.08087167070218
2040,WEO2021_STEPS,Global,Power,OilCap,price,$/MWh,84.59745762711864
2041,WEO2021_STEPS,Global,Power,OilCap,price,$/MWh,84.11950588911232
2042,WEO2021_STEPS,Global,Power,OilCap,price,$/MWh,83.64692439535327
2043,WEO2021_STEPS,Global,Power,OilCap,price,$/MWh,83.17962314174794
2044,WEO2021_STEPS,Global,Power,OilCap,price,$/MWh,82.71751412429379
2045,WEO2021_STEPS,Global,Power,OilCap,price,$/MWh,82.26051128382807
2046,WEO2021_STEPS,Global,Power,OilCap,price,$/MWh,81.80853045259825
2047,WEO2021_STEPS,Global,Power,OilCap,price,$/MWh,81.36148930258405
2048,WEO2021_STEPS,Global,Power,OilCap,price,$/MWh,80.9193072955048
2049,WEO2021_STEPS,Global,Power,OilCap,price,$/MWh,80.481905634448
2050,WEO2021_STEPS,Global,Power,OilCap,price,$/MWh,80.0492072170585
2022,WEO2021_STEPS,Global,Power,RenewablesCap,price,$/MWh,69.02071563088512
2023,WEO2021_STEPS,Global,Power,RenewablesCap,price,$/MWh,71.55895977006901
2024,WEO2021_STEPS,Global,Power,RenewablesCap,price,$/MWh,74.29101990813334
2025,WEO2021_STEPS,Global,Power,RenewablesCap,price,$/MWh,77.23997642357068
2026,WEO2021_STEPS,Global,Power,RenewablesCap,price,$/MWh,80.43272584648456
2027,WEO2021_STEPS,Global,Power,RenewablesCap,price,$/MWh,83.90080357784213
2028,WEO2021_STEPS,Global,Power,RenewablesCap,price,$/MWh,87.68142904235494
2029,WEO2021_STEPS,Global,Power,RenewablesCap,price,$/MWh,91.81884674671286
2030,WEO2021_STEPS,Global,Power,RenewablesCap,price,$/MWh,96.36606582369294
2031,WEO2021_STEPS,Global,Power,RenewablesCap,price,$/MWh,97.2926626104592
2032,WEO2021_STEPS,Global,Power,RenewablesCap,price,$/MWh,98.23725156784232
2033,WEO2021_STEPS,Global,Power,RenewablesCap,price,$/MWh,99.20036187733096
2034,WEO2021_STEPS,Global,Power,RenewablesCap,price,$/MWh,100.18254367809662
2035,WEO2021_STEPS,Global,Power,RenewablesCap,price,$/MWh,101.1843691148776
2036,WEO2021_STEPS,Global,Power,RenewablesCap,price,$/MWh,102.2064334493713
2037,WEO2021_STEPS,Global,Power,RenewablesCap,price,$/MWh,103.249356239671
2038,WEO2021_STEPS,Global,Power,RenewablesCap,price,$/MWh,104.31378259265732
2039,WEO2021_STEPS,Global,Power,RenewablesCap,price,$/MWh,105.40038449466417
2040,WEO2021_STEPS,Global,Power,RenewablesCap,price,$/MWh,106.50986222618694
2041,WEO2021_STEPS,Global,Power,RenewablesCap,price,$/MWh,107.64294586689104
2042,WEO2021_STEPS,Global,Power,RenewablesCap,price,$/MWh,108.80039689771785
2043,WEO2021_STEPS,Global,Power,RenewablesCap,price,$/MWh,109.98300990747566
2044,WEO2021_STEPS,Global,Power,RenewablesCap,price,$/MWh,111.1916144119534
2045,WEO2021_STEPS,Global,Power,RenewablesCap,price,$/MWh,112.42707679430843
2046,WEO2021_STEPS,Global,Power,RenewablesCap,price,$/MWh,113.69030237626696
2047,WEO2021_STEPS,Global,Power,RenewablesCap,price,$/MWh,114.98223763054273
2048,WEO2021_STEPS,Global,Power,RenewablesCap,price,$/MWh,116.3038725458363
2049,WEO2021_STEPS,Global,Power,RenewablesCap,price,$/MWh,117.65624315683442
2050,WEO2021_STEPS,Global,Power,RenewablesCap,price,$/MWh,119.04043425279716
2022,WEO2021_APS,Global,Coal,Coal,price,usd/tonne,62.25
2023,WEO2021_APS,Global,Coal,Coal,price,usd/tonne,62
2024,WEO2021_APS,Global,Coal,Coal,price,usd/tonne,61.75
2025,WEO2021_APS,Global,Coal,Coal,price,usd/tonne,61.5
2026,WEO2021_APS,Global,Coal,Coal,price,usd/tonne,61.25
2027,WEO2021_APS,Global,Coal,Coal,price,usd/tonne,61
2028,WEO2021_APS,Global,Coal,Coal,price,usd/tonne,60.75
2029,WEO2021_APS,Global,Coal,Coal,price,usd/tonne,60.5
2030,WEO2021_APS,Global,Coal,Coal,price,usd/tonne,60.25
2031,WEO2021_APS,Global,Coal,Coal,price,usd/tonne,59.85
2032,WEO2021_APS,Global,Coal,Coal,price,usd/tonne,59.45
2033,WEO2021_APS,Global,Coal,Coal,price,usd/tonne,59.05
2034,WEO2021_APS,Global,Coal,Coal,price,usd/tonne,58.65
2035,WEO2021_APS,Global,Coal,Coal,price,usd/tonne,58.25
2036,WEO2021_APS,Global,Coal,Coal,price,usd/tonne,57.85
2037,WEO2021_APS,Global,Coal,Coal,price,usd/tonne,57.45
2038,WEO2021_APS,Global,Coal,Coal,price,usd/tonne,57.05
2039,WEO2021_APS,Global,Coal,Coal,price,usd/tonne,56.65
2040,WEO2021_APS,Global,Coal,Coal,price,usd/tonne,56.25
2041,WEO2021_APS,Global,Coal,Coal,price,usd/tonne,55.85
2042,WEO2021_APS,Global,Coal,Coal,price,usd/tonne,55.45
2043,WEO2021_APS,Global,Coal,Coal,price,usd/tonne,55.05
2044,WEO2021_APS,Global,Coal,Coal,price,usd/tonne,54.65
2045,WEO2021_APS,Global,Coal,Coal,price,usd/tonne,54.25
2046,WEO2021_APS,Global,Coal,Coal,price,usd/tonne,53.85
2047,WEO2021_APS,Global,Coal,Coal,price,usd/tonne,53.45
2048,WEO2021_APS,Global,Coal,Coal,price,usd/tonne,53.05
2049,WEO2021_APS,Global,Coal,Coal,price,usd/tonne,52.65
2050,WEO2021_APS,Global,Coal,Coal,price,usd/tonne,52.25
2022,WEO2021_APS,Global,Oil&Gas,Gas,price,GJ,5.0850388504095
2023,WEO2021_APS,Global,Oil&Gas,Gas,price,GJ,5.21062461884925
2024,WEO2021_APS,Global,Oil&Gas,Gas,price,GJ,5.336210387289
2025,WEO2021_APS,Global,Oil&Gas,Gas,price,GJ,5.46179615572875
2026,WEO2021_APS,Global,Oil&Gas,Gas,price,GJ,5.5873819241685
2027,WEO2021_APS,Global,Oil&Gas,Gas,price,GJ,5.71296769260825
2028,WEO2021_APS,Global,Oil&Gas,Gas,price,GJ,5.838553461048
2029,WEO2021_APS,Global,Oil&Gas,Gas,price,GJ,5.96413922948775
2030,WEO2021_APS,Global,Oil&Gas,Gas,price,GJ,6.0897249979275
2031,WEO2021_APS,Global,Oil&Gas,Gas,price,GJ,6.0624752557188755
2032,WEO2021_APS,Global,Oil&Gas,Gas,price,GJ,6.03522551351025
2033,WEO2021_APS,Global,Oil&Gas,Gas,price,GJ,6.007975771301625
2034,WEO2021_APS,Global,Oil&Gas,Gas,price,GJ,5.980726029093
2035,WEO2021_APS,Global,Oil&Gas,Gas,price,GJ,5.953476286884375
2036,WEO2021_APS,Global,Oil&Gas,Gas,price,GJ,5.9262265446757505
2037,WEO2021_APS,Global,Oil&Gas,Gas,price,GJ,5.898976802467125
2038,WEO2021_APS,Global,Oil&Gas,Gas,price,GJ,5.8717270602585
2039,WEO2021_APS,Global,Oil&Gas,Gas,price,GJ,5.844477318049875
2040,WEO2021_APS,Global,Oil&Gas,Gas,price,GJ,5.81722757584125
2041,WEO2021_APS,Global,Oil&Gas,Gas,price,GJ,5.7899778336326255
2042,WEO2021_APS,Global,Oil&Gas,Gas,price,GJ,5.762728091424
2043,WEO2021_APS,Global,Oil&Gas,Gas,price,GJ,5.735478349215375
2044,WEO2021_APS,Global,Oil&Gas,Gas,price,GJ,5.70822860700675
2045,WEO2021_APS,Global,Oil&Gas,Gas,price,GJ,5.680978864798125
2046,WEO2021_APS,Global,Oil&Gas,Gas,price,GJ,5.6537291225895006
2047,WEO2021_APS,Global,Oil&Gas,Gas,price,GJ,5.626479380380875
2048,WEO2021_APS,Global,Oil&Gas,Gas,price,GJ,5.59922963817225
2049,WEO2021_APS,Global,Oil&Gas,Gas,price,GJ,5.571979895963625
2050,WEO2021_APS,Global,Oil&Gas,Gas,price,GJ,5.544730153755
2022,WEO2021_APS,Global,Oil&Gas,Oil,price,GJ,7.52
2023,WEO2021_APS,Global,Oil&Gas,Oil,price,GJ,7.92
2024,WEO2021_APS,Global,Oil&Gas,Oil,price,GJ,8.32
2025,WEO2021_APS,Global,Oil&Gas,Oil,price,GJ,8.72
2026,WEO2021_APS,Global,Oil&Gas,Oil,price,GJ,9.12
2027,WEO2021_APS,Global,Oil&Gas,Oil,price,GJ,9.52
2028,WEO2021_APS,Global,Oil&Gas,Oil,price,GJ,9.920000000000002
2029,WEO2021_APS,Global,Oil&Gas,Oil,price,GJ,10.32
2030,WEO2021_APS,Global,Oil&Gas,Oil,price,GJ,10.72
2031,WEO2021_APS,Global,Oil&Gas,Oil,price,GJ,10.696000000000002
2032,WEO2021_APS,Global,Oil&Gas,Oil,price,GJ,10.672
2033,WEO2021_APS,Global,Oil&Gas,Oil,price,GJ,10.648
2034,WEO2021_APS,Global,Oil&Gas,Oil,price,GJ,10.624
2035,WEO2021_APS,Global,Oil&Gas,Oil,price,GJ,10.6
2036,WEO2021_APS,Global,Oil&Gas,Oil,price,GJ,10.576
2037,WEO2021_APS,Global,Oil&Gas,Oil,price,GJ,10.552
2038,WEO2021_APS,Global,Oil&Gas,Oil,price,GJ,10.528
2039,WEO2021_APS,Global,Oil&Gas,Oil,price,GJ,10.504
2040,WEO2021_APS,Global,Oil&Gas,Oil,price,GJ,10.48
2041,WEO2021_APS,Global,Oil&Gas,Oil,price,GJ,10.456
2042,WEO2021_APS,Global,Oil&Gas,Oil,price,GJ,10.432
2043,WEO2021_APS,Global,Oil&Gas,Oil,price,GJ,10.408
2044,WEO2021_APS,Global,Oil&Gas,Oil,price,GJ,10.384
2045,WEO2021_APS,Global,Oil&Gas,Oil,price,GJ,10.36
2046,WEO2021_APS,Global,Oil&Gas,Oil,price,GJ,10.336
2047,WEO2021_APS,Global,Oil&Gas,Oil,price,GJ,10.312
2048,WEO2021_APS,Global,Oil&Gas,Oil,price,GJ,10.288
2049,WEO2021_APS,Global,Oil&Gas,Oil,price,GJ,10.264
2050,WEO2021_APS,Global,Oil&Gas,Oil,price,GJ,10.24
2022,WEO2021_NZE_2050,Global,Coal,Coal,price,usd/tonne,59.95
2023,WEO2021_NZE_2050,Global,Coal,Coal,price,usd/tonne,58.55
2024,WEO2021_NZE_2050,Global,Coal,Coal,price,usd/tonne,57.15
2025,WEO2021_NZE_2050,Global,Coal,Coal,price,usd/tonne,55.75
2026,WEO2021_NZE_2050,Global,Coal,Coal,price,usd/tonne,54.35
2027,WEO2021_NZE_2050,Global,Coal,Coal,price,usd/tonne,52.95
2028,WEO2021_NZE_2050,Global,Coal,Coal,price,usd/tonne,51.55
2029,WEO2021_NZE_2050,Global,Coal,Coal,price,usd/tonne,50.15
2030,WEO2021_NZE_2050,Global,Coal,Coal,price,usd/tonne,48.75
2031,WEO2021_NZE_2050,Global,Coal,Coal,price,usd/tonne,48.4
2032,WEO2021_NZE_2050,Global,Coal,Coal,price,usd/tonne,48.05
2033,WEO2021_NZE_2050,Global,Coal,Coal,price,usd/tonne,47.7
2034,WEO2021_NZE_2050,Global,Coal,Coal,price,usd/tonne,47.35
2035,WEO2021_NZE_2050,Global,Coal,Coal,price,usd/tonne,47
2036,WEO2021_NZE_2050,Global,Coal,Coal,price,usd/tonne,46.65
2037,WEO2021_NZE_2050,Global,Coal,Coal,price,usd/tonne,46.3
2038,WEO2021_NZE_2050,Global,Coal,Coal,price,usd/tonne,45.95
2039,WEO2021_NZE_2050,Global,Coal,Coal,price,usd/tonne,45.6
2040,WEO2021_NZE_2050,Global,Coal,Coal,price,usd/tonne,45.25
2041,WEO2021_NZE_2050,Global,Coal,Coal,price,usd/tonne,44.9
2042,WEO2021_NZE_2050,Global,Coal,Coal,price,usd/tonne,44.55
2043,WEO2021_NZE_2050,Global,Coal,Coal,price,usd/tonne,44.2
2044,WEO2021_NZE_2050,Global,Coal,Coal,price,usd/tonne,43.85
2045,WEO2021_NZE_2050,Global,Coal,Coal,price,usd/tonne,43.5
2046,WEO2021_NZE_2050,Global,Coal,Coal,price,usd/tonne,43.15
2047,WEO2021_NZE_2050,Global,Coal,Coal,price,usd/tonne,42.8
2048,WEO2021_NZE_2050,Global,Coal,Coal,price,usd/tonne,42.45
2049,WEO2021_NZE_2050,Global,Coal,Coal,price,usd/tonne,42.1
2050,WEO2021_NZE_2050,Global,Coal,Coal,price,usd/tonne,41.75
2022,WEO2021_NZE_2050,Global,Oil&Gas,Gas,price,GJ,4.6016521190565
2023,WEO2021_NZE_2050,Global,Oil&Gas,Gas,price,GJ,4.48554452181975
2024,WEO2021_NZE_2050,Global,Oil&Gas,Gas,price,GJ,4.369436924583
2025,WEO2021_NZE_2050,Global,Oil&Gas,Gas,price,GJ,4.2533293273462505
2026,WEO2021_NZE_2050,Global,Oil&Gas,Gas,price,GJ,4.1372217301095
2027,WEO2021_NZE_2050,Global,Oil&Gas,Gas,price,GJ,4.02111413287275
2028,WEO2021_NZE_2050,Global,Oil&Gas,Gas,price,GJ,3.905006535636
2029,WEO2021_NZE_2050,Global,Oil&Gas,Gas,price,GJ,3.7888989383992504
2030,WEO2021_NZE_2050,Global,Oil&Gas,Gas,price,GJ,3.6727913411625
2031,WEO2021_NZE_2050,Global,Oil&Gas,Gas,price,GJ,3.6609436271587503
2032,WEO2021_NZE_2050,Global,Oil&Gas,Gas,price,GJ,3.649095913155
2033,WEO2021_NZE_2050,Global,Oil&Gas,Gas,price,GJ,3.63724819915125
2034,WEO2021_NZE_2050,Global,Oil&Gas,Gas,price,GJ,3.625400485147501
2035,WEO2021_NZE_2050,Global,Oil&Gas,Gas,price,GJ,3.61355277114375
2036,WEO2021_NZE_2050,Global,Oil&Gas,Gas,price,GJ,3.6017050571400002
2037,WEO2021_NZE_2050,Global,Oil&Gas,Gas,price,GJ,3.5898573431362504
2038,WEO2021_NZE_2050,Global,Oil&Gas,Gas,price,GJ,3.5780096291325
2039,WEO2021_NZE_2050,Global,Oil&Gas,Gas,price,GJ,3.5661619151287502
2040,WEO2021_NZE_2050,Global,Oil&Gas,Gas,price,GJ,3.554314201125
2041,WEO2021_NZE_2050,Global,Oil&Gas,Gas,price,GJ,3.54246648712125
2042,WEO2021_NZE_2050,Global,Oil&Gas,Gas,price,GJ,3.5306187731175003
2043,WEO2021_NZE_2050,Global,Oil&Gas,Gas,price,GJ,3.51877105911375
2044,WEO2021_NZE_2050,Global,Oil&Gas,Gas,price,GJ,3.50692334511
2045,WEO2021_NZE_2050,Global,Oil&Gas,Gas,price,GJ,3.4950756311062503
2046,WEO2021_NZE_2050,Global,Oil&Gas,Gas,price,GJ,3.4832279171025
2047,WEO2021_NZE_2050,Global,Oil&Gas,Gas,price,GJ,3.47138020309875
2048,WEO2021_NZE_2050,Global,Oil&Gas,Gas,price,GJ,3.4595324890950003
2049,WEO2021_NZE_2050,Global,Oil&Gas,Gas,price,GJ,3.44768477509125
2050,WEO2021_NZE_2050,Global,Oil&Gas,Gas,price,GJ,3.4358370610875
2022,WEO2021_NZE_2050,Global,Oil&Gas,Oil,price,GJ,6.528
2023,WEO2021_NZE_2050,Global,Oil&Gas,Oil,price,GJ,6.4319999999999995
2024,WEO2021_NZE_2050,Global,Oil&Gas,Oil,price,GJ,6.335999999999999
2025,WEO2021_NZE_2050,Global,Oil&Gas,Oil,price,GJ,6.24
2026,WEO2021_NZE_2050,Global,Oil&Gas,Oil,price,GJ,6.144
2027,WEO2021_NZE_2050,Global,Oil&Gas,Oil,price,GJ,6.048
2028,WEO2021_NZE_2050,Global,Oil&Gas,Oil,price,GJ,5.952
2029,WEO2021_NZE_2050,Global,Oil&Gas,Oil,price,GJ,5.856
2030,WEO2021_NZE_2050,Global,Oil&Gas,Oil,price,GJ,5.76
2031,WEO2021_NZE_2050,Global,Oil&Gas,Oil,price,GJ,5.664
2032,WEO2021_NZE_2050,Global,Oil&Gas,Oil,price,GJ,5.568
2033,WEO2021_NZE_2050,Global,Oil&Gas,Oil,price,GJ,5.4719999999999995
2034,WEO2021_NZE_2050,Global,Oil&Gas,Oil,price,GJ,5.3759999999999994
2035,WEO2021_NZE_2050,Global,Oil&Gas,Oil,price,GJ,5.279999999999999
2036,WEO2021_NZE_2050,Global,Oil&Gas,Oil,price,GJ,5.184
2037,WEO2021_NZE_2050,Global,Oil&Gas,Oil,price,GJ,5.088
2038,WEO2021_NZE_2050,Global,Oil&Gas,Oil,price,GJ,4.992
2039,WEO2021_NZE_2050,Global,Oil&Gas,Oil,price,GJ,4.896
2040,WEO2021_NZE_2050,Global,Oil&Gas,Oil,price,GJ,4.8
2041,WEO2021_NZE_2050,Global,Oil&Gas,Oil,price,GJ,4.704
2042,WEO2021_NZE_2050,Global,Oil&Gas,Oil,price,GJ,4.608
2043,WEO2021_NZE_2050,Global,Oil&Gas,Oil,price,GJ,4.512
2044,WEO2021_NZE_2050,Global,Oil&Gas,Oil,price,GJ,4.416
2045,WEO2021_NZE_2050,Global,Oil&Gas,Oil,price,GJ,4.32
2046,WEO2021_NZE_2050,Global,Oil&Gas,Oil,price,GJ,4.224
2047,WEO2021_NZE_2050,Global,Oil&Gas,Oil,price,GJ,4.128
2048,WEO2021_NZE_2050,Global,Oil&Gas,Oil,price,GJ,4.032
2049,WEO2021_NZE_2050,Global,Oil&Gas,Oil,price,GJ,3.936
2050,WEO2021_NZE_2050,Global,Oil&Gas,Oil,price,GJ,3.84
2022,WEO2021_SDS,Global,Coal,Coal,price,usd/tonne,61.25
2023,WEO2021_SDS,Global,Coal,Coal,price,usd/tonne,60.5
2024,WEO2021_SDS,Global,Coal,Coal,price,usd/tonne,59.75
2025,WEO2021_SDS,Global,Coal,Coal,price,usd/tonne,59
2026,WEO2021_SDS,Global,Coal,Coal,price,usd/tonne,58.25
2027,WEO2021_SDS,Global,Coal,Coal,price,usd/tonne,57.5
2028,WEO2021_SDS,Global,Coal,Coal,price,usd/tonne,56.75
2029,WEO2021_SDS,Global,Coal,Coal,price,usd/tonne,56
2030,WEO2021_SDS,Global,Coal,Coal,price,usd/tonne,55.25
2031,WEO2021_SDS,Global,Coal,Coal,price,usd/tonne,55.0625
2032,WEO2021_SDS,Global,Coal,Coal,price,usd/tonne,54.875
2033,WEO2021_SDS,Global,Coal,Coal,price,usd/tonne,54.6875
2034,WEO2021_SDS,Global,Coal,Coal,price,usd/tonne,54.5
2035,WEO2021_SDS,Global,Coal,Coal,price,usd/tonne,54.3125
2036,WEO2021_SDS,Global,Coal,Coal,price,usd/tonne,54.125
2037,WEO2021_SDS,Global,Coal,Coal,price,usd/tonne,53.9375
2038,WEO2021_SDS,Global,Coal,Coal,price,usd/tonne,53.75
2039,WEO2021_SDS,Global,Coal,Coal,price,usd/tonne,53.5625
2040,WEO2021_SDS,Global,Coal,Coal,price,usd/tonne,53.375
2041,WEO2021_SDS,Global,Coal,Coal,price,usd/tonne,53.1875
2042,WEO2021_SDS,Global,Coal,Coal,price,usd/tonne,53
2043,WEO2021_SDS,Global,Coal,Coal,price,usd/tonne,52.8125
2044,WEO2021_SDS,Global,Coal,Coal,price,usd/tonne,52.625
2045,WEO2021_SDS,Global,Coal,Coal,price,usd/tonne,52.4375
2046,WEO2021_SDS,Global,Coal,Coal,price,usd/tonne,52.25
2047,WEO2021_SDS,Global,Coal,Coal,price,usd/tonne,52.0625
2048,WEO2021_SDS,Global,Coal,Coal,price,usd/tonne,51.875
2049,WEO2021_SDS,Global,Coal,Coal,price,usd/tonne,51.6875
2050,WEO2021_SDS,Global,Coal,Coal,price,usd/tonne,51.5
2022,WEO2021_SDS,Global,Oil&Gas,Gas,price,GJ,4.710651087891
2023,WEO2021_SDS,Global,Oil&Gas,Gas,price,GJ,4.6490429750715
2024,WEO2021_SDS,Global,Oil&Gas,Gas,price,GJ,4.587434862252
2025,WEO2021_SDS,Global,Oil&Gas,Gas,price,GJ,4.5258267494325
2026,WEO2021_SDS,Global,Oil&Gas,Gas,price,GJ,4.464218636613
2027,WEO2021_SDS,Global,Oil&Gas,Gas,price,GJ,4.4026105237935
2028,WEO2021_SDS,Global,Oil&Gas,Gas,price,GJ,4.341002410974
2029,WEO2021_SDS,Global,Oil&Gas,Gas,price,GJ,4.2793942981545
2030,WEO2021_SDS,Global,Oil&Gas,Gas,price,GJ,4.217786185335
2031,WEO2021_SDS,Global,Oil&Gas,Gas,price,GJ,4.221340499536125
2032,WEO2021_SDS,Global,Oil&Gas,Gas,price,GJ,4.22489481373725
2033,WEO2021_SDS,Global,Oil&Gas,Gas,price,GJ,4.228449127938375
2034,WEO2021_SDS,Global,Oil&Gas,Gas,price,GJ,4.2320034421395
2035,WEO2021_SDS,Global,Oil&Gas,Gas,price,GJ,4.235557756340625
2036,WEO2021_SDS,Global,Oil&Gas,Gas,price,GJ,4.23911207054175
2037,WEO2021_SDS,Global,Oil&Gas,Gas,price,GJ,4.242666384742875
2038,WEO2021_SDS,Global,Oil&Gas,Gas,price,GJ,4.246220698944
2039,WEO2021_SDS,Global,Oil&Gas,Gas,price,GJ,4.249775013145125
2040,WEO2021_SDS,Global,Oil&Gas,Gas,price,GJ,4.2533293273462505
2041,WEO2021_SDS,Global,Oil&Gas,Gas,price,GJ,4.256883641547375
2042,WEO2021_SDS,Global,Oil&Gas,Gas,price,GJ,4.2604379557485
2043,WEO2021_SDS,Global,Oil&Gas,Gas,price,GJ,4.263992269949625
2044,WEO2021_SDS,Global,Oil&Gas,Gas,price,GJ,4.26754658415075
2045,WEO2021_SDS,Global,Oil&Gas,Gas,price,GJ,4.271100898351875
2046,WEO2021_SDS,Global,Oil&Gas,Gas,price,GJ,4.274655212553
2047,WEO2021_SDS,Global,Oil&Gas,Gas,price,GJ,4.278209526754125
2048,WEO2021_SDS,Global,Oil&Gas,Gas,price,GJ,4.28176384095525
2049,WEO2021_SDS,Global,Oil&Gas,Gas,price,GJ,4.285318155156375
2050,WEO2021_SDS,Global,Oil&Gas,Gas,price,GJ,4.2888724693575
2022,WEO2021_SDS,Global,Oil&Gas,Oil,price,GJ,7.168
2023,WEO2021_SDS,Global,Oil&Gas,Oil,price,GJ,7.392
2024,WEO2021_SDS,Global,Oil&Gas,Oil,price,GJ,7.616
2025,WEO2021_SDS,Global,Oil&Gas,Oil,price,GJ,7.84
2026,WEO2021_SDS,Global,Oil&Gas,Oil,price,GJ,8.064
2027,WEO2021_SDS,Global,Oil&Gas,Oil,price,GJ,8.288
2028,WEO2021_SDS,Global,Oil&Gas,Oil,price,GJ,8.512
2029,WEO2021_SDS,Global,Oil&Gas,Oil,price,GJ,8.736
2030,WEO2021_SDS,Global,Oil&Gas,Oil,price,GJ,8.96
2031,WEO2021_SDS,Global,Oil&Gas,Oil,price,GJ,8.912
2032,WEO2021_SDS,Global,Oil&Gas,Oil,price,GJ,8.864
2033,WEO2021_SDS,Global,Oil&Gas,Oil,price,GJ,8.816
2034,WEO2021_SDS,Global,Oil&Gas,Oil,price,GJ,8.768
2035,WEO2021_SDS,Global,Oil&Gas,Oil,price,GJ,8.72
2036,WEO2021_SDS,Global,Oil&Gas,Oil,price,GJ,8.672
2037,WEO2021_SDS,Global,Oil&Gas,Oil,price,GJ,8.624
2038,WEO2021_SDS,Global,Oil&Gas,Oil,price,GJ,8.576
2039,WEO2021_SDS,Global,Oil&Gas,Oil,price,GJ,8.528
2040,WEO2021_SDS,Global,Oil&Gas,Oil,price,GJ,8.48
2041,WEO2021_SDS,Global,Oil&Gas,Oil,price,GJ,8.432
2042,WEO2021_SDS,Global,Oil&Gas,Oil,price,GJ,8.384
2043,WEO2021_SDS,Global,Oil&Gas,Oil,price,GJ,8.336
2044,WEO2021_SDS,Global,Oil&Gas,Oil,price,GJ,8.288
2045,WEO2021_SDS,Global,Oil&Gas,Oil,price,GJ,8.24
2046,WEO2021_SDS,Global,Oil&Gas,Oil,price,GJ,8.192
2047,WEO2021_SDS,Global,Oil&Gas,Oil,price,GJ,8.144
2048,WEO2021_SDS,Global,Oil&Gas,Oil,price,GJ,8.096
2049,WEO2021_SDS,Global,Oil&Gas,Oil,price,GJ,8.048
2050,WEO2021_SDS,Global,Oil&Gas,Oil,price,GJ,8
2022,WEO2021_STEPS,Global,Coal,Coal,price,usd/tonne,63.5
2023,WEO2021_STEPS,Global,Coal,Coal,price,usd/tonne,63.875
2024,WEO2021_STEPS,Global,Coal,Coal,price,usd/tonne,64.25
2025,WEO2021_STEPS,Global,Coal,Coal,price,usd/tonne,64.625
2026,WEO2021_STEPS,Global,Coal,Coal,price,usd/tonne,65
2027,WEO2021_STEPS,Global,Coal,Coal,price,usd/tonne,65.375
2028,WEO2021_STEPS,Global,Coal,Coal,price,usd/tonne,65.75
2029,WEO2021_STEPS,Global,Coal,Coal,price,usd/tonne,66.125
2030,WEO2021_STEPS,Global,Coal,Coal,price,usd/tonne,66.5
2031,WEO2021_STEPS,Global,Coal,Coal,price,usd/tonne,66.2375
2032,WEO2021_STEPS,Global,Coal,Coal,price,usd/tonne,65.975
2033,WEO2021_STEPS,Global,Coal,Coal,price,usd/tonne,65.7125
2034,WEO2021_STEPS,Global,Coal,Coal,price,usd/tonne,65.45
2035,WEO2021_STEPS,Global,Coal,Coal,price,usd/tonne,65.1875
2036,WEO2021_STEPS,Global,Coal,Coal,price,usd/tonne,64.925
2037,WEO2021_STEPS,Global,Coal,Coal,price,usd/tonne,64.6625
2038,WEO2021_STEPS,Global,Coal,Coal,price,usd/tonne,64.4
2039,WEO2021_STEPS,Global,Coal,Coal,price,usd/tonne,64.1375
2040,WEO2021_STEPS,Global,Coal,Coal,price,usd/tonne,63.875
2041,WEO2021_STEPS,Global,Coal,Coal,price,usd/tonne,63.6125
2042,WEO2021_STEPS,Global,Coal,Coal,price,usd/tonne,63.35
2043,WEO2021_STEPS,Global,Coal,Coal,price,usd/tonne,63.0875
2044,WEO2021_STEPS,Global,Coal,Coal,price,usd/tonne,62.825
2045,WEO2021_STEPS,Global,Coal,Coal,price,usd/tonne,62.5625
2046,WEO2021_STEPS,Global,Coal,Coal,price,usd/tonne,62.3
2047,WEO2021_STEPS,Global,Coal,Coal,price,usd/tonne,62.0375
2048,WEO2021_STEPS,Global,Coal,Coal,price,usd/tonne,61.775
2049,WEO2021_STEPS,Global,Coal,Coal,price,usd/tonne,61.5125
2050,WEO2021_STEPS,Global,Coal,Coal,price,usd/tonne,61.25
2022,WEO2021_STEPS,Global,Oil&Gas,Gas,price,GJ,5.21299416165
2023,WEO2021_STEPS,Global,Oil&Gas,Gas,price,GJ,5.4025575857099994
2024,WEO2021_STEPS,Global,Oil&Gas,Gas,price,GJ,5.59212100977
2025,WEO2021_STEPS,Global,Oil&Gas,Gas,price,GJ,5.78168443383
2026,WEO2021_STEPS,Global,Oil&Gas,Gas,price,GJ,5.97124785789
2027,WEO2021_STEPS,Global,Oil&Gas,Gas,price,GJ,6.16081128195
2028,WEO2021_STEPS,Global,Oil&Gas,Gas,price,GJ,6.350374706009999
2029,WEO2021_STEPS,Global,Oil&Gas,Gas,price,GJ,6.5399381300699995
2030,WEO2021_STEPS,Global,Oil&Gas,Gas,price,GJ,6.72950155413
2031,WEO2021_STEPS,Global,Oil&Gas,Gas,price,GJ,6.753196982137499
2032,WEO2021_STEPS,Global,Oil&Gas,Gas,price,GJ,6.776892410145
2033,WEO2021_STEPS,Global,Oil&Gas,Gas,price,GJ,6.8005878381525
2034,WEO2021_STEPS,Global,Oil&Gas,Gas,price,GJ,6.82428326616
2035,WEO2021_STEPS,Global,Oil&Gas,Gas,price,GJ,6.8479786941675
2036,WEO2021_STEPS,Global,Oil&Gas,Gas,price,GJ,6.8716741221749995
2037,WEO2021_STEPS,Global,Oil&Gas,Gas,price,GJ,6.8953695501825
2038,WEO2021_STEPS,Global,Oil&Gas,Gas,price,GJ,6.91906497819
2039,WEO2021_STEPS,Global,Oil&Gas,Gas,price,GJ,6.9427604061975
2040,WEO2021_STEPS,Global,Oil&Gas,Gas,price,GJ,6.966455834205
2041,WEO2021_STEPS,Global,Oil&Gas,Gas,price,GJ,6.9901512622125
2042,WEO2021_STEPS,Global,Oil&Gas,Gas,price,GJ,7.01384669022
2043,WEO2021_STEPS,Global,Oil&Gas,Gas,price,GJ,7.0375421182275
2044,WEO2021_STEPS,Global,Oil&Gas,Gas,price,GJ,7.0612375462350006
2045,WEO2021_STEPS,Global,Oil&Gas,Gas,price,GJ,7.0849329742425
2046,WEO2021_STEPS,Global,Oil&Gas,Gas,price,GJ,7.10862840225
2047,WEO2021_STEPS,Global,Oil&Gas,Gas,price,GJ,7.1323238302575005
2048,WEO2021_STEPS,Global,Oil&Gas,Gas,price,GJ,7.156019258265
2049,WEO2021_STEPS,Global,Oil&Gas,Gas,price,GJ,7.179714686272501
2050,WEO2021_STEPS,Global,Oil&Gas,Gas,price,GJ,7.2034101142800004
2022,WEO2021_STEPS,Global,Oil&Gas,Oil,price,GJ,7.84
2023,WEO2021_STEPS,Global,Oil&Gas,Oil,price,GJ,8.4
2024,WEO2021_STEPS,Global,Oil&Gas,Oil,price,GJ,8.96
2025,WEO2021_STEPS,Global,Oil&Gas,Oil,price,GJ,9.52
2026,WEO2021_STEPS,Global,Oil&Gas,Oil,price,GJ,10.08
2027,WEO2021_STEPS,Global,Oil&Gas,Oil,price,GJ,10.64
2028,WEO2021_STEPS,Global,Oil&Gas,Oil,price,GJ,11.2
2029,WEO2021_STEPS,Global,Oil&Gas,Oil,price,GJ,11.760000000000002
2030,WEO2021_STEPS,Global,Oil&Gas,Oil,price,GJ,12.32
2031,WEO2021_STEPS,Global,Oil&Gas,Oil,price,GJ,12.408
2032,WEO2021_STEPS,Global,Oil&Gas,Oil,price,GJ,12.496
2033,WEO2021_STEPS,Global,Oil&Gas,Oil,price,GJ,12.584
2034,WEO2021_STEPS,Global,Oil&Gas,Oil,price,GJ,12.672
2035,WEO2021_STEPS,Global,Oil&Gas,Oil,price,GJ,12.76
2036,WEO2021_STEPS,Global,Oil&Gas,Oil,price,GJ,12.848
2037,WEO2021_STEPS,Global,Oil&Gas,Oil,price,GJ,12.936
2038,WEO2021_STEPS,Global,Oil&Gas,Oil,price,GJ,13.024
2039,WEO2021_STEPS,Global,Oil&Gas,Oil,price,GJ,13.112
2040,WEO2021_STEPS,Global,Oil&Gas,Oil,price,GJ,13.2
2041,WEO2021_STEPS,Global,Oil&Gas,Oil,price,GJ,13.288
2042,WEO2021_STEPS,Global,Oil&Gas,Oil,price,GJ,13.376
2043,WEO2021_STEPS,Global,Oil&Gas,Oil,price,GJ,13.464
2044,WEO2021_STEPS,Global,Oil&Gas,Oil,price,GJ,13.552
2045,WEO2021_STEPS,Global,Oil&Gas,Oil,price,GJ,13.64
2046,WEO2021_STEPS,Global,Oil&Gas,Oil,price,GJ,13.728
2047,WEO2021_STEPS,Global,Oil&Gas,Oil,price,GJ,13.816
2048,WEO2021_STEPS,Global,Oil&Gas,Oil,price,GJ,13.904
2049,WEO2021_STEPS,Global,Oil&Gas,Oil,price,GJ,13.992
2050,WEO2021_STEPS,Global,Oil&Gas,Oil,price,GJ,14.08
2022,NGFS2023GCAM_B2DS,Global,Oil&Gas,Gas,Price,$/GJ,5.9717774100000005
2023,NGFS2023GCAM_B2DS,Global,Oil&Gas,Gas,Price,$/GJ,6.05555986
2024,NGFS2023GCAM_B2DS,Global,Oil&Gas,Gas,Price,$/GJ,6.13934231
2025,NGFS2023GCAM_B2DS,Global,Oil&Gas,Gas,Price,$/GJ,6.22312476
2026,NGFS2023GCAM_B2DS,Global,Oil&Gas,Gas,Price,$/GJ,6.2699506952
2027,NGFS2023GCAM_B2DS,Global,Oil&Gas,Gas,Price,$/GJ,6.316776630400001
2028,NGFS2023GCAM_B2DS,Global,Oil&Gas,Gas,Price,$/GJ,6.3636025656
2029,NGFS2023GCAM_B2DS,Global,Oil&Gas,Gas,Price,$/GJ,6.4104285008
2030,NGFS2023GCAM_B2DS,Global,Oil&Gas,Gas,Price,$/GJ,6.457254436
2031,NGFS2023GCAM_B2DS,Global,Oil&Gas,Gas,Price,$/GJ,6.5175963832
2032,NGFS2023GCAM_B2DS,Global,Oil&Gas,Gas,Price,$/GJ,6.5779383304
2033,NGFS2023GCAM_B2DS,Global,Oil&Gas,Gas,Price,$/GJ,6.6382802776
2034,NGFS2023GCAM_B2DS,Global,Oil&Gas,Gas,Price,$/GJ,6.6986222248
2035,NGFS2023GCAM_B2DS,Global,Oil&Gas,Gas,Price,$/GJ,6.758964172
2036,NGFS2023GCAM_B2DS,Global,Oil&Gas,Gas,Price,$/GJ,6.8258888256
2037,NGFS2023GCAM_B2DS,Global,Oil&Gas,Gas,Price,$/GJ,6.8928134792
2038,NGFS2023GCAM_B2DS,Global,Oil&Gas,Gas,Price,$/GJ,6.9597381328
2039,NGFS2023GCAM_B2DS,Global,Oil&Gas,Gas,Price,$/GJ,7.0266627864
2040,NGFS2023GCAM_B2DS,Global,Oil&Gas,Gas,Price,$/GJ,7.09358744
2041,NGFS2023GCAM_B2DS,Global,Oil&Gas,Gas,Price,$/GJ,7.171113979
2042,NGFS2023GCAM_B2DS,Global,Oil&Gas,Gas,Price,$/GJ,7.248640518
2043,NGFS2023GCAM_B2DS,Global,Oil&Gas,Gas,Price,$/GJ,7.326167057
2044,NGFS2023GCAM_B2DS,Global,Oil&Gas,Gas,Price,$/GJ,7.403693596
2045,NGFS2023GCAM_B2DS,Global,Oil&Gas,Gas,Price,$/GJ,7.481220135
2046,NGFS2023GCAM_B2DS,Global,Oil&Gas,Gas,Price,$/GJ,7.5800906438
2047,NGFS2023GCAM_B2DS,Global,Oil&Gas,Gas,Price,$/GJ,7.6789611526
2048,NGFS2023GCAM_B2DS,Global,Oil&Gas,Gas,Price,$/GJ,7.7778316614
2049,NGFS2023GCAM_B2DS,Global,Oil&Gas,Gas,Price,$/GJ,7.8767021702
2050,NGFS2023GCAM_B2DS,Global,Oil&Gas,Gas,Price,$/GJ,7.975572679
2051,NGFS2023GCAM_B2DS,Global,Oil&Gas,Gas,Price,$/GJ,8.0451591006
2052,NGFS2023GCAM_B2DS,Global,Oil&Gas,Gas,Price,$/GJ,8.1147455222
2053,NGFS2023GCAM_B2DS,Global,Oil&Gas,Gas,Price,$/GJ,8.1843319438
2054,NGFS2023GCAM_B2DS,Global,Oil&Gas,Gas,Price,$/GJ,8.253918365399999
2055,NGFS2023GCAM_B2DS,Global,Oil&Gas,Gas,Price,$/GJ,8.323504787
2056,NGFS2023GCAM_B2DS,Global,Oil&Gas,Gas,Price,$/GJ,8.3898974906
2057,NGFS2023GCAM_B2DS,Global,Oil&Gas,Gas,Price,$/GJ,8.4562901942
2058,NGFS2023GCAM_B2DS,Global,Oil&Gas,Gas,Price,$/GJ,8.5226828978
2059,NGFS2023GCAM_B2DS,Global,Oil&Gas,Gas,Price,$/GJ,8.5890756014
2060,NGFS2023GCAM_B2DS,Global,Oil&Gas,Gas,Price,$/GJ,8.655468305
2061,NGFS2023GCAM_B2DS,Global,Oil&Gas,Gas,Price,$/GJ,8.7110987512
2062,NGFS2023GCAM_B2DS,Global,Oil&Gas,Gas,Price,$/GJ,8.7667291974
2063,NGFS2023GCAM_B2DS,Global,Oil&Gas,Gas,Price,$/GJ,8.822359643599999
2064,NGFS2023GCAM_B2DS,Global,Oil&Gas,Gas,Price,$/GJ,8.877990089799999
2065,NGFS2023GCAM_B2DS,Global,Oil&Gas,Gas,Price,$/GJ,8.933620536
2066,NGFS2023GCAM_B2DS,Global,Oil&Gas,Gas,Price,$/GJ,8.932965735
2067,NGFS2023GCAM_B2DS,Global,Oil&Gas,Gas,Price,$/GJ,8.932310934
2068,NGFS2023GCAM_B2DS,Global,Oil&Gas,Gas,Price,$/GJ,8.931656132999999
2069,NGFS2023GCAM_B2DS,Global,Oil&Gas,Gas,Price,$/GJ,8.931001332
2070,NGFS2023GCAM_B2DS,Global,Oil&Gas,Gas,Price,$/GJ,8.930346531
2071,NGFS2023GCAM_B2DS,Global,Oil&Gas,Gas,Price,$/GJ,8.8831135138
2072,NGFS2023GCAM_B2DS,Global,Oil&Gas,Gas,Price,$/GJ,8.8358804966
2073,NGFS2023GCAM_B2DS,Global,Oil&Gas,Gas,Price,$/GJ,8.7886474794
2074,NGFS2023GCAM_B2DS,Global,Oil&Gas,Gas,Price,$/GJ,8.7414144622
2075,NGFS2023GCAM_B2DS,Global,Oil&Gas,Gas,Price,$/GJ,8.694181445
2076,NGFS2023GCAM_B2DS,Global,Oil&Gas,Gas,Price,$/GJ,8.566153734
2077,NGFS2023GCAM_B2DS,Global,Oil&Gas,Gas,Price,$/GJ,8.438126023
2078,NGFS2023GCAM_B2DS,Global,Oil&Gas,Gas,Price,$/GJ,8.310098312
2079,NGFS2023GCAM_B2DS,Global,Oil&Gas,Gas,Price,$/GJ,8.182070601
2080,NGFS2023GCAM_B2DS,Global,Oil&Gas,Gas,Price,$/GJ,8.05404289
2081,NGFS2023GCAM_B2DS,Global,Oil&Gas,Gas,Price,$/GJ,7.9504703614
2082,NGFS2023GCAM_B2DS,Global,Oil&Gas,Gas,Price,$/GJ,7.8468978328
2083,NGFS2023GCAM_B2DS,Global,Oil&Gas,Gas,Price,$/GJ,7.7433253042
2084,NGFS2023GCAM_B2DS,Global,Oil&Gas,Gas,Price,$/GJ,7.6397527756
2085,NGFS2023GCAM_B2DS,Global,Oil&Gas,Gas,Price,$/GJ,7.536180247
2086,NGFS2023GCAM_B2DS,Global,Oil&Gas,Gas,Price,$/GJ,7.4109813326
2087,NGFS2023GCAM_B2DS,Global,Oil&Gas,Gas,Price,$/GJ,7.2857824182
2088,NGFS2023GCAM_B2DS,Global,Oil&Gas,Gas,Price,$/GJ,7.1605835038
2089,NGFS2023GCAM_B2DS,Global,Oil&Gas,Gas,Price,$/GJ,7.0353845894000004
2090,NGFS2023GCAM_B2DS,Global,Oil&Gas,Gas,Price,$/GJ,6.910185675
2091,NGFS2023GCAM_B2DS,Global,Oil&Gas,Gas,Price,$/GJ,6.788432434
2092,NGFS2023GCAM_B2DS,Global,Oil&Gas,Gas,Price,$/GJ,6.666679193
2093,NGFS2023GCAM_B2DS,Global,Oil&Gas,Gas,Price,$/GJ,6.544925952
2094,NGFS2023GCAM_B2DS,Global,Oil&Gas,Gas,Price,$/GJ,6.423172711
2095,NGFS2023GCAM_B2DS,Global,Oil&Gas,Gas,Price,$/GJ,6.30141947
2096,NGFS2023GCAM_B2DS,Global,Oil&Gas,Gas,Price,$/GJ,6.1738698484
2097,NGFS2023GCAM_B2DS,Global,Oil&Gas,Gas,Price,$/GJ,6.0463202268
2098,NGFS2023GCAM_B2DS,Global,Oil&Gas,Gas,Price,$/GJ,5.9187706052
2099,NGFS2023GCAM_B2DS,Global,Oil&Gas,Gas,Price,$/GJ,5.7912209836
2100,NGFS2023GCAM_B2DS,Global,Oil&Gas,Gas,Price,$/GJ,5.663671362
2022,NGFS2023MESSAGE_B2DS,Global,Oil&Gas,Gas,Price,$/GJ,2.8465517447999997
2023,NGFS2023MESSAGE_B2DS,Global,Oil&Gas,Gas,Price,$/GJ,2.8488340032
2024,NGFS2023MESSAGE_B2DS,Global,Oil&Gas,Gas,Price,$/GJ,2.8511162615999996
2025,NGFS2023MESSAGE_B2DS,Global,Oil&Gas,Gas,Price,$/GJ,2.85339852
2026,NGFS2023MESSAGE_B2DS,Global,Oil&Gas,Gas,Price,$/GJ,2.9597497743999996
2027,NGFS2023MESSAGE_B2DS,Global,Oil&Gas,Gas,Price,$/GJ,3.0661010288
2028,NGFS2023MESSAGE_B2DS,Global,Oil&Gas,Gas,Price,$/GJ,3.1724522831999997
2029,NGFS2023MESSAGE_B2DS,Global,Oil&Gas,Gas,Price,$/GJ,3.2788035376
2030,NGFS2023MESSAGE_B2DS,Global,Oil&Gas,Gas,Price,$/GJ,3.385154792
2031,NGFS2023MESSAGE_B2DS,Global,Oil&Gas,Gas,Price,$/GJ,3.4999796988
2032,NGFS2023MESSAGE_B2DS,Global,Oil&Gas,Gas,Price,$/GJ,3.6148046056
2033,NGFS2023MESSAGE_B2DS,Global,Oil&Gas,Gas,Price,$/GJ,3.7296295124
2034,NGFS2023MESSAGE_B2DS,Global,Oil&Gas,Gas,Price,$/GJ,3.8444544192
2035,NGFS2023MESSAGE_B2DS,Global,Oil&Gas,Gas,Price,$/GJ,3.959279326
2036,NGFS2023MESSAGE_B2DS,Global,Oil&Gas,Gas,Price,$/GJ,4.0339944882
2037,NGFS2023MESSAGE_B2DS,Global,Oil&Gas,Gas,Price,$/GJ,4.1087096504
2038,NGFS2023MESSAGE_B2DS,Global,Oil&Gas,Gas,Price,$/GJ,4.1834248126
2039,NGFS2023MESSAGE_B2DS,Global,Oil&Gas,Gas,Price,$/GJ,4.2581399748
2040,NGFS2023MESSAGE_B2DS,Global,Oil&Gas,Gas,Price,$/GJ,4.332855137
2041,NGFS2023MESSAGE_B2DS,Global,Oil&Gas,Gas,Price,$/GJ,4.3496051064
2042,NGFS2023MESSAGE_B2DS,Global,Oil&Gas,Gas,Price,$/GJ,4.3663550758000005
2043,NGFS2023MESSAGE_B2DS,Global,Oil&Gas,Gas,Price,$/GJ,4.3831050452
2044,NGFS2023MESSAGE_B2DS,Global,Oil&Gas,Gas,Price,$/GJ,4.3998550146
2045,NGFS2023MESSAGE_B2DS,Global,Oil&Gas,Gas,Price,$/GJ,4.416604984
2046,NGFS2023MESSAGE_B2DS,Global,Oil&Gas,Gas,Price,$/GJ,4.4801504156
2047,NGFS2023MESSAGE_B2DS,Global,Oil&Gas,Gas,Price,$/GJ,4.5436958472
2048,NGFS2023MESSAGE_B2DS,Global,Oil&Gas,Gas,Price,$/GJ,4.6072412788
2049,NGFS2023MESSAGE_B2DS,Global,Oil&Gas,Gas,Price,$/GJ,4.670786710400001
2050,NGFS2023MESSAGE_B2DS,Global,Oil&Gas,Gas,Price,$/GJ,4.734332142
2051,NGFS2023MESSAGE_B2DS,Global,Oil&Gas,Gas,Price,$/GJ,4.751365365400001
2052,NGFS2023MESSAGE_B2DS,Global,Oil&Gas,Gas,Price,$/GJ,4.7683985888
2053,NGFS2023MESSAGE_B2DS,Global,Oil&Gas,Gas,Price,$/GJ,4.785431812200001
2054,NGFS2023MESSAGE_B2DS,Global,Oil&Gas,Gas,Price,$/GJ,4.8024650356
2055,NGFS2023MESSAGE_B2DS,Global,Oil&Gas,Gas,Price,$/GJ,4.819498259
2056,NGFS2023MESSAGE_B2DS,Global,Oil&Gas,Gas,Price,$/GJ,5.0431234456
2057,NGFS2023MESSAGE_B2DS,Global,Oil&Gas,Gas,Price,$/GJ,5.266748632200001
2058,NGFS2023MESSAGE_B2DS,Global,Oil&Gas,Gas,Price,$/GJ,5.4903738188
2059,NGFS2023MESSAGE_B2DS,Global,Oil&Gas,Gas,Price,$/GJ,5.713999005400001
2060,NGFS2023MESSAGE_B2DS,Global,Oil&Gas,Gas,Price,$/GJ,5.937624192
2061,NGFS2023MESSAGE_B2DS,Global,Oil&Gas,Gas,Price,$/GJ,5.9787695951
2062,NGFS2023MESSAGE_B2DS,Global,Oil&Gas,Gas,Price,$/GJ,6.0199149982
2063,NGFS2023MESSAGE_B2DS,Global,Oil&Gas,Gas,Price,$/GJ,6.061060401300001
2064,NGFS2023MESSAGE_B2DS,Global,Oil&Gas,Gas,Price,$/GJ,6.1022058044000005
2065,NGFS2023MESSAGE_B2DS,Global,Oil&Gas,Gas,Price,$/GJ,6.1433512075
2066,NGFS2023MESSAGE_B2DS,Global,Oil&Gas,Gas,Price,$/GJ,6.1844966106
2067,NGFS2023MESSAGE_B2DS,Global,Oil&Gas,Gas,Price,$/GJ,6.2256420137
2068,NGFS2023MESSAGE_B2DS,Global,Oil&Gas,Gas,Price,$/GJ,6.266787416800001
2069,NGFS2023MESSAGE_B2DS,Global,Oil&Gas,Gas,Price,$/GJ,6.3079328199
2070,NGFS2023MESSAGE_B2DS,Global,Oil&Gas,Gas,Price,$/GJ,6.349078223
2071,NGFS2023MESSAGE_B2DS,Global,Oil&Gas,Gas,Price,$/GJ,6.4258368521
2072,NGFS2023MESSAGE_B2DS,Global,Oil&Gas,Gas,Price,$/GJ,6.5025954812
2073,NGFS2023MESSAGE_B2DS,Global,Oil&Gas,Gas,Price,$/GJ,6.579354110300001
2074,NGFS2023MESSAGE_B2DS,Global,Oil&Gas,Gas,Price,$/GJ,6.6561127394
2075,NGFS2023MESSAGE_B2DS,Global,Oil&Gas,Gas,Price,$/GJ,6.7328713685
2076,NGFS2023MESSAGE_B2DS,Global,Oil&Gas,Gas,Price,$/GJ,6.8096299976
2077,NGFS2023MESSAGE_B2DS,Global,Oil&Gas,Gas,Price,$/GJ,6.8863886267000005
2078,NGFS2023MESSAGE_B2DS,Global,Oil&Gas,Gas,Price,$/GJ,6.9631472558
2079,NGFS2023MESSAGE_B2DS,Global,Oil&Gas,Gas,Price,$/GJ,7.0399058849
2080,NGFS2023MESSAGE_B2DS,Global,Oil&Gas,Gas,Price,$/GJ,7.116664514
2081,NGFS2023MESSAGE_B2DS,Global,Oil&Gas,Gas,Price,$/GJ,7.1019213799
2082,NGFS2023MESSAGE_B2DS,Global,Oil&Gas,Gas,Price,$/GJ,7.0871782458
2083,NGFS2023MESSAGE_B2DS,Global,Oil&Gas,Gas,Price,$/GJ,7.0724351117
2084,NGFS2023MESSAGE_B2DS,Global,Oil&Gas,Gas,Price,$/GJ,7.0576919776
2085,NGFS2023MESSAGE_B2DS,Global,Oil&Gas,Gas,Price,$/GJ,7.0429488435
2086,NGFS2023MESSAGE_B2DS,Global,Oil&Gas,Gas,Price,$/GJ,7.0282057094
2087,NGFS2023MESSAGE_B2DS,Global,Oil&Gas,Gas,Price,$/GJ,7.0134625753
2088,NGFS2023MESSAGE_B2DS,Global,Oil&Gas,Gas,Price,$/GJ,6.9987194412
2089,NGFS2023MESSAGE_B2DS,Global,Oil&Gas,Gas,Price,$/GJ,6.9839763071
2090,NGFS2023MESSAGE_B2DS,Global,Oil&Gas,Gas,Price,$/GJ,6.969233173
2091,NGFS2023MESSAGE_B2DS,Global,Oil&Gas,Gas,Price,$/GJ,7.0208263422
2092,NGFS2023MESSAGE_B2DS,Global,Oil&Gas,Gas,Price,$/GJ,7.0724195114
2093,NGFS2023MESSAGE_B2DS,Global,Oil&Gas,Gas,Price,$/GJ,7.1240126806
2094,NGFS2023MESSAGE_B2DS,Global,Oil&Gas,Gas,Price,$/GJ,7.1756058498
2095,NGFS2023MESSAGE_B2DS,Global,Oil&Gas,Gas,Price,$/GJ,7.227199019
2096,NGFS2023MESSAGE_B2DS,Global,Oil&Gas,Gas,Price,$/GJ,7.2787921882
2097,NGFS2023MESSAGE_B2DS,Global,Oil&Gas,Gas,Price,$/GJ,7.3303853574
2098,NGFS2023MESSAGE_B2DS,Global,Oil&Gas,Gas,Price,$/GJ,7.3819785266
2099,NGFS2023MESSAGE_B2DS,Global,Oil&Gas,Gas,Price,$/GJ,7.4335716958
2100,NGFS2023MESSAGE_B2DS,Global,Oil&Gas,Gas,Price,$/GJ,7.485164865
2022,NGFS2023REMIND_B2DS,Global,Oil&Gas,Gas,Price,$/GJ,4.2221243576
2023,NGFS2023REMIND_B2DS,Global,Oil&Gas,Gas,Price,$/GJ,4.3476402944000005
2024,NGFS2023REMIND_B2DS,Global,Oil&Gas,Gas,Price,$/GJ,4.4731562312
2025,NGFS2023REMIND_B2DS,Global,Oil&Gas,Gas,Price,$/GJ,4.598672168
2026,NGFS2023REMIND_B2DS,Global,Oil&Gas,Gas,Price,$/GJ,4.5725178284000005
2027,NGFS2023REMIND_B2DS,Global,Oil&Gas,Gas,Price,$/GJ,4.5463634888
2028,NGFS2023REMIND_B2DS,Global,Oil&Gas,Gas,Price,$/GJ,4.5202091492
2029,NGFS2023REMIND_B2DS,Global,Oil&Gas,Gas,Price,$/GJ,4.4940548096
2030,NGFS2023REMIND_B2DS,Global,Oil&Gas,Gas,Price,$/GJ,4.46790047
2031,NGFS2023REMIND_B2DS,Global,Oil&Gas,Gas,Price,$/GJ,4.6151356878
2032,NGFS2023REMIND_B2DS,Global,Oil&Gas,Gas,Price,$/GJ,4.7623709056
2033,NGFS2023REMIND_B2DS,Global,Oil&Gas,Gas,Price,$/GJ,4.9096061234
2034,NGFS2023REMIND_B2DS,Global,Oil&Gas,Gas,Price,$/GJ,5.0568413412
2035,NGFS2023REMIND_B2DS,Global,Oil&Gas,Gas,Price,$/GJ,5.204076559
2036,NGFS2023REMIND_B2DS,Global,Oil&Gas,Gas,Price,$/GJ,5.192210714
2037,NGFS2023REMIND_B2DS,Global,Oil&Gas,Gas,Price,$/GJ,5.180344869
2038,NGFS2023REMIND_B2DS,Global,Oil&Gas,Gas,Price,$/GJ,5.168479024
2039,NGFS2023REMIND_B2DS,Global,Oil&Gas,Gas,Price,$/GJ,5.156613179
2040,NGFS2023REMIND_B2DS,Global,Oil&Gas,Gas,Price,$/GJ,5.144747334
2041,NGFS2023REMIND_B2DS,Global,Oil&Gas,Gas,Price,$/GJ,5.0888532994
2042,NGFS2023REMIND_B2DS,Global,Oil&Gas,Gas,Price,$/GJ,5.0329592648
2043,NGFS2023REMIND_B2DS,Global,Oil&Gas,Gas,Price,$/GJ,4.9770652302
2044,NGFS2023REMIND_B2DS,Global,Oil&Gas,Gas,Price,$/GJ,4.9211711955999995
2045,NGFS2023REMIND_B2DS,Global,Oil&Gas,Gas,Price,$/GJ,4.865277161
2046,NGFS2023REMIND_B2DS,Global,Oil&Gas,Gas,Price,$/GJ,4.873204104
2047,NGFS2023REMIND_B2DS,Global,Oil&Gas,Gas,Price,$/GJ,4.881131047
2048,NGFS2023REMIND_B2DS,Global,Oil&Gas,Gas,Price,$/GJ,4.8890579899999995
2049,NGFS2023REMIND_B2DS,Global,Oil&Gas,Gas,Price,$/GJ,4.896984933
2050,NGFS2023REMIND_B2DS,Global,Oil&Gas,Gas,Price,$/GJ,4.904911876
2051,NGFS2023REMIND_B2DS,Global,Oil&Gas,Gas,Price,$/GJ,4.8391394148
2052,NGFS2023REMIND_B2DS,Global,Oil&Gas,Gas,Price,$/GJ,4.7733669536
2053,NGFS2023REMIND_B2DS,Global,Oil&Gas,Gas,Price,$/GJ,4.7075944924
2054,NGFS2023REMIND_B2DS,Global,Oil&Gas,Gas,Price,$/GJ,4.6418220312
2055,NGFS2023REMIND_B2DS,Global,Oil&Gas,Gas,Price,$/GJ,4.57604957
2056,NGFS2023REMIND_B2DS,Global,Oil&Gas,Gas,Price,$/GJ,4.8402333084
2057,NGFS2023REMIND_B2DS,Global,Oil&Gas,Gas,Price,$/GJ,5.1044170468
2058,NGFS2023REMIND_B2DS,Global,Oil&Gas,Gas,Price,$/GJ,5.3686007852
2059,NGFS2023REMIND_B2DS,Global,Oil&Gas,Gas,Price,$/GJ,5.6327845236
2060,NGFS2023REMIND_B2DS,Global,Oil&Gas,Gas,Price,$/GJ,5.896968262
2061,NGFS2023REMIND_B2DS,Global,Oil&Gas,Gas,Price,$/GJ,5.8295509729
2062,NGFS2023REMIND_B2DS,Global,Oil&Gas,Gas,Price,$/GJ,5.7621336838
2063,NGFS2023REMIND_B2DS,Global,Oil&Gas,Gas,Price,$/GJ,5.6947163946999995
2064,NGFS2023REMIND_B2DS,Global,Oil&Gas,Gas,Price,$/GJ,5.6272991056
2065,NGFS2023REMIND_B2DS,Global,Oil&Gas,Gas,Price,$/GJ,5.5598818165
2066,NGFS2023REMIND_B2DS,Global,Oil&Gas,Gas,Price,$/GJ,5.4924645274
2067,NGFS2023REMIND_B2DS,Global,Oil&Gas,Gas,Price,$/GJ,5.4250472383
2068,NGFS2023REMIND_B2DS,Global,Oil&Gas,Gas,Price,$/GJ,5.3576299492
2069,NGFS2023REMIND_B2DS,Global,Oil&Gas,Gas,Price,$/GJ,5.2902126601
2070,NGFS2023REMIND_B2DS,Global,Oil&Gas,Gas,Price,$/GJ,5.222795371
2071,NGFS2023REMIND_B2DS,Global,Oil&Gas,Gas,Price,$/GJ,5.2043587114
2072,NGFS2023REMIND_B2DS,Global,Oil&Gas,Gas,Price,$/GJ,5.1859220518
2073,NGFS2023REMIND_B2DS,Global,Oil&Gas,Gas,Price,$/GJ,5.1674853922
2074,NGFS2023REMIND_B2DS,Global,Oil&Gas,Gas,Price,$/GJ,5.1490487326
2075,NGFS2023REMIND_B2DS,Global,Oil&Gas,Gas,Price,$/GJ,5.130612073
2076,NGFS2023REMIND_B2DS,Global,Oil&Gas,Gas,Price,$/GJ,5.1121754134
2077,NGFS2023REMIND_B2DS,Global,Oil&Gas,Gas,Price,$/GJ,5.0937387538
2078,NGFS2023REMIND_B2DS,Global,Oil&Gas,Gas,Price,$/GJ,5.0753020942
2079,NGFS2023REMIND_B2DS,Global,Oil&Gas,Gas,Price,$/GJ,5.0568654346
2080,NGFS2023REMIND_B2DS,Global,Oil&Gas,Gas,Price,$/GJ,5.038428775
2081,NGFS2023REMIND_B2DS,Global,Oil&Gas,Gas,Price,$/GJ,5.0448816375
2082,NGFS2023REMIND_B2DS,Global,Oil&Gas,Gas,Price,$/GJ,5.0513345
2083,NGFS2023REMIND_B2DS,Global,Oil&Gas,Gas,Price,$/GJ,5.0577873625
2084,NGFS2023REMIND_B2DS,Global,Oil&Gas,Gas,Price,$/GJ,5.064240225
2085,NGFS2023REMIND_B2DS,Global,Oil&Gas,Gas,Price,$/GJ,5.0706930875000005
2086,NGFS2023REMIND_B2DS,Global,Oil&Gas,Gas,Price,$/GJ,5.07714595
2087,NGFS2023REMIND_B2DS,Global,Oil&Gas,Gas,Price,$/GJ,5.0835988125
2088,NGFS2023REMIND_B2DS,Global,Oil&Gas,Gas,Price,$/GJ,5.090051675
2089,NGFS2023REMIND_B2DS,Global,Oil&Gas,Gas,Price,$/GJ,5.0965045375
2090,NGFS2023REMIND_B2DS,Global,Oil&Gas,Gas,Price,$/GJ,5.1029574
2091,NGFS2023REMIND_B2DS,Global,Oil&Gas,Gas,Price,$/GJ,5.0983388664
2092,NGFS2023REMIND_B2DS,Global,Oil&Gas,Gas,Price,$/GJ,5.0937203328
2093,NGFS2023REMIND_B2DS,Global,Oil&Gas,Gas,Price,$/GJ,5.0891017992
2094,NGFS2023REMIND_B2DS,Global,Oil&Gas,Gas,Price,$/GJ,5.0844832656
2095,NGFS2023REMIND_B2DS,Global,Oil&Gas,Gas,Price,$/GJ,5.079864732
2096,NGFS2023REMIND_B2DS,Global,Oil&Gas,Gas,Price,$/GJ,5.0752461983999995
2097,NGFS2023REMIND_B2DS,Global,Oil&Gas,Gas,Price,$/GJ,5.0706276648
2098,NGFS2023REMIND_B2DS,Global,Oil&Gas,Gas,Price,$/GJ,5.0660091311999995
2099,NGFS2023REMIND_B2DS,Global,Oil&Gas,Gas,Price,$/GJ,5.0613905976
2100,NGFS2023REMIND_B2DS,Global,Oil&Gas,Gas,Price,$/GJ,5.056772064
2022,NGFS2023GCAM_CP,Global,Oil&Gas,Gas,Price,$/GJ,5.8671161684
2023,NGFS2023GCAM_CP,Global,Oil&Gas,Gas,Price,$/GJ,5.8985690066
2024,NGFS2023GCAM_CP,Global,Oil&Gas,Gas,Price,$/GJ,5.9300218448
2025,NGFS2023GCAM_CP,Global,Oil&Gas,Gas,Price,$/GJ,5.961474683
2026,NGFS2023GCAM_CP,Global,Oil&Gas,Gas,Price,$/GJ,5.945170421199999
2027,NGFS2023GCAM_CP,Global,Oil&Gas,Gas,Price,$/GJ,5.9288661594
2028,NGFS2023GCAM_CP,Global,Oil&Gas,Gas,Price,$/GJ,5.9125618976
2029,NGFS2023GCAM_CP,Global,Oil&Gas,Gas,Price,$/GJ,5.8962576358000005
2030,NGFS2023GCAM_CP,Global,Oil&Gas,Gas,Price,$/GJ,5.879953374
2031,NGFS2023GCAM_CP,Global,Oil&Gas,Gas,Price,$/GJ,5.900252607600001
2032,NGFS2023GCAM_CP,Global,Oil&Gas,Gas,Price,$/GJ,5.9205518412
2033,NGFS2023GCAM_CP,Global,Oil&Gas,Gas,Price,$/GJ,5.9408510748
2034,NGFS2023GCAM_CP,Global,Oil&Gas,Gas,Price,$/GJ,5.9611503084
2035,NGFS2023GCAM_CP,Global,Oil&Gas,Gas,Price,$/GJ,5.981449542
2036,NGFS2023GCAM_CP,Global,Oil&Gas,Gas,Price,$/GJ,6.0233961408
2037,NGFS2023GCAM_CP,Global,Oil&Gas,Gas,Price,$/GJ,6.0653427396
2038,NGFS2023GCAM_CP,Global,Oil&Gas,Gas,Price,$/GJ,6.1072893384
2039,NGFS2023GCAM_CP,Global,Oil&Gas,Gas,Price,$/GJ,6.1492359372
2040,NGFS2023GCAM_CP,Global,Oil&Gas,Gas,Price,$/GJ,6.191182536
2041,NGFS2023GCAM_CP,Global,Oil&Gas,Gas,Price,$/GJ,6.2006021082
2042,NGFS2023GCAM_CP,Global,Oil&Gas,Gas,Price,$/GJ,6.2100216804
2043,NGFS2023GCAM_CP,Global,Oil&Gas,Gas,Price,$/GJ,6.2194412526
2044,NGFS2023GCAM_CP,Global,Oil&Gas,Gas,Price,$/GJ,6.2288608248
2045,NGFS2023GCAM_CP,Global,Oil&Gas,Gas,Price,$/GJ,6.238280397
2046,NGFS2023GCAM_CP,Global,Oil&Gas,Gas,Price,$/GJ,6.256961187
2047,NGFS2023GCAM_CP,Global,Oil&Gas,Gas,Price,$/GJ,6.275641977
2048,NGFS2023GCAM_CP,Global,Oil&Gas,Gas,Price,$/GJ,6.294322767
2049,NGFS2023GCAM_CP,Global,Oil&Gas,Gas,Price,$/GJ,6.313003557
2050,NGFS2023GCAM_CP,Global,Oil&Gas,Gas,Price,$/GJ,6.331684347
2051,NGFS2023GCAM_CP,Global,Oil&Gas,Gas,Price,$/GJ,6.3628886594
2052,NGFS2023GCAM_CP,Global,Oil&Gas,Gas,Price,$/GJ,6.3940929718
2053,NGFS2023GCAM_CP,Global,Oil&Gas,Gas,Price,$/GJ,6.4252972842
2054,NGFS2023GCAM_CP,Global,Oil&Gas,Gas,Price,$/GJ,6.4565015966
2055,NGFS2023GCAM_CP,Global,Oil&Gas,Gas,Price,$/GJ,6.487705909
2056,NGFS2023GCAM_CP,Global,Oil&Gas,Gas,Price,$/GJ,6.4973992227999995
2057,NGFS2023GCAM_CP,Global,Oil&Gas,Gas,Price,$/GJ,6.5070925366
2058,NGFS2023GCAM_CP,Global,Oil&Gas,Gas,Price,$/GJ,6.5167858504
2059,NGFS2023GCAM_CP,Global,Oil&Gas,Gas,Price,$/GJ,6.5264791642
2060,NGFS2023GCAM_CP,Global,Oil&Gas,Gas,Price,$/GJ,6.536172478
2061,NGFS2023GCAM_CP,Global,Oil&Gas,Gas,Price,$/GJ,6.5591056414
2062,NGFS2023GCAM_CP,Global,Oil&Gas,Gas,Price,$/GJ,6.5820388048
2063,NGFS2023GCAM_CP,Global,Oil&Gas,Gas,Price,$/GJ,6.6049719682
2064,NGFS2023GCAM_CP,Global,Oil&Gas,Gas,Price,$/GJ,6.6279051315999995
2065,NGFS2023GCAM_CP,Global,Oil&Gas,Gas,Price,$/GJ,6.650838295
2066,NGFS2023GCAM_CP,Global,Oil&Gas,Gas,Price,$/GJ,6.666626744799999
2067,NGFS2023GCAM_CP,Global,Oil&Gas,Gas,Price,$/GJ,6.6824151946
2068,NGFS2023GCAM_CP,Global,Oil&Gas,Gas,Price,$/GJ,6.6982036443999995
2069,NGFS2023GCAM_CP,Global,Oil&Gas,Gas,Price,$/GJ,6.7139920942
2070,NGFS2023GCAM_CP,Global,Oil&Gas,Gas,Price,$/GJ,6.729780544
2071,NGFS2023GCAM_CP,Global,Oil&Gas,Gas,Price,$/GJ,6.7347988692
2072,NGFS2023GCAM_CP,Global,Oil&Gas,Gas,Price,$/GJ,6.7398171944
2073,NGFS2023GCAM_CP,Global,Oil&Gas,Gas,Price,$/GJ,6.7448355196
2074,NGFS2023GCAM_CP,Global,Oil&Gas,Gas,Price,$/GJ,6.7498538448
2075,NGFS2023GCAM_CP,Global,Oil&Gas,Gas,Price,$/GJ,6.75487217
2076,NGFS2023GCAM_CP,Global,Oil&Gas,Gas,Price,$/GJ,6.759322839599999
2077,NGFS2023GCAM_CP,Global,Oil&Gas,Gas,Price,$/GJ,6.7637735092
2078,NGFS2023GCAM_CP,Global,Oil&Gas,Gas,Price,$/GJ,6.7682241788
2079,NGFS2023GCAM_CP,Global,Oil&Gas,Gas,Price,$/GJ,6.7726748484
2080,NGFS2023GCAM_CP,Global,Oil&Gas,Gas,Price,$/GJ,6.777125518
2081,NGFS2023GCAM_CP,Global,Oil&Gas,Gas,Price,$/GJ,6.8005650126
2082,NGFS2023GCAM_CP,Global,Oil&Gas,Gas,Price,$/GJ,6.8240045072
2083,NGFS2023GCAM_CP,Global,Oil&Gas,Gas,Price,$/GJ,6.8474440018000005
2084,NGFS2023GCAM_CP,Global,Oil&Gas,Gas,Price,$/GJ,6.8708834964
2085,NGFS2023GCAM_CP,Global,Oil&Gas,Gas,Price,$/GJ,6.894322991
2086,NGFS2023GCAM_CP,Global,Oil&Gas,Gas,Price,$/GJ,6.9196415584
2087,NGFS2023GCAM_CP,Global,Oil&Gas,Gas,Price,$/GJ,6.9449601258
2088,NGFS2023GCAM_CP,Global,Oil&Gas,Gas,Price,$/GJ,6.9702786932
2089,NGFS2023GCAM_CP,Global,Oil&Gas,Gas,Price,$/GJ,6.995597260599999
2090,NGFS2023GCAM_CP,Global,Oil&Gas,Gas,Price,$/GJ,7.020915828
2091,NGFS2023GCAM_CP,Global,Oil&Gas,Gas,Price,$/GJ,7.0649732824000004
2092,NGFS2023GCAM_CP,Global,Oil&Gas,Gas,Price,$/GJ,7.109030736799999
2093,NGFS2023GCAM_CP,Global,Oil&Gas,Gas,Price,$/GJ,7.1530881912
2094,NGFS2023GCAM_CP,Global,Oil&Gas,Gas,Price,$/GJ,7.1971456456
2095,NGFS2023GCAM_CP,Global,Oil&Gas,Gas,Price,$/GJ,7.2412031
2096,NGFS2023GCAM_CP,Global,Oil&Gas,Gas,Price,$/GJ,7.2637433022
2097,NGFS2023GCAM_CP,Global,Oil&Gas,Gas,Price,$/GJ,7.2862835044
2098,NGFS2023GCAM_CP,Global,Oil&Gas,Gas,Price,$/GJ,7.3088237066
2099,NGFS2023GCAM_CP,Global,Oil&Gas,Gas,Price,$/GJ,7.3313639088
2100,NGFS2023GCAM_CP,Global,Oil&Gas,Gas,Price,$/GJ,7.353904111
2022,NGFS2023MESSAGE_CP,Global,Oil&Gas,Gas,Price,$/GJ,2.822549596
2023,NGFS2023MESSAGE_CP,Global,Oil&Gas,Gas,Price,$/GJ,2.8128307799999996
2024,NGFS2023MESSAGE_CP,Global,Oil&Gas,Gas,Price,$/GJ,2.8031119639999997
2025,NGFS2023MESSAGE_CP,Global,Oil&Gas,Gas,Price,$/GJ,2.793393148
2026,NGFS2023MESSAGE_CP,Global,Oil&Gas,Gas,Price,$/GJ,2.9513308236
2027,NGFS2023MESSAGE_CP,Global,Oil&Gas,Gas,Price,$/GJ,3.1092684991999997
2028,NGFS2023MESSAGE_CP,Global,Oil&Gas,Gas,Price,$/GJ,3.2672061748
2029,NGFS2023MESSAGE_CP,Global,Oil&Gas,Gas,Price,$/GJ,3.4251438504
2030,NGFS2023MESSAGE_CP,Global,Oil&Gas,Gas,Price,$/GJ,3.583081526
2031,NGFS2023MESSAGE_CP,Global,Oil&Gas,Gas,Price,$/GJ,3.5748015634
2032,NGFS2023MESSAGE_CP,Global,Oil&Gas,Gas,Price,$/GJ,3.5665216008
2033,NGFS2023MESSAGE_CP,Global,Oil&Gas,Gas,Price,$/GJ,3.5582416382
2034,NGFS2023MESSAGE_CP,Global,Oil&Gas,Gas,Price,$/GJ,3.5499616756
2035,NGFS2023MESSAGE_CP,Global,Oil&Gas,Gas,Price,$/GJ,3.541681713
2036,NGFS2023MESSAGE_CP,Global,Oil&Gas,Gas,Price,$/GJ,3.5992603182
2037,NGFS2023MESSAGE_CP,Global,Oil&Gas,Gas,Price,$/GJ,3.6568389234
2038,NGFS2023MESSAGE_CP,Global,Oil&Gas,Gas,Price,$/GJ,3.7144175286
2039,NGFS2023MESSAGE_CP,Global,Oil&Gas,Gas,Price,$/GJ,3.7719961338
2040,NGFS2023MESSAGE_CP,Global,Oil&Gas,Gas,Price,$/GJ,3.829574739
2041,NGFS2023MESSAGE_CP,Global,Oil&Gas,Gas,Price,$/GJ,3.8949896638
2042,NGFS2023MESSAGE_CP,Global,Oil&Gas,Gas,Price,$/GJ,3.9604045886
2043,NGFS2023MESSAGE_CP,Global,Oil&Gas,Gas,Price,$/GJ,4.0258195134
2044,NGFS2023MESSAGE_CP,Global,Oil&Gas,Gas,Price,$/GJ,4.0912344382
2045,NGFS2023MESSAGE_CP,Global,Oil&Gas,Gas,Price,$/GJ,4.156649363
2046,NGFS2023MESSAGE_CP,Global,Oil&Gas,Gas,Price,$/GJ,4.2236759312
2047,NGFS2023MESSAGE_CP,Global,Oil&Gas,Gas,Price,$/GJ,4.2907024994
2048,NGFS2023MESSAGE_CP,Global,Oil&Gas,Gas,Price,$/GJ,4.357729067599999
2049,NGFS2023MESSAGE_CP,Global,Oil&Gas,Gas,Price,$/GJ,4.4247556357999995
2050,NGFS2023MESSAGE_CP,Global,Oil&Gas,Gas,Price,$/GJ,4.491782204
2051,NGFS2023MESSAGE_CP,Global,Oil&Gas,Gas,Price,$/GJ,4.5380671222
2052,NGFS2023MESSAGE_CP,Global,Oil&Gas,Gas,Price,$/GJ,4.5843520404
2053,NGFS2023MESSAGE_CP,Global,Oil&Gas,Gas,Price,$/GJ,4.6306369586
2054,NGFS2023MESSAGE_CP,Global,Oil&Gas,Gas,Price,$/GJ,4.6769218768
2055,NGFS2023MESSAGE_CP,Global,Oil&Gas,Gas,Price,$/GJ,4.723206795
2056,NGFS2023MESSAGE_CP,Global,Oil&Gas,Gas,Price,$/GJ,4.8452588572
2057,NGFS2023MESSAGE_CP,Global,Oil&Gas,Gas,Price,$/GJ,4.9673109194
2058,NGFS2023MESSAGE_CP,Global,Oil&Gas,Gas,Price,$/GJ,5.0893629816
2059,NGFS2023MESSAGE_CP,Global,Oil&Gas,Gas,Price,$/GJ,5.2114150438
2060,NGFS2023MESSAGE_CP,Global,Oil&Gas,Gas,Price,$/GJ,5.333467106
2061,NGFS2023MESSAGE_CP,Global,Oil&Gas,Gas,Price,$/GJ,5.3495861079000004
2062,NGFS2023MESSAGE_CP,Global,Oil&Gas,Gas,Price,$/GJ,5.3657051097999995
2063,NGFS2023MESSAGE_CP,Global,Oil&Gas,Gas,Price,$/GJ,5.381824111699999
2064,NGFS2023MESSAGE_CP,Global,Oil&Gas,Gas,Price,$/GJ,5.397943113599999
2065,NGFS2023MESSAGE_CP,Global,Oil&Gas,Gas,Price,$/GJ,5.4140621155
2066,NGFS2023MESSAGE_CP,Global,Oil&Gas,Gas,Price,$/GJ,5.4301811174
2067,NGFS2023MESSAGE_CP,Global,Oil&Gas,Gas,Price,$/GJ,5.4463001193
2068,NGFS2023MESSAGE_CP,Global,Oil&Gas,Gas,Price,$/GJ,5.4624191212
2069,NGFS2023MESSAGE_CP,Global,Oil&Gas,Gas,Price,$/GJ,5.4785381231
2070,NGFS2023MESSAGE_CP,Global,Oil&Gas,Gas,Price,$/GJ,5.494657125
2071,NGFS2023MESSAGE_CP,Global,Oil&Gas,Gas,Price,$/GJ,5.5825906962
2072,NGFS2023MESSAGE_CP,Global,Oil&Gas,Gas,Price,$/GJ,5.6705242674
2073,NGFS2023MESSAGE_CP,Global,Oil&Gas,Gas,Price,$/GJ,5.7584578386
2074,NGFS2023MESSAGE_CP,Global,Oil&Gas,Gas,Price,$/GJ,5.8463914098
2075,NGFS2023MESSAGE_CP,Global,Oil&Gas,Gas,Price,$/GJ,5.934324981
2076,NGFS2023MESSAGE_CP,Global,Oil&Gas,Gas,Price,$/GJ,6.0222585522
2077,NGFS2023MESSAGE_CP,Global,Oil&Gas,Gas,Price,$/GJ,6.1101921234
2078,NGFS2023MESSAGE_CP,Global,Oil&Gas,Gas,Price,$/GJ,6.1981256946
2079,NGFS2023MESSAGE_CP,Global,Oil&Gas,Gas,Price,$/GJ,6.2860592658000005
2080,NGFS2023MESSAGE_CP,Global,Oil&Gas,Gas,Price,$/GJ,6.373992837
2081,NGFS2023MESSAGE_CP,Global,Oil&Gas,Gas,Price,$/GJ,6.4477457941
2082,NGFS2023MESSAGE_CP,Global,Oil&Gas,Gas,Price,$/GJ,6.5214987512
2083,NGFS2023MESSAGE_CP,Global,Oil&Gas,Gas,Price,$/GJ,6.5952517083
2084,NGFS2023MESSAGE_CP,Global,Oil&Gas,Gas,Price,$/GJ,6.6690046654
2085,NGFS2023MESSAGE_CP,Global,Oil&Gas,Gas,Price,$/GJ,6.7427576225
2086,NGFS2023MESSAGE_CP,Global,Oil&Gas,Gas,Price,$/GJ,6.8165105796
2087,NGFS2023MESSAGE_CP,Global,Oil&Gas,Gas,Price,$/GJ,6.8902635367
2088,NGFS2023MESSAGE_CP,Global,Oil&Gas,Gas,Price,$/GJ,6.9640164938
2089,NGFS2023MESSAGE_CP,Global,Oil&Gas,Gas,Price,$/GJ,7.0377694509
2090,NGFS2023MESSAGE_CP,Global,Oil&Gas,Gas,Price,$/GJ,7.111522408
2091,NGFS2023MESSAGE_CP,Global,Oil&Gas,Gas,Price,$/GJ,7.1926790832
2092,NGFS2023MESSAGE_CP,Global,Oil&Gas,Gas,Price,$/GJ,7.2738357584
2093,NGFS2023MESSAGE_CP,Global,Oil&Gas,Gas,Price,$/GJ,7.3549924336
2094,NGFS2023MESSAGE_CP,Global,Oil&Gas,Gas,Price,$/GJ,7.4361491088
2095,NGFS2023MESSAGE_CP,Global,Oil&Gas,Gas,Price,$/GJ,7.517305784
2096,NGFS2023MESSAGE_CP,Global,Oil&Gas,Gas,Price,$/GJ,7.5984624592
2097,NGFS2023MESSAGE_CP,Global,Oil&Gas,Gas,Price,$/GJ,7.6796191344
2098,NGFS2023MESSAGE_CP,Global,Oil&Gas,Gas,Price,$/GJ,7.7607758096
2099,NGFS2023MESSAGE_CP,Global,Oil&Gas,Gas,Price,$/GJ,7.8419324848
2100,NGFS2023MESSAGE_CP,Global,Oil&Gas,Gas,Price,$/GJ,7.92308916
2022,NGFS2023REMIND_CP,Global,Oil&Gas,Gas,Price,$/GJ,4.2485176812
2023,NGFS2023REMIND_CP,Global,Oil&Gas,Gas,Price,$/GJ,4.3872302798
2024,NGFS2023REMIND_CP,Global,Oil&Gas,Gas,Price,$/GJ,4.5259428784
2025,NGFS2023REMIND_CP,Global,Oil&Gas,Gas,Price,$/GJ,4.664655477
2026,NGFS2023REMIND_CP,Global,Oil&Gas,Gas,Price,$/GJ,4.6577943126
2027,NGFS2023REMIND_CP,Global,Oil&Gas,Gas,Price,$/GJ,4.6509331482
2028,NGFS2023REMIND_CP,Global,Oil&Gas,Gas,Price,$/GJ,4.6440719838
2029,NGFS2023REMIND_CP,Global,Oil&Gas,Gas,Price,$/GJ,4.6372108194
2030,NGFS2023REMIND_CP,Global,Oil&Gas,Gas,Price,$/GJ,4.630349655
2031,NGFS2023REMIND_CP,Global,Oil&Gas,Gas,Price,$/GJ,4.710220988
2032,NGFS2023REMIND_CP,Global,Oil&Gas,Gas,Price,$/GJ,4.7900923209999995
2033,NGFS2023REMIND_CP,Global,Oil&Gas,Gas,Price,$/GJ,4.869963654
2034,NGFS2023REMIND_CP,Global,Oil&Gas,Gas,Price,$/GJ,4.949834987
2035,NGFS2023REMIND_CP,Global,Oil&Gas,Gas,Price,$/GJ,5.02970632
2036,NGFS2023REMIND_CP,Global,Oil&Gas,Gas,Price,$/GJ,5.0805918189999995
2037,NGFS2023REMIND_CP,Global,Oil&Gas,Gas,Price,$/GJ,5.131477318
2038,NGFS2023REMIND_CP,Global,Oil&Gas,Gas,Price,$/GJ,5.182362817
2039,NGFS2023REMIND_CP,Global,Oil&Gas,Gas,Price,$/GJ,5.233248316
2040,NGFS2023REMIND_CP,Global,Oil&Gas,Gas,Price,$/GJ,5.284133815
2041,NGFS2023REMIND_CP,Global,Oil&Gas,Gas,Price,$/GJ,5.3393519953999995
2042,NGFS2023REMIND_CP,Global,Oil&Gas,Gas,Price,$/GJ,5.394570175799999
2043,NGFS2023REMIND_CP,Global,Oil&Gas,Gas,Price,$/GJ,5.4497883562
2044,NGFS2023REMIND_CP,Global,Oil&Gas,Gas,Price,$/GJ,5.5050065366
2045,NGFS2023REMIND_CP,Global,Oil&Gas,Gas,Price,$/GJ,5.560224717
2046,NGFS2023REMIND_CP,Global,Oil&Gas,Gas,Price,$/GJ,5.6000128104
2047,NGFS2023REMIND_CP,Global,Oil&Gas,Gas,Price,$/GJ,5.6398009038
2048,NGFS2023REMIND_CP,Global,Oil&Gas,Gas,Price,$/GJ,5.6795889972
2049,NGFS2023REMIND_CP,Global,Oil&Gas,Gas,Price,$/GJ,5.7193770906
2050,NGFS2023REMIND_CP,Global,Oil&Gas,Gas,Price,$/GJ,5.759165184
2051,NGFS2023REMIND_CP,Global,Oil&Gas,Gas,Price,$/GJ,5.7643391274
2052,NGFS2023REMIND_CP,Global,Oil&Gas,Gas,Price,$/GJ,5.7695130708
2053,NGFS2023REMIND_CP,Global,Oil&Gas,Gas,Price,$/GJ,5.7746870142
2054,NGFS2023REMIND_CP,Global,Oil&Gas,Gas,Price,$/GJ,5.7798609576
2055,NGFS2023REMIND_CP,Global,Oil&Gas,Gas,Price,$/GJ,5.785034901
2056,NGFS2023REMIND_CP,Global,Oil&Gas,Gas,Price,$/GJ,5.994651500000001
2057,NGFS2023REMIND_CP,Global,Oil&Gas,Gas,Price,$/GJ,6.204268099
2058,NGFS2023REMIND_CP,Global,Oil&Gas,Gas,Price,$/GJ,6.413884698
2059,NGFS2023REMIND_CP,Global,Oil&Gas,Gas,Price,$/GJ,6.623501297000001
2060,NGFS2023REMIND_CP,Global,Oil&Gas,Gas,Price,$/GJ,6.833117896
2061,NGFS2023REMIND_CP,Global,Oil&Gas,Gas,Price,$/GJ,6.8098446441
2062,NGFS2023REMIND_CP,Global,Oil&Gas,Gas,Price,$/GJ,6.7865713922
2063,NGFS2023REMIND_CP,Global,Oil&Gas,Gas,Price,$/GJ,6.7632981403
2064,NGFS2023REMIND_CP,Global,Oil&Gas,Gas,Price,$/GJ,6.7400248884
2065,NGFS2023REMIND_CP,Global,Oil&Gas,Gas,Price,$/GJ,6.7167516365
2066,NGFS2023REMIND_CP,Global,Oil&Gas,Gas,Price,$/GJ,6.6934783846000006
2067,NGFS2023REMIND_CP,Global,Oil&Gas,Gas,Price,$/GJ,6.6702051327000005
2068,NGFS2023REMIND_CP,Global,Oil&Gas,Gas,Price,$/GJ,6.6469318808
2069,NGFS2023REMIND_CP,Global,Oil&Gas,Gas,Price,$/GJ,6.6236586289
2070,NGFS2023REMIND_CP,Global,Oil&Gas,Gas,Price,$/GJ,6.600385377
2071,NGFS2023REMIND_CP,Global,Oil&Gas,Gas,Price,$/GJ,6.6502673634
2072,NGFS2023REMIND_CP,Global,Oil&Gas,Gas,Price,$/GJ,6.7001493498
2073,NGFS2023REMIND_CP,Global,Oil&Gas,Gas,Price,$/GJ,6.7500313362
2074,NGFS2023REMIND_CP,Global,Oil&Gas,Gas,Price,$/GJ,6.7999133226
2075,NGFS2023REMIND_CP,Global,Oil&Gas,Gas,Price,$/GJ,6.849795309
2076,NGFS2023REMIND_CP,Global,Oil&Gas,Gas,Price,$/GJ,6.8996772954
2077,NGFS2023REMIND_CP,Global,Oil&Gas,Gas,Price,$/GJ,6.9495592818
2078,NGFS2023REMIND_CP,Global,Oil&Gas,Gas,Price,$/GJ,6.9994412682
2079,NGFS2023REMIND_CP,Global,Oil&Gas,Gas,Price,$/GJ,7.0493232546
2080,NGFS2023REMIND_CP,Global,Oil&Gas,Gas,Price,$/GJ,7.099205241
2081,NGFS2023REMIND_CP,Global,Oil&Gas,Gas,Price,$/GJ,7.1567871059
2082,NGFS2023REMIND_CP,Global,Oil&Gas,Gas,Price,$/GJ,7.2143689708
2083,NGFS2023REMIND_CP,Global,Oil&Gas,Gas,Price,$/GJ,7.2719508357
2084,NGFS2023REMIND_CP,Global,Oil&Gas,Gas,Price,$/GJ,7.3295327006
2085,NGFS2023REMIND_CP,Global,Oil&Gas,Gas,Price,$/GJ,7.3871145655
2086,NGFS2023REMIND_CP,Global,Oil&Gas,Gas,Price,$/GJ,7.4446964304
2087,NGFS2023REMIND_CP,Global,Oil&Gas,Gas,Price,$/GJ,7.5022782953
2088,NGFS2023REMIND_CP,Global,Oil&Gas,Gas,Price,$/GJ,7.5598601602
2089,NGFS2023REMIND_CP,Global,Oil&Gas,Gas,Price,$/GJ,7.6174420251
2090,NGFS2023REMIND_CP,Global,Oil&Gas,Gas,Price,$/GJ,7.67502389
2091,NGFS2023REMIND_CP,Global,Oil&Gas,Gas,Price,$/GJ,7.7046493994
2092,NGFS2023REMIND_CP,Global,Oil&Gas,Gas,Price,$/GJ,7.7342749088
2093,NGFS2023REMIND_CP,Global,Oil&Gas,Gas,Price,$/GJ,7.7639004182
2094,NGFS2023REMIND_CP,Global,Oil&Gas,Gas,Price,$/GJ,7.7935259276
2095,NGFS2023REMIND_CP,Global,Oil&Gas,Gas,Price,$/GJ,7.823151437
2096,NGFS2023REMIND_CP,Global,Oil&Gas,Gas,Price,$/GJ,7.8527769464
2097,NGFS2023REMIND_CP,Global,Oil&Gas,Gas,Price,$/GJ,7.882402455799999
2098,NGFS2023REMIND_CP,Global,Oil&Gas,Gas,Price,$/GJ,7.9120279652
2099,NGFS2023REMIND_CP,Global,Oil&Gas,Gas,Price,$/GJ,7.9416534746
2100,NGFS2023REMIND_CP,Global,Oil&Gas,Gas,Price,$/GJ,7.971278984
2022,NGFS2023GCAM_DT,Global,Oil&Gas,Gas,Price,$/GJ,5.867102048
2023,NGFS2023GCAM_DT,Global,Oil&Gas,Gas,Price,$/GJ,5.898555895
2024,NGFS2023GCAM_DT,Global,Oil&Gas,Gas,Price,$/GJ,5.930009742
2025,NGFS2023GCAM_DT,Global,Oil&Gas,Gas,Price,$/GJ,5.961463589
2026,NGFS2023GCAM_DT,Global,Oil&Gas,Gas,Price,$/GJ,5.9451589236
2027,NGFS2023GCAM_DT,Global,Oil&Gas,Gas,Price,$/GJ,5.9288542582
2028,NGFS2023GCAM_DT,Global,Oil&Gas,Gas,Price,$/GJ,5.9125495928
2029,NGFS2023GCAM_DT,Global,Oil&Gas,Gas,Price,$/GJ,5.8962449274
2030,NGFS2023GCAM_DT,Global,Oil&Gas,Gas,Price,$/GJ,5.879940262
2031,NGFS2023GCAM_DT,Global,Oil&Gas,Gas,Price,$/GJ,5.991951977
2032,NGFS2023GCAM_DT,Global,Oil&Gas,Gas,Price,$/GJ,6.103963692
2033,NGFS2023GCAM_DT,Global,Oil&Gas,Gas,Price,$/GJ,6.215975407
2034,NGFS2023GCAM_DT,Global,Oil&Gas,Gas,Price,$/GJ,6.327987122
2035,NGFS2023GCAM_DT,Global,Oil&Gas,Gas,Price,$/GJ,6.439998837
2036,NGFS2023GCAM_DT,Global,Oil&Gas,Gas,Price,$/GJ,6.5214999734
2037,NGFS2023GCAM_DT,Global,Oil&Gas,Gas,Price,$/GJ,6.6030011098
2038,NGFS2023GCAM_DT,Global,Oil&Gas,Gas,Price,$/GJ,6.6845022462
2039,NGFS2023GCAM_DT,Global,Oil&Gas,Gas,Price,$/GJ,6.7660033826
2040,NGFS2023GCAM_DT,Global,Oil&Gas,Gas,Price,$/GJ,6.847504519
2041,NGFS2023GCAM_DT,Global,Oil&Gas,Gas,Price,$/GJ,6.9380435632
2042,NGFS2023GCAM_DT,Global,Oil&Gas,Gas,Price,$/GJ,7.0285826074
2043,NGFS2023GCAM_DT,Global,Oil&Gas,Gas,Price,$/GJ,7.1191216516
2044,NGFS2023GCAM_DT,Global,Oil&Gas,Gas,Price,$/GJ,7.2096606958
2045,NGFS2023GCAM_DT,Global,Oil&Gas,Gas,Price,$/GJ,7.30019974
2046,NGFS2023GCAM_DT,Global,Oil&Gas,Gas,Price,$/GJ,7.4441072824
2047,NGFS2023GCAM_DT,Global,Oil&Gas,Gas,Price,$/GJ,7.5880148248
2048,NGFS2023GCAM_DT,Global,Oil&Gas,Gas,Price,$/GJ,7.731922367199999
2049,NGFS2023GCAM_DT,Global,Oil&Gas,Gas,Price,$/GJ,7.875829909599999
2050,NGFS2023GCAM_DT,Global,Oil&Gas,Gas,Price,$/GJ,8.019737452
2051,NGFS2023GCAM_DT,Global,Oil&Gas,Gas,Price,$/GJ,8.088827628799999
2052,NGFS2023GCAM_DT,Global,Oil&Gas,Gas,Price,$/GJ,8.157917805599999
2053,NGFS2023GCAM_DT,Global,Oil&Gas,Gas,Price,$/GJ,8.2270079824
2054,NGFS2023GCAM_DT,Global,Oil&Gas,Gas,Price,$/GJ,8.2960981592
2055,NGFS2023GCAM_DT,Global,Oil&Gas,Gas,Price,$/GJ,8.365188336
2056,NGFS2023GCAM_DT,Global,Oil&Gas,Gas,Price,$/GJ,8.4523216484
2057,NGFS2023GCAM_DT,Global,Oil&Gas,Gas,Price,$/GJ,8.5394549608
2058,NGFS2023GCAM_DT,Global,Oil&Gas,Gas,Price,$/GJ,8.6265882732
2059,NGFS2023GCAM_DT,Global,Oil&Gas,Gas,Price,$/GJ,8.7137215856
2060,NGFS2023GCAM_DT,Global,Oil&Gas,Gas,Price,$/GJ,8.800854898
2061,NGFS2023GCAM_DT,Global,Oil&Gas,Gas,Price,$/GJ,8.786184612800001
2062,NGFS2023GCAM_DT,Global,Oil&Gas,Gas,Price,$/GJ,8.7715143276
2063,NGFS2023GCAM_DT,Global,Oil&Gas,Gas,Price,$/GJ,8.756844042400001
2064,NGFS2023GCAM_DT,Global,Oil&Gas,Gas,Price,$/GJ,8.7421737572
2065,NGFS2023GCAM_DT,Global,Oil&Gas,Gas,Price,$/GJ,8.727503472
2066,NGFS2023GCAM_DT,Global,Oil&Gas,Gas,Price,$/GJ,8.700907377
2067,NGFS2023GCAM_DT,Global,Oil&Gas,Gas,Price,$/GJ,8.674311282
2068,NGFS2023GCAM_DT,Global,Oil&Gas,Gas,Price,$/GJ,8.647715187000001
2069,NGFS2023GCAM_DT,Global,Oil&Gas,Gas,Price,$/GJ,8.621119092
2070,NGFS2023GCAM_DT,Global,Oil&Gas,Gas,Price,$/GJ,8.594522997
2071,NGFS2023GCAM_DT,Global,Oil&Gas,Gas,Price,$/GJ,8.550961989000001
2072,NGFS2023GCAM_DT,Global,Oil&Gas,Gas,Price,$/GJ,8.507400981
2073,NGFS2023GCAM_DT,Global,Oil&Gas,Gas,Price,$/GJ,8.463839973
2074,NGFS2023GCAM_DT,Global,Oil&Gas,Gas,Price,$/GJ,8.420278965
2075,NGFS2023GCAM_DT,Global,Oil&Gas,Gas,Price,$/GJ,8.376717957
2076,NGFS2023GCAM_DT,Global,Oil&Gas,Gas,Price,$/GJ,8.303959603600001
2077,NGFS2023GCAM_DT,Global,Oil&Gas,Gas,Price,$/GJ,8.2312012502
2078,NGFS2023GCAM_DT,Global,Oil&Gas,Gas,Price,$/GJ,8.1584428968
2079,NGFS2023GCAM_DT,Global,Oil&Gas,Gas,Price,$/GJ,8.0856845434
2080,NGFS2023GCAM_DT,Global,Oil&Gas,Gas,Price,$/GJ,8.01292619
2081,NGFS2023GCAM_DT,Global,Oil&Gas,Gas,Price,$/GJ,7.9206708654
2082,NGFS2023GCAM_DT,Global,Oil&Gas,Gas,Price,$/GJ,7.8284155408
2083,NGFS2023GCAM_DT,Global,Oil&Gas,Gas,Price,$/GJ,7.7361602162
2084,NGFS2023GCAM_DT,Global,Oil&Gas,Gas,Price,$/GJ,7.6439048916
2085,NGFS2023GCAM_DT,Global,Oil&Gas,Gas,Price,$/GJ,7.551649567
2086,NGFS2023GCAM_DT,Global,Oil&Gas,Gas,Price,$/GJ,7.4341963068
2087,NGFS2023GCAM_DT,Global,Oil&Gas,Gas,Price,$/GJ,7.3167430466
2088,NGFS2023GCAM_DT,Global,Oil&Gas,Gas,Price,$/GJ,7.1992897864
2089,NGFS2023GCAM_DT,Global,Oil&Gas,Gas,Price,$/GJ,7.0818365262
2090,NGFS2023GCAM_DT,Global,Oil&Gas,Gas,Price,$/GJ,6.964383266
2091,NGFS2023GCAM_DT,Global,Oil&Gas,Gas,Price,$/GJ,6.833590907
2092,NGFS2023GCAM_DT,Global,Oil&Gas,Gas,Price,$/GJ,6.702798548
2093,NGFS2023GCAM_DT,Global,Oil&Gas,Gas,Price,$/GJ,6.572006189
2094,NGFS2023GCAM_DT,Global,Oil&Gas,Gas,Price,$/GJ,6.44121383
2095,NGFS2023GCAM_DT,Global,Oil&Gas,Gas,Price,$/GJ,6.310421471
2096,NGFS2023GCAM_DT,Global,Oil&Gas,Gas,Price,$/GJ,6.179666431199999
2097,NGFS2023GCAM_DT,Global,Oil&Gas,Gas,Price,$/GJ,6.0489113914
2098,NGFS2023GCAM_DT,Global,Oil&Gas,Gas,Price,$/GJ,5.9181563515999995
2099,NGFS2023GCAM_DT,Global,Oil&Gas,Gas,Price,$/GJ,5.7874013118
2100,NGFS2023GCAM_DT,Global,Oil&Gas,Gas,Price,$/GJ,5.656646272
2022,NGFS2023MESSAGE_DT,Global,Oil&Gas,Gas,Price,$/GJ,2.822549596
2023,NGFS2023MESSAGE_DT,Global,Oil&Gas,Gas,Price,$/GJ,2.8128307799999996
2024,NGFS2023MESSAGE_DT,Global,Oil&Gas,Gas,Price,$/GJ,2.8031119639999997
2025,NGFS2023MESSAGE_DT,Global,Oil&Gas,Gas,Price,$/GJ,2.793393148
2026,NGFS2023MESSAGE_DT,Global,Oil&Gas,Gas,Price,$/GJ,2.9513308236
2027,NGFS2023MESSAGE_DT,Global,Oil&Gas,Gas,Price,$/GJ,3.1092684991999997
2028,NGFS2023MESSAGE_DT,Global,Oil&Gas,Gas,Price,$/GJ,3.2672061748
2029,NGFS2023MESSAGE_DT,Global,Oil&Gas,Gas,Price,$/GJ,3.4251438504
2030,NGFS2023MESSAGE_DT,Global,Oil&Gas,Gas,Price,$/GJ,3.583081526
2031,NGFS2023MESSAGE_DT,Global,Oil&Gas,Gas,Price,$/GJ,3.7392164764
2032,NGFS2023MESSAGE_DT,Global,Oil&Gas,Gas,Price,$/GJ,3.8953514268
2033,NGFS2023MESSAGE_DT,Global,Oil&Gas,Gas,Price,$/GJ,4.0514863772
2034,NGFS2023MESSAGE_DT,Global,Oil&Gas,Gas,Price,$/GJ,4.2076213276
2035,NGFS2023MESSAGE_DT,Global,Oil&Gas,Gas,Price,$/GJ,4.363756278
2036,NGFS2023MESSAGE_DT,Global,Oil&Gas,Gas,Price,$/GJ,4.3768316446
2037,NGFS2023MESSAGE_DT,Global,Oil&Gas,Gas,Price,$/GJ,4.3899070112
2038,NGFS2023MESSAGE_DT,Global,Oil&Gas,Gas,Price,$/GJ,4.4029823778
2039,NGFS2023MESSAGE_DT,Global,Oil&Gas,Gas,Price,$/GJ,4.4160577444
2040,NGFS2023MESSAGE_DT,Global,Oil&Gas,Gas,Price,$/GJ,4.429133111
2041,NGFS2023MESSAGE_DT,Global,Oil&Gas,Gas,Price,$/GJ,4.4095785066
2042,NGFS2023MESSAGE_DT,Global,Oil&Gas,Gas,Price,$/GJ,4.3900239022
2043,NGFS2023MESSAGE_DT,Global,Oil&Gas,Gas,Price,$/GJ,4.3704692978
2044,NGFS2023MESSAGE_DT,Global,Oil&Gas,Gas,Price,$/GJ,4.3509146934
2045,NGFS2023MESSAGE_DT,Global,Oil&Gas,Gas,Price,$/GJ,4.331360089
2046,NGFS2023MESSAGE_DT,Global,Oil&Gas,Gas,Price,$/GJ,4.4371984898
2047,NGFS2023MESSAGE_DT,Global,Oil&Gas,Gas,Price,$/GJ,4.5430368906
2048,NGFS2023MESSAGE_DT,Global,Oil&Gas,Gas,Price,$/GJ,4.6488752914000004
2049,NGFS2023MESSAGE_DT,Global,Oil&Gas,Gas,Price,$/GJ,4.7547136922
2050,NGFS2023MESSAGE_DT,Global,Oil&Gas,Gas,Price,$/GJ,4.860552093
2051,NGFS2023MESSAGE_DT,Global,Oil&Gas,Gas,Price,$/GJ,4.8979577968
2052,NGFS2023MESSAGE_DT,Global,Oil&Gas,Gas,Price,$/GJ,4.9353635006
2053,NGFS2023MESSAGE_DT,Global,Oil&Gas,Gas,Price,$/GJ,4.9727692044
2054,NGFS2023MESSAGE_DT,Global,Oil&Gas,Gas,Price,$/GJ,5.0101749082
2055,NGFS2023MESSAGE_DT,Global,Oil&Gas,Gas,Price,$/GJ,5.047580612
2056,NGFS2023MESSAGE_DT,Global,Oil&Gas,Gas,Price,$/GJ,5.2727344064
2057,NGFS2023MESSAGE_DT,Global,Oil&Gas,Gas,Price,$/GJ,5.4978882008
2058,NGFS2023MESSAGE_DT,Global,Oil&Gas,Gas,Price,$/GJ,5.7230419952
2059,NGFS2023MESSAGE_DT,Global,Oil&Gas,Gas,Price,$/GJ,5.948195789600001
2060,NGFS2023MESSAGE_DT,Global,Oil&Gas,Gas,Price,$/GJ,6.173349584
2061,NGFS2023MESSAGE_DT,Global,Oil&Gas,Gas,Price,$/GJ,6.226163880300001
2062,NGFS2023MESSAGE_DT,Global,Oil&Gas,Gas,Price,$/GJ,6.2789781766
2063,NGFS2023MESSAGE_DT,Global,Oil&Gas,Gas,Price,$/GJ,6.3317924729
2064,NGFS2023MESSAGE_DT,Global,Oil&Gas,Gas,Price,$/GJ,6.3846067692
2065,NGFS2023MESSAGE_DT,Global,Oil&Gas,Gas,Price,$/GJ,6.437421065500001
2066,NGFS2023MESSAGE_DT,Global,Oil&Gas,Gas,Price,$/GJ,6.4902353618
2067,NGFS2023MESSAGE_DT,Global,Oil&Gas,Gas,Price,$/GJ,6.5430496581
2068,NGFS2023MESSAGE_DT,Global,Oil&Gas,Gas,Price,$/GJ,6.5958639544
2069,NGFS2023MESSAGE_DT,Global,Oil&Gas,Gas,Price,$/GJ,6.6486782507
2070,NGFS2023MESSAGE_DT,Global,Oil&Gas,Gas,Price,$/GJ,6.701492547
2071,NGFS2023MESSAGE_DT,Global,Oil&Gas,Gas,Price,$/GJ,6.7179301169
2072,NGFS2023MESSAGE_DT,Global,Oil&Gas,Gas,Price,$/GJ,6.7343676868
2073,NGFS2023MESSAGE_DT,Global,Oil&Gas,Gas,Price,$/GJ,6.7508052567
2074,NGFS2023MESSAGE_DT,Global,Oil&Gas,Gas,Price,$/GJ,6.7672428265999995
2075,NGFS2023MESSAGE_DT,Global,Oil&Gas,Gas,Price,$/GJ,6.783680396499999
2076,NGFS2023MESSAGE_DT,Global,Oil&Gas,Gas,Price,$/GJ,6.8001179664
2077,NGFS2023MESSAGE_DT,Global,Oil&Gas,Gas,Price,$/GJ,6.8165555363
2078,NGFS2023MESSAGE_DT,Global,Oil&Gas,Gas,Price,$/GJ,6.8329931062
2079,NGFS2023MESSAGE_DT,Global,Oil&Gas,Gas,Price,$/GJ,6.8494306761
2080,NGFS2023MESSAGE_DT,Global,Oil&Gas,Gas,Price,$/GJ,6.865868246
2081,NGFS2023MESSAGE_DT,Global,Oil&Gas,Gas,Price,$/GJ,6.8816690378
2082,NGFS2023MESSAGE_DT,Global,Oil&Gas,Gas,Price,$/GJ,6.897469829599999
2083,NGFS2023MESSAGE_DT,Global,Oil&Gas,Gas,Price,$/GJ,6.9132706214
2084,NGFS2023MESSAGE_DT,Global,Oil&Gas,Gas,Price,$/GJ,6.9290714132
2085,NGFS2023MESSAGE_DT,Global,Oil&Gas,Gas,Price,$/GJ,6.944872204999999
2086,NGFS2023MESSAGE_DT,Global,Oil&Gas,Gas,Price,$/GJ,6.9606729968
2087,NGFS2023MESSAGE_DT,Global,Oil&Gas,Gas,Price,$/GJ,6.9764737886
2088,NGFS2023MESSAGE_DT,Global,Oil&Gas,Gas,Price,$/GJ,6.9922745804
2089,NGFS2023MESSAGE_DT,Global,Oil&Gas,Gas,Price,$/GJ,7.0080753721999995
2090,NGFS2023MESSAGE_DT,Global,Oil&Gas,Gas,Price,$/GJ,7.023876164
2091,NGFS2023MESSAGE_DT,Global,Oil&Gas,Gas,Price,$/GJ,7.06441773
2092,NGFS2023MESSAGE_DT,Global,Oil&Gas,Gas,Price,$/GJ,7.104959296
2093,NGFS2023MESSAGE_DT,Global,Oil&Gas,Gas,Price,$/GJ,7.145500862
2094,NGFS2023MESSAGE_DT,Global,Oil&Gas,Gas,Price,$/GJ,7.1860424279999995
2095,NGFS2023MESSAGE_DT,Global,Oil&Gas,Gas,Price,$/GJ,7.226583994
2096,NGFS2023MESSAGE_DT,Global,Oil&Gas,Gas,Price,$/GJ,7.26712556
2097,NGFS2023MESSAGE_DT,Global,Oil&Gas,Gas,Price,$/GJ,7.307667126
2098,NGFS2023MESSAGE_DT,Global,Oil&Gas,Gas,Price,$/GJ,7.348208692
2099,NGFS2023MESSAGE_DT,Global,Oil&Gas,Gas,Price,$/GJ,7.388750258
2100,NGFS2023MESSAGE_DT,Global,Oil&Gas,Gas,Price,$/GJ,7.429291824
2022,NGFS2023REMIND_DT,Global,Oil&Gas,Gas,Price,$/GJ,4.2485176812
2023,NGFS2023REMIND_DT,Global,Oil&Gas,Gas,Price,$/GJ,4.3872302798
2024,NGFS2023REMIND_DT,Global,Oil&Gas,Gas,Price,$/GJ,4.5259428784
2025,NGFS2023REMIND_DT,Global,Oil&Gas,Gas,Price,$/GJ,4.664655477
2026,NGFS2023REMIND_DT,Global,Oil&Gas,Gas,Price,$/GJ,4.6577943126
2027,NGFS2023REMIND_DT,Global,Oil&Gas,Gas,Price,$/GJ,4.6509331482
2028,NGFS2023REMIND_DT,Global,Oil&Gas,Gas,Price,$/GJ,4.6440719838
2029,NGFS2023REMIND_DT,Global,Oil&Gas,Gas,Price,$/GJ,4.6372108194
2030,NGFS2023REMIND_DT,Global,Oil&Gas,Gas,Price,$/GJ,4.630349655
2031,NGFS2023REMIND_DT,Global,Oil&Gas,Gas,Price,$/GJ,4.8506593568
2032,NGFS2023REMIND_DT,Global,Oil&Gas,Gas,Price,$/GJ,5.0709690586
2033,NGFS2023REMIND_DT,Global,Oil&Gas,Gas,Price,$/GJ,5.2912787604
2034,NGFS2023REMIND_DT,Global,Oil&Gas,Gas,Price,$/GJ,5.511588462200001
2035,NGFS2023REMIND_DT,Global,Oil&Gas,Gas,Price,$/GJ,5.731898164
2036,NGFS2023REMIND_DT,Global,Oil&Gas,Gas,Price,$/GJ,5.655491044200001
2037,NGFS2023REMIND_DT,Global,Oil&Gas,Gas,Price,$/GJ,5.5790839244
2038,NGFS2023REMIND_DT,Global,Oil&Gas,Gas,Price,$/GJ,5.5026768046
2039,NGFS2023REMIND_DT,Global,Oil&Gas,Gas,Price,$/GJ,5.426269684799999
2040,NGFS2023REMIND_DT,Global,Oil&Gas,Gas,Price,$/GJ,5.349862565
2041,NGFS2023REMIND_DT,Global,Oil&Gas,Gas,Price,$/GJ,5.235232367
2042,NGFS2023REMIND_DT,Global,Oil&Gas,Gas,Price,$/GJ,5.120602169
2043,NGFS2023REMIND_DT,Global,Oil&Gas,Gas,Price,$/GJ,5.005971971
2044,NGFS2023REMIND_DT,Global,Oil&Gas,Gas,Price,$/GJ,4.891341773
2045,NGFS2023REMIND_DT,Global,Oil&Gas,Gas,Price,$/GJ,4.776711575
2046,NGFS2023REMIND_DT,Global,Oil&Gas,Gas,Price,$/GJ,4.660060394
2047,NGFS2023REMIND_DT,Global,Oil&Gas,Gas,Price,$/GJ,4.543409213
2048,NGFS2023REMIND_DT,Global,Oil&Gas,Gas,Price,$/GJ,4.4267580319999995
2049,NGFS2023REMIND_DT,Global,Oil&Gas,Gas,Price,$/GJ,4.310106851
2050,NGFS2023REMIND_DT,Global,Oil&Gas,Gas,Price,$/GJ,4.19345567
2051,NGFS2023REMIND_DT,Global,Oil&Gas,Gas,Price,$/GJ,4.2367142462
2052,NGFS2023REMIND_DT,Global,Oil&Gas,Gas,Price,$/GJ,4.2799728223999995
2053,NGFS2023REMIND_DT,Global,Oil&Gas,Gas,Price,$/GJ,4.3232313986
2054,NGFS2023REMIND_DT,Global,Oil&Gas,Gas,Price,$/GJ,4.3664899747999995
2055,NGFS2023REMIND_DT,Global,Oil&Gas,Gas,Price,$/GJ,4.409748551
2056,NGFS2023REMIND_DT,Global,Oil&Gas,Gas,Price,$/GJ,4.5811427363999995
2057,NGFS2023REMIND_DT,Global,Oil&Gas,Gas,Price,$/GJ,4.7525369218
2058,NGFS2023REMIND_DT,Global,Oil&Gas,Gas,Price,$/GJ,4.9239311072
2059,NGFS2023REMIND_DT,Global,Oil&Gas,Gas,Price,$/GJ,5.0953252926
2060,NGFS2023REMIND_DT,Global,Oil&Gas,Gas,Price,$/GJ,5.266719478
2061,NGFS2023REMIND_DT,Global,Oil&Gas,Gas,Price,$/GJ,5.2430304359
2062,NGFS2023REMIND_DT,Global,Oil&Gas,Gas,Price,$/GJ,5.2193413938
2063,NGFS2023REMIND_DT,Global,Oil&Gas,Gas,Price,$/GJ,5.1956523517
2064,NGFS2023REMIND_DT,Global,Oil&Gas,Gas,Price,$/GJ,5.1719633096
2065,NGFS2023REMIND_DT,Global,Oil&Gas,Gas,Price,$/GJ,5.1482742675
2066,NGFS2023REMIND_DT,Global,Oil&Gas,Gas,Price,$/GJ,5.1245852254
2067,NGFS2023REMIND_DT,Global,Oil&Gas,Gas,Price,$/GJ,5.1008961833
2068,NGFS2023REMIND_DT,Global,Oil&Gas,Gas,Price,$/GJ,5.0772071412
2069,NGFS2023REMIND_DT,Global,Oil&Gas,Gas,Price,$/GJ,5.0535180991
2070,NGFS2023REMIND_DT,Global,Oil&Gas,Gas,Price,$/GJ,5.029829057
2071,NGFS2023REMIND_DT,Global,Oil&Gas,Gas,Price,$/GJ,5.0713230921
2072,NGFS2023REMIND_DT,Global,Oil&Gas,Gas,Price,$/GJ,5.1128171272
2073,NGFS2023REMIND_DT,Global,Oil&Gas,Gas,Price,$/GJ,5.1543111623
2074,NGFS2023REMIND_DT,Global,Oil&Gas,Gas,Price,$/GJ,5.1958051973999995
2075,NGFS2023REMIND_DT,Global,Oil&Gas,Gas,Price,$/GJ,5.2372992325
2076,NGFS2023REMIND_DT,Global,Oil&Gas,Gas,Price,$/GJ,5.2787932676
2077,NGFS2023REMIND_DT,Global,Oil&Gas,Gas,Price,$/GJ,5.3202873027
2078,NGFS2023REMIND_DT,Global,Oil&Gas,Gas,Price,$/GJ,5.3617813378
2079,NGFS2023REMIND_DT,Global,Oil&Gas,Gas,Price,$/GJ,5.4032753729
2080,NGFS2023REMIND_DT,Global,Oil&Gas,Gas,Price,$/GJ,5.444769408
2081,NGFS2023REMIND_DT,Global,Oil&Gas,Gas,Price,$/GJ,5.4234911959
2082,NGFS2023REMIND_DT,Global,Oil&Gas,Gas,Price,$/GJ,5.4022129838
2083,NGFS2023REMIND_DT,Global,Oil&Gas,Gas,Price,$/GJ,5.3809347717
2084,NGFS2023REMIND_DT,Global,Oil&Gas,Gas,Price,$/GJ,5.3596565596
2085,NGFS2023REMIND_DT,Global,Oil&Gas,Gas,Price,$/GJ,5.3383783475
2086,NGFS2023REMIND_DT,Global,Oil&Gas,Gas,Price,$/GJ,5.3171001354
2087,NGFS2023REMIND_DT,Global,Oil&Gas,Gas,Price,$/GJ,5.2958219233
2088,NGFS2023REMIND_DT,Global,Oil&Gas,Gas,Price,$/GJ,5.2745437112
2089,NGFS2023REMIND_DT,Global,Oil&Gas,Gas,Price,$/GJ,5.2532654991
2090,NGFS2023REMIND_DT,Global,Oil&Gas,Gas,Price,$/GJ,5.231987287
2091,NGFS2023REMIND_DT,Global,Oil&Gas,Gas,Price,$/GJ,5.202545873
2092,NGFS2023REMIND_DT,Global,Oil&Gas,Gas,Price,$/GJ,5.173104459
2093,NGFS2023REMIND_DT,Global,Oil&Gas,Gas,Price,$/GJ,5.143663045
2094,NGFS2023REMIND_DT,Global,Oil&Gas,Gas,Price,$/GJ,5.114221631
2095,NGFS2023REMIND_DT,Global,Oil&Gas,Gas,Price,$/GJ,5.0847802170000005
2096,NGFS2023REMIND_DT,Global,Oil&Gas,Gas,Price,$/GJ,5.055338803
2097,NGFS2023REMIND_DT,Global,Oil&Gas,Gas,Price,$/GJ,5.025897389
2098,NGFS2023REMIND_DT,Global,Oil&Gas,Gas,Price,$/GJ,4.996455975
2099,NGFS2023REMIND_DT,Global,Oil&Gas,Gas,Price,$/GJ,4.967014561
2100,NGFS2023REMIND_DT,Global,Oil&Gas,Gas,Price,$/GJ,4.937573147
2022,NGFS2023GCAM_FW,Global,Oil&Gas,Gas,Price,$/GJ,5.867116572
2023,NGFS2023GCAM_FW,Global,Oil&Gas,Gas,Price,$/GJ,5.898569612
2024,NGFS2023GCAM_FW,Global,Oil&Gas,Gas,Price,$/GJ,5.930022652
2025,NGFS2023GCAM_FW,Global,Oil&Gas,Gas,Price,$/GJ,5.961475692
2026,NGFS2023GCAM_FW,Global,Oil&Gas,Gas,Price,$/GJ,5.9451710268
2027,NGFS2023GCAM_FW,Global,Oil&Gas,Gas,Price,$/GJ,5.9288663616
2028,NGFS2023GCAM_FW,Global,Oil&Gas,Gas,Price,$/GJ,5.9125616964
2029,NGFS2023GCAM_FW,Global,Oil&Gas,Gas,Price,$/GJ,5.8962570312
2030,NGFS2023GCAM_FW,Global,Oil&Gas,Gas,Price,$/GJ,5.879952366
2031,NGFS2023GCAM_FW,Global,Oil&Gas,Gas,Price,$/GJ,5.9157261644000005
2032,NGFS2023GCAM_FW,Global,Oil&Gas,Gas,Price,$/GJ,5.951499962800001
2033,NGFS2023GCAM_FW,Global,Oil&Gas,Gas,Price,$/GJ,5.9872737612
2034,NGFS2023GCAM_FW,Global,Oil&Gas,Gas,Price,$/GJ,6.0230475596
2035,NGFS2023GCAM_FW,Global,Oil&Gas,Gas,Price,$/GJ,6.058821358
2036,NGFS2023GCAM_FW,Global,Oil&Gas,Gas,Price,$/GJ,6.1036177328
2037,NGFS2023GCAM_FW,Global,Oil&Gas,Gas,Price,$/GJ,6.1484141076
2038,NGFS2023GCAM_FW,Global,Oil&Gas,Gas,Price,$/GJ,6.1932104824000005
2039,NGFS2023GCAM_FW,Global,Oil&Gas,Gas,Price,$/GJ,6.2380068572
2040,NGFS2023GCAM_FW,Global,Oil&Gas,Gas,Price,$/GJ,6.282803232
2041,NGFS2023GCAM_FW,Global,Oil&Gas,Gas,Price,$/GJ,6.2917896996
2042,NGFS2023GCAM_FW,Global,Oil&Gas,Gas,Price,$/GJ,6.3007761672000004
2043,NGFS2023GCAM_FW,Global,Oil&Gas,Gas,Price,$/GJ,6.3097626348
2044,NGFS2023GCAM_FW,Global,Oil&Gas,Gas,Price,$/GJ,6.3187491024
2045,NGFS2023GCAM_FW,Global,Oil&Gas,Gas,Price,$/GJ,6.32773557
2046,NGFS2023GCAM_FW,Global,Oil&Gas,Gas,Price,$/GJ,6.3363665972
2047,NGFS2023GCAM_FW,Global,Oil&Gas,Gas,Price,$/GJ,6.3449976243999995
2048,NGFS2023GCAM_FW,Global,Oil&Gas,Gas,Price,$/GJ,6.3536286516
2049,NGFS2023GCAM_FW,Global,Oil&Gas,Gas,Price,$/GJ,6.3622596788
2050,NGFS2023GCAM_FW,Global,Oil&Gas,Gas,Price,$/GJ,6.370890706
2051,NGFS2023GCAM_FW,Global,Oil&Gas,Gas,Price,$/GJ,6.3807930074
2052,NGFS2023GCAM_FW,Global,Oil&Gas,Gas,Price,$/GJ,6.3906953088
2053,NGFS2023GCAM_FW,Global,Oil&Gas,Gas,Price,$/GJ,6.4005976102
2054,NGFS2023GCAM_FW,Global,Oil&Gas,Gas,Price,$/GJ,6.4104999116
2055,NGFS2023GCAM_FW,Global,Oil&Gas,Gas,Price,$/GJ,6.420402213
2056,NGFS2023GCAM_FW,Global,Oil&Gas,Gas,Price,$/GJ,6.4224507354
2057,NGFS2023GCAM_FW,Global,Oil&Gas,Gas,Price,$/GJ,6.4244992578
2058,NGFS2023GCAM_FW,Global,Oil&Gas,Gas,Price,$/GJ,6.4265477802
2059,NGFS2023GCAM_FW,Global,Oil&Gas,Gas,Price,$/GJ,6.4285963026
2060,NGFS2023GCAM_FW,Global,Oil&Gas,Gas,Price,$/GJ,6.430644825
2061,NGFS2023GCAM_FW,Global,Oil&Gas,Gas,Price,$/GJ,6.4424326546
2062,NGFS2023GCAM_FW,Global,Oil&Gas,Gas,Price,$/GJ,6.4542204842
2063,NGFS2023GCAM_FW,Global,Oil&Gas,Gas,Price,$/GJ,6.4660083138
2064,NGFS2023GCAM_FW,Global,Oil&Gas,Gas,Price,$/GJ,6.4777961434
2065,NGFS2023GCAM_FW,Global,Oil&Gas,Gas,Price,$/GJ,6.489583973
2066,NGFS2023GCAM_FW,Global,Oil&Gas,Gas,Price,$/GJ,6.4929727598
2067,NGFS2023GCAM_FW,Global,Oil&Gas,Gas,Price,$/GJ,6.4963615466
2068,NGFS2023GCAM_FW,Global,Oil&Gas,Gas,Price,$/GJ,6.4997503334
2069,NGFS2023GCAM_FW,Global,Oil&Gas,Gas,Price,$/GJ,6.5031391202
2070,NGFS2023GCAM_FW,Global,Oil&Gas,Gas,Price,$/GJ,6.506527907
2071,NGFS2023GCAM_FW,Global,Oil&Gas,Gas,Price,$/GJ,6.498733233599999
2072,NGFS2023GCAM_FW,Global,Oil&Gas,Gas,Price,$/GJ,6.4909385602
2073,NGFS2023GCAM_FW,Global,Oil&Gas,Gas,Price,$/GJ,6.4831438868
2074,NGFS2023GCAM_FW,Global,Oil&Gas,Gas,Price,$/GJ,6.4753492134
2075,NGFS2023GCAM_FW,Global,Oil&Gas,Gas,Price,$/GJ,6.46755454
2076,NGFS2023GCAM_FW,Global,Oil&Gas,Gas,Price,$/GJ,6.4633300046
2077,NGFS2023GCAM_FW,Global,Oil&Gas,Gas,Price,$/GJ,6.4591054692
2078,NGFS2023GCAM_FW,Global,Oil&Gas,Gas,Price,$/GJ,6.4548809338
2079,NGFS2023GCAM_FW,Global,Oil&Gas,Gas,Price,$/GJ,6.4506563984
2080,NGFS2023GCAM_FW,Global,Oil&Gas,Gas,Price,$/GJ,6.446431863
2081,NGFS2023GCAM_FW,Global,Oil&Gas,Gas,Price,$/GJ,6.4354507338
2082,NGFS2023GCAM_FW,Global,Oil&Gas,Gas,Price,$/GJ,6.4244696046
2083,NGFS2023GCAM_FW,Global,Oil&Gas,Gas,Price,$/GJ,6.4134884754
2084,NGFS2023GCAM_FW,Global,Oil&Gas,Gas,Price,$/GJ,6.4025073462
2085,NGFS2023GCAM_FW,Global,Oil&Gas,Gas,Price,$/GJ,6.391526217
2086,NGFS2023GCAM_FW,Global,Oil&Gas,Gas,Price,$/GJ,6.4000446814
2087,NGFS2023GCAM_FW,Global,Oil&Gas,Gas,Price,$/GJ,6.4085631458
2088,NGFS2023GCAM_FW,Global,Oil&Gas,Gas,Price,$/GJ,6.4170816102
2089,NGFS2023GCAM_FW,Global,Oil&Gas,Gas,Price,$/GJ,6.4256000746
2090,NGFS2023GCAM_FW,Global,Oil&Gas,Gas,Price,$/GJ,6.434118539
2091,NGFS2023GCAM_FW,Global,Oil&Gas,Gas,Price,$/GJ,6.4502773566
2092,NGFS2023GCAM_FW,Global,Oil&Gas,Gas,Price,$/GJ,6.4664361742
2093,NGFS2023GCAM_FW,Global,Oil&Gas,Gas,Price,$/GJ,6.4825949918
2094,NGFS2023GCAM_FW,Global,Oil&Gas,Gas,Price,$/GJ,6.4987538094
2095,NGFS2023GCAM_FW,Global,Oil&Gas,Gas,Price,$/GJ,6.514912627
2096,NGFS2023GCAM_FW,Global,Oil&Gas,Gas,Price,$/GJ,6.5231339498
2097,NGFS2023GCAM_FW,Global,Oil&Gas,Gas,Price,$/GJ,6.5313552726
2098,NGFS2023GCAM_FW,Global,Oil&Gas,Gas,Price,$/GJ,6.539576595400001
2099,NGFS2023GCAM_FW,Global,Oil&Gas,Gas,Price,$/GJ,6.547797918200001
2100,NGFS2023GCAM_FW,Global,Oil&Gas,Gas,Price,$/GJ,6.556019241
2022,NGFS2023MESSAGE_FW,Global,Oil&Gas,Gas,Price,$/GJ,2.822549596
2023,NGFS2023MESSAGE_FW,Global,Oil&Gas,Gas,Price,$/GJ,2.8128307799999996
2024,NGFS2023MESSAGE_FW,Global,Oil&Gas,Gas,Price,$/GJ,2.8031119639999997
2025,NGFS2023MESSAGE_FW,Global,Oil&Gas,Gas,Price,$/GJ,2.793393148
2026,NGFS2023MESSAGE_FW,Global,Oil&Gas,Gas,Price,$/GJ,2.9513308236
2027,NGFS2023MESSAGE_FW,Global,Oil&Gas,Gas,Price,$/GJ,3.1092684991999997
2028,NGFS2023MESSAGE_FW,Global,Oil&Gas,Gas,Price,$/GJ,3.2672061748
2029,NGFS2023MESSAGE_FW,Global,Oil&Gas,Gas,Price,$/GJ,3.4251438504
2030,NGFS2023MESSAGE_FW,Global,Oil&Gas,Gas,Price,$/GJ,3.583081526
2031,NGFS2023MESSAGE_FW,Global,Oil&Gas,Gas,Price,$/GJ,3.6687311356
2032,NGFS2023MESSAGE_FW,Global,Oil&Gas,Gas,Price,$/GJ,3.7543807452
2033,NGFS2023MESSAGE_FW,Global,Oil&Gas,Gas,Price,$/GJ,3.8400303548
2034,NGFS2023MESSAGE_FW,Global,Oil&Gas,Gas,Price,$/GJ,3.9256799644
2035,NGFS2023MESSAGE_FW,Global,Oil&Gas,Gas,Price,$/GJ,4.011329574
2036,NGFS2023MESSAGE_FW,Global,Oil&Gas,Gas,Price,$/GJ,4.0180307574
2037,NGFS2023MESSAGE_FW,Global,Oil&Gas,Gas,Price,$/GJ,4.0247319408
2038,NGFS2023MESSAGE_FW,Global,Oil&Gas,Gas,Price,$/GJ,4.0314331242
2039,NGFS2023MESSAGE_FW,Global,Oil&Gas,Gas,Price,$/GJ,4.0381343076
2040,NGFS2023MESSAGE_FW,Global,Oil&Gas,Gas,Price,$/GJ,4.044835491
2041,NGFS2023MESSAGE_FW,Global,Oil&Gas,Gas,Price,$/GJ,4.106285811599999
2042,NGFS2023MESSAGE_FW,Global,Oil&Gas,Gas,Price,$/GJ,4.1677361322
2043,NGFS2023MESSAGE_FW,Global,Oil&Gas,Gas,Price,$/GJ,4.2291864528
2044,NGFS2023MESSAGE_FW,Global,Oil&Gas,Gas,Price,$/GJ,4.2906367734
2045,NGFS2023MESSAGE_FW,Global,Oil&Gas,Gas,Price,$/GJ,4.352087094
2046,NGFS2023MESSAGE_FW,Global,Oil&Gas,Gas,Price,$/GJ,4.4583867997999995
2047,NGFS2023MESSAGE_FW,Global,Oil&Gas,Gas,Price,$/GJ,4.5646865056
2048,NGFS2023MESSAGE_FW,Global,Oil&Gas,Gas,Price,$/GJ,4.6709862114
2049,NGFS2023MESSAGE_FW,Global,Oil&Gas,Gas,Price,$/GJ,4.7772859172
2050,NGFS2023MESSAGE_FW,Global,Oil&Gas,Gas,Price,$/GJ,4.883585623
2051,NGFS2023MESSAGE_FW,Global,Oil&Gas,Gas,Price,$/GJ,4.9152213798
2052,NGFS2023MESSAGE_FW,Global,Oil&Gas,Gas,Price,$/GJ,4.9468571366
2053,NGFS2023MESSAGE_FW,Global,Oil&Gas,Gas,Price,$/GJ,4.9784928933999995
2054,NGFS2023MESSAGE_FW,Global,Oil&Gas,Gas,Price,$/GJ,5.0101286501999995
2055,NGFS2023MESSAGE_FW,Global,Oil&Gas,Gas,Price,$/GJ,5.041764407
2056,NGFS2023MESSAGE_FW,Global,Oil&Gas,Gas,Price,$/GJ,5.1980751193999994
2057,NGFS2023MESSAGE_FW,Global,Oil&Gas,Gas,Price,$/GJ,5.354385831799999
2058,NGFS2023MESSAGE_FW,Global,Oil&Gas,Gas,Price,$/GJ,5.5106965442
2059,NGFS2023MESSAGE_FW,Global,Oil&Gas,Gas,Price,$/GJ,5.6670072566
2060,NGFS2023MESSAGE_FW,Global,Oil&Gas,Gas,Price,$/GJ,5.823317969
2061,NGFS2023MESSAGE_FW,Global,Oil&Gas,Gas,Price,$/GJ,5.7977847488
2062,NGFS2023MESSAGE_FW,Global,Oil&Gas,Gas,Price,$/GJ,5.7722515286
2063,NGFS2023MESSAGE_FW,Global,Oil&Gas,Gas,Price,$/GJ,5.746718308399999
2064,NGFS2023MESSAGE_FW,Global,Oil&Gas,Gas,Price,$/GJ,5.7211850881999995
2065,NGFS2023MESSAGE_FW,Global,Oil&Gas,Gas,Price,$/GJ,5.695651868
2066,NGFS2023MESSAGE_FW,Global,Oil&Gas,Gas,Price,$/GJ,5.6701186478
2067,NGFS2023MESSAGE_FW,Global,Oil&Gas,Gas,Price,$/GJ,5.6445854276
2068,NGFS2023MESSAGE_FW,Global,Oil&Gas,Gas,Price,$/GJ,5.619052207399999
2069,NGFS2023MESSAGE_FW,Global,Oil&Gas,Gas,Price,$/GJ,5.5935189871999995
2070,NGFS2023MESSAGE_FW,Global,Oil&Gas,Gas,Price,$/GJ,5.567985767
2071,NGFS2023MESSAGE_FW,Global,Oil&Gas,Gas,Price,$/GJ,5.6389601009999994
2072,NGFS2023MESSAGE_FW,Global,Oil&Gas,Gas,Price,$/GJ,5.709934435
2073,NGFS2023MESSAGE_FW,Global,Oil&Gas,Gas,Price,$/GJ,5.780908769
2074,NGFS2023MESSAGE_FW,Global,Oil&Gas,Gas,Price,$/GJ,5.851883103
2075,NGFS2023MESSAGE_FW,Global,Oil&Gas,Gas,Price,$/GJ,5.922857436999999
2076,NGFS2023MESSAGE_FW,Global,Oil&Gas,Gas,Price,$/GJ,5.993831771
2077,NGFS2023MESSAGE_FW,Global,Oil&Gas,Gas,Price,$/GJ,6.064806105
2078,NGFS2023MESSAGE_FW,Global,Oil&Gas,Gas,Price,$/GJ,6.1357804389999995
2079,NGFS2023MESSAGE_FW,Global,Oil&Gas,Gas,Price,$/GJ,6.206754773
2080,NGFS2023MESSAGE_FW,Global,Oil&Gas,Gas,Price,$/GJ,6.277729107
2081,NGFS2023MESSAGE_FW,Global,Oil&Gas,Gas,Price,$/GJ,6.3318438886
2082,NGFS2023MESSAGE_FW,Global,Oil&Gas,Gas,Price,$/GJ,6.3859586702
2083,NGFS2023MESSAGE_FW,Global,Oil&Gas,Gas,Price,$/GJ,6.4400734518
2084,NGFS2023MESSAGE_FW,Global,Oil&Gas,Gas,Price,$/GJ,6.4941882334
2085,NGFS2023MESSAGE_FW,Global,Oil&Gas,Gas,Price,$/GJ,6.548303015
2086,NGFS2023MESSAGE_FW,Global,Oil&Gas,Gas,Price,$/GJ,6.6024177966
2087,NGFS2023MESSAGE_FW,Global,Oil&Gas,Gas,Price,$/GJ,6.6565325782
2088,NGFS2023MESSAGE_FW,Global,Oil&Gas,Gas,Price,$/GJ,6.7106473598
2089,NGFS2023MESSAGE_FW,Global,Oil&Gas,Gas,Price,$/GJ,6.7647621414
2090,NGFS2023MESSAGE_FW,Global,Oil&Gas,Gas,Price,$/GJ,6.818876923
2091,NGFS2023MESSAGE_FW,Global,Oil&Gas,Gas,Price,$/GJ,6.8290317997
2092,NGFS2023MESSAGE_FW,Global,Oil&Gas,Gas,Price,$/GJ,6.839186676400001
2093,NGFS2023MESSAGE_FW,Global,Oil&Gas,Gas,Price,$/GJ,6.8493415531
2094,NGFS2023MESSAGE_FW,Global,Oil&Gas,Gas,Price,$/GJ,6.8594964298
2095,NGFS2023MESSAGE_FW,Global,Oil&Gas,Gas,Price,$/GJ,6.8696513065
2096,NGFS2023MESSAGE_FW,Global,Oil&Gas,Gas,Price,$/GJ,6.8798061832
2097,NGFS2023MESSAGE_FW,Global,Oil&Gas,Gas,Price,$/GJ,6.8899610599
2098,NGFS2023MESSAGE_FW,Global,Oil&Gas,Gas,Price,$/GJ,6.9001159366
2099,NGFS2023MESSAGE_FW,Global,Oil&Gas,Gas,Price,$/GJ,6.9102708133
2100,NGFS2023MESSAGE_FW,Global,Oil&Gas,Gas,Price,$/GJ,6.92042569
2022,NGFS2023REMIND_FW,Global,Oil&Gas,Gas,Price,$/GJ,4.2485176812
2023,NGFS2023REMIND_FW,Global,Oil&Gas,Gas,Price,$/GJ,4.3872302798
2024,NGFS2023REMIND_FW,Global,Oil&Gas,Gas,Price,$/GJ,4.5259428784
2025,NGFS2023REMIND_FW,Global,Oil&Gas,Gas,Price,$/GJ,4.664655477
2026,NGFS2023REMIND_FW,Global,Oil&Gas,Gas,Price,$/GJ,4.6577943126
2027,NGFS2023REMIND_FW,Global,Oil&Gas,Gas,Price,$/GJ,4.6509331482
2028,NGFS2023REMIND_FW,Global,Oil&Gas,Gas,Price,$/GJ,4.6440719838
2029,NGFS2023REMIND_FW,Global,Oil&Gas,Gas,Price,$/GJ,4.6372108194
2030,NGFS2023REMIND_FW,Global,Oil&Gas,Gas,Price,$/GJ,4.630349655
2031,NGFS2023REMIND_FW,Global,Oil&Gas,Gas,Price,$/GJ,4.6750856463999995
2032,NGFS2023REMIND_FW,Global,Oil&Gas,Gas,Price,$/GJ,4.7198216378
2033,NGFS2023REMIND_FW,Global,Oil&Gas,Gas,Price,$/GJ,4.7645576292
2034,NGFS2023REMIND_FW,Global,Oil&Gas,Gas,Price,$/GJ,4.8092936206
2035,NGFS2023REMIND_FW,Global,Oil&Gas,Gas,Price,$/GJ,4.854029612
2036,NGFS2023REMIND_FW,Global,Oil&Gas,Gas,Price,$/GJ,4.9321574286
2037,NGFS2023REMIND_FW,Global,Oil&Gas,Gas,Price,$/GJ,5.0102852451999995
2038,NGFS2023REMIND_FW,Global,Oil&Gas,Gas,Price,$/GJ,5.0884130618
2039,NGFS2023REMIND_FW,Global,Oil&Gas,Gas,Price,$/GJ,5.166540878399999
2040,NGFS2023REMIND_FW,Global,Oil&Gas,Gas,Price,$/GJ,5.244668695
2041,NGFS2023REMIND_FW,Global,Oil&Gas,Gas,Price,$/GJ,5.3091804152
2042,NGFS2023REMIND_FW,Global,Oil&Gas,Gas,Price,$/GJ,5.3736921354
2043,NGFS2023REMIND_FW,Global,Oil&Gas,Gas,Price,$/GJ,5.4382038556
2044,NGFS2023REMIND_FW,Global,Oil&Gas,Gas,Price,$/GJ,5.5027155758
2045,NGFS2023REMIND_FW,Global,Oil&Gas,Gas,Price,$/GJ,5.567227296
2046,NGFS2023REMIND_FW,Global,Oil&Gas,Gas,Price,$/GJ,5.581649494800001
2047,NGFS2023REMIND_FW,Global,Oil&Gas,Gas,Price,$/GJ,5.596071693600001
2048,NGFS2023REMIND_FW,Global,Oil&Gas,Gas,Price,$/GJ,5.6104938924
2049,NGFS2023REMIND_FW,Global,Oil&Gas,Gas,Price,$/GJ,5.6249160912
2050,NGFS2023REMIND_FW,Global,Oil&Gas,Gas,Price,$/GJ,5.63933829
2051,NGFS2023REMIND_FW,Global,Oil&Gas,Gas,Price,$/GJ,5.6216713214
2052,NGFS2023REMIND_FW,Global,Oil&Gas,Gas,Price,$/GJ,5.6040043528000005
2053,NGFS2023REMIND_FW,Global,Oil&Gas,Gas,Price,$/GJ,5.5863373842
2054,NGFS2023REMIND_FW,Global,Oil&Gas,Gas,Price,$/GJ,5.568670415600001
2055,NGFS2023REMIND_FW,Global,Oil&Gas,Gas,Price,$/GJ,5.551003447
2056,NGFS2023REMIND_FW,Global,Oil&Gas,Gas,Price,$/GJ,5.6648047010000004
2057,NGFS2023REMIND_FW,Global,Oil&Gas,Gas,Price,$/GJ,5.778605955000001
2058,NGFS2023REMIND_FW,Global,Oil&Gas,Gas,Price,$/GJ,5.892407209
2059,NGFS2023REMIND_FW,Global,Oil&Gas,Gas,Price,$/GJ,6.006208463
2060,NGFS2023REMIND_FW,Global,Oil&Gas,Gas,Price,$/GJ,6.120009717
2061,NGFS2023REMIND_FW,Global,Oil&Gas,Gas,Price,$/GJ,6.1223206177
2062,NGFS2023REMIND_FW,Global,Oil&Gas,Gas,Price,$/GJ,6.1246315184
2063,NGFS2023REMIND_FW,Global,Oil&Gas,Gas,Price,$/GJ,6.126942419100001
2064,NGFS2023REMIND_FW,Global,Oil&Gas,Gas,Price,$/GJ,6.1292533198
2065,NGFS2023REMIND_FW,Global,Oil&Gas,Gas,Price,$/GJ,6.1315642205
2066,NGFS2023REMIND_FW,Global,Oil&Gas,Gas,Price,$/GJ,6.1338751212
2067,NGFS2023REMIND_FW,Global,Oil&Gas,Gas,Price,$/GJ,6.1361860219
2068,NGFS2023REMIND_FW,Global,Oil&Gas,Gas,Price,$/GJ,6.1384969226
2069,NGFS2023REMIND_FW,Global,Oil&Gas,Gas,Price,$/GJ,6.140807823299999
2070,NGFS2023REMIND_FW,Global,Oil&Gas,Gas,Price,$/GJ,6.143118724
2071,NGFS2023REMIND_FW,Global,Oil&Gas,Gas,Price,$/GJ,6.1990928373
2072,NGFS2023REMIND_FW,Global,Oil&Gas,Gas,Price,$/GJ,6.2550669506
2073,NGFS2023REMIND_FW,Global,Oil&Gas,Gas,Price,$/GJ,6.311041063899999
2074,NGFS2023REMIND_FW,Global,Oil&Gas,Gas,Price,$/GJ,6.3670151772
2075,NGFS2023REMIND_FW,Global,Oil&Gas,Gas,Price,$/GJ,6.4229892905
2076,NGFS2023REMIND_FW,Global,Oil&Gas,Gas,Price,$/GJ,6.4789634038
2077,NGFS2023REMIND_FW,Global,Oil&Gas,Gas,Price,$/GJ,6.5349375170999995
2078,NGFS2023REMIND_FW,Global,Oil&Gas,Gas,Price,$/GJ,6.5909116304
2079,NGFS2023REMIND_FW,Global,Oil&Gas,Gas,Price,$/GJ,6.6468857437
2080,NGFS2023REMIND_FW,Global,Oil&Gas,Gas,Price,$/GJ,6.702859857
2081,NGFS2023REMIND_FW,Global,Oil&Gas,Gas,Price,$/GJ,6.7427519671
2082,NGFS2023REMIND_FW,Global,Oil&Gas,Gas,Price,$/GJ,6.7826440772
2083,NGFS2023REMIND_FW,Global,Oil&Gas,Gas,Price,$/GJ,6.8225361873
2084,NGFS2023REMIND_FW,Global,Oil&Gas,Gas,Price,$/GJ,6.8624282974
2085,NGFS2023REMIND_FW,Global,Oil&Gas,Gas,Price,$/GJ,6.9023204074999995
2086,NGFS2023REMIND_FW,Global,Oil&Gas,Gas,Price,$/GJ,6.9422125176
2087,NGFS2023REMIND_FW,Global,Oil&Gas,Gas,Price,$/GJ,6.9821046277
2088,NGFS2023REMIND_FW,Global,Oil&Gas,Gas,Price,$/GJ,7.0219967378
2089,NGFS2023REMIND_FW,Global,Oil&Gas,Gas,Price,$/GJ,7.0618888479
2090,NGFS2023REMIND_FW,Global,Oil&Gas,Gas,Price,$/GJ,7.101780958
2091,NGFS2023REMIND_FW,Global,Oil&Gas,Gas,Price,$/GJ,7.1209719442
2092,NGFS2023REMIND_FW,Global,Oil&Gas,Gas,Price,$/GJ,7.1401629304
2093,NGFS2023REMIND_FW,Global,Oil&Gas,Gas,Price,$/GJ,7.1593539166
2094,NGFS2023REMIND_FW,Global,Oil&Gas,Gas,Price,$/GJ,7.1785449028
2095,NGFS2023REMIND_FW,Global,Oil&Gas,Gas,Price,$/GJ,7.1977358890000005
2096,NGFS2023REMIND_FW,Global,Oil&Gas,Gas,Price,$/GJ,7.2169268752
2097,NGFS2023REMIND_FW,Global,Oil&Gas,Gas,Price,$/GJ,7.2361178614
2098,NGFS2023REMIND_FW,Global,Oil&Gas,Gas,Price,$/GJ,7.2553088476
2099,NGFS2023REMIND_FW,Global,Oil&Gas,Gas,Price,$/GJ,7.2744998338
2100,NGFS2023REMIND_FW,Global,Oil&Gas,Gas,Price,$/GJ,7.29369082
2022,NGFS2023GCAM_LD,Global,Oil&Gas,Gas,Price,$/GJ,5.9165235848
2023,NGFS2023GCAM_LD,Global,Oil&Gas,Gas,Price,$/GJ,5.9726801312
2024,NGFS2023GCAM_LD,Global,Oil&Gas,Gas,Price,$/GJ,6.0288366776
2025,NGFS2023GCAM_LD,Global,Oil&Gas,Gas,Price,$/GJ,6.084993224
2026,NGFS2023GCAM_LD,Global,Oil&Gas,Gas,Price,$/GJ,6.1290242524
2027,NGFS2023GCAM_LD,Global,Oil&Gas,Gas,Price,$/GJ,6.1730552808
2028,NGFS2023GCAM_LD,Global,Oil&Gas,Gas,Price,$/GJ,6.2170863092
2029,NGFS2023GCAM_LD,Global,Oil&Gas,Gas,Price,$/GJ,6.2611173376
2030,NGFS2023GCAM_LD,Global,Oil&Gas,Gas,Price,$/GJ,6.305148366
2031,NGFS2023GCAM_LD,Global,Oil&Gas,Gas,Price,$/GJ,6.3977548948
2032,NGFS2023GCAM_LD,Global,Oil&Gas,Gas,Price,$/GJ,6.4903614236000005
2033,NGFS2023GCAM_LD,Global,Oil&Gas,Gas,Price,$/GJ,6.5829679524
2034,NGFS2023GCAM_LD,Global,Oil&Gas,Gas,Price,$/GJ,6.6755744812
2035,NGFS2023GCAM_LD,Global,Oil&Gas,Gas,Price,$/GJ,6.76818101
2036,NGFS2023GCAM_LD,Global,Oil&Gas,Gas,Price,$/GJ,6.8855840406
2037,NGFS2023GCAM_LD,Global,Oil&Gas,Gas,Price,$/GJ,7.0029870712
2038,NGFS2023GCAM_LD,Global,Oil&Gas,Gas,Price,$/GJ,7.1203901018
2039,NGFS2023GCAM_LD,Global,Oil&Gas,Gas,Price,$/GJ,7.237793132399999
2040,NGFS2023GCAM_LD,Global,Oil&Gas,Gas,Price,$/GJ,7.355196163
2041,NGFS2023GCAM_LD,Global,Oil&Gas,Gas,Price,$/GJ,7.5652999282
2042,NGFS2023GCAM_LD,Global,Oil&Gas,Gas,Price,$/GJ,7.7754036934
2043,NGFS2023GCAM_LD,Global,Oil&Gas,Gas,Price,$/GJ,7.9855074586
2044,NGFS2023GCAM_LD,Global,Oil&Gas,Gas,Price,$/GJ,8.1956112238
2045,NGFS2023GCAM_LD,Global,Oil&Gas,Gas,Price,$/GJ,8.405714989
2046,NGFS2023GCAM_LD,Global,Oil&Gas,Gas,Price,$/GJ,8.5209853776
2047,NGFS2023GCAM_LD,Global,Oil&Gas,Gas,Price,$/GJ,8.6362557662
2048,NGFS2023GCAM_LD,Global,Oil&Gas,Gas,Price,$/GJ,8.7515261548
2049,NGFS2023GCAM_LD,Global,Oil&Gas,Gas,Price,$/GJ,8.8667965434
2050,NGFS2023GCAM_LD,Global,Oil&Gas,Gas,Price,$/GJ,8.982066932
2051,NGFS2023GCAM_LD,Global,Oil&Gas,Gas,Price,$/GJ,9.114113015
2052,NGFS2023GCAM_LD,Global,Oil&Gas,Gas,Price,$/GJ,9.246159098
2053,NGFS2023GCAM_LD,Global,Oil&Gas,Gas,Price,$/GJ,9.378205181
2054,NGFS2023GCAM_LD,Global,Oil&Gas,Gas,Price,$/GJ,9.510251264
2055,NGFS2023GCAM_LD,Global,Oil&Gas,Gas,Price,$/GJ,9.642297347
2056,NGFS2023GCAM_LD,Global,Oil&Gas,Gas,Price,$/GJ,9.5837229188
2057,NGFS2023GCAM_LD,Global,Oil&Gas,Gas,Price,$/GJ,9.5251484906
2058,NGFS2023GCAM_LD,Global,Oil&Gas,Gas,Price,$/GJ,9.4665740624
2059,NGFS2023GCAM_LD,Global,Oil&Gas,Gas,Price,$/GJ,9.4079996342
2060,NGFS2023GCAM_LD,Global,Oil&Gas,Gas,Price,$/GJ,9.349425206
2061,NGFS2023GCAM_LD,Global,Oil&Gas,Gas,Price,$/GJ,9.2447139368
2062,NGFS2023GCAM_LD,Global,Oil&Gas,Gas,Price,$/GJ,9.1400026676
2063,NGFS2023GCAM_LD,Global,Oil&Gas,Gas,Price,$/GJ,9.0352913984
2064,NGFS2023GCAM_LD,Global,Oil&Gas,Gas,Price,$/GJ,8.930580129199999
2065,NGFS2023GCAM_LD,Global,Oil&Gas,Gas,Price,$/GJ,8.82586886
2066,NGFS2023GCAM_LD,Global,Oil&Gas,Gas,Price,$/GJ,8.7473347022
2067,NGFS2023GCAM_LD,Global,Oil&Gas,Gas,Price,$/GJ,8.6688005444
2068,NGFS2023GCAM_LD,Global,Oil&Gas,Gas,Price,$/GJ,8.5902663866
2069,NGFS2023GCAM_LD,Global,Oil&Gas,Gas,Price,$/GJ,8.5117322288
2070,NGFS2023GCAM_LD,Global,Oil&Gas,Gas,Price,$/GJ,8.433198071
2071,NGFS2023GCAM_LD,Global,Oil&Gas,Gas,Price,$/GJ,8.3668463178
2072,NGFS2023GCAM_LD,Global,Oil&Gas,Gas,Price,$/GJ,8.3004945646
2073,NGFS2023GCAM_LD,Global,Oil&Gas,Gas,Price,$/GJ,8.2341428114
2074,NGFS2023GCAM_LD,Global,Oil&Gas,Gas,Price,$/GJ,8.167791058199999
2075,NGFS2023GCAM_LD,Global,Oil&Gas,Gas,Price,$/GJ,8.101439305
2076,NGFS2023GCAM_LD,Global,Oil&Gas,Gas,Price,$/GJ,8.019360729199999
2077,NGFS2023GCAM_LD,Global,Oil&Gas,Gas,Price,$/GJ,7.9372821534
2078,NGFS2023GCAM_LD,Global,Oil&Gas,Gas,Price,$/GJ,7.855203577599999
2079,NGFS2023GCAM_LD,Global,Oil&Gas,Gas,Price,$/GJ,7.7731250018
2080,NGFS2023GCAM_LD,Global,Oil&Gas,Gas,Price,$/GJ,7.691046426
2081,NGFS2023GCAM_LD,Global,Oil&Gas,Gas,Price,$/GJ,7.632206163999999
2082,NGFS2023GCAM_LD,Global,Oil&Gas,Gas,Price,$/GJ,7.573365902
2083,NGFS2023GCAM_LD,Global,Oil&Gas,Gas,Price,$/GJ,7.51452564
2084,NGFS2023GCAM_LD,Global,Oil&Gas,Gas,Price,$/GJ,7.455685378
2085,NGFS2023GCAM_LD,Global,Oil&Gas,Gas,Price,$/GJ,7.396845116
2086,NGFS2023GCAM_LD,Global,Oil&Gas,Gas,Price,$/GJ,7.286120672
2087,NGFS2023GCAM_LD,Global,Oil&Gas,Gas,Price,$/GJ,7.175396228
2088,NGFS2023GCAM_LD,Global,Oil&Gas,Gas,Price,$/GJ,7.064671784
2089,NGFS2023GCAM_LD,Global,Oil&Gas,Gas,Price,$/GJ,6.95394734
2090,NGFS2023GCAM_LD,Global,Oil&Gas,Gas,Price,$/GJ,6.843222896
2091,NGFS2023GCAM_LD,Global,Oil&Gas,Gas,Price,$/GJ,6.7428870530000005
2092,NGFS2023GCAM_LD,Global,Oil&Gas,Gas,Price,$/GJ,6.642551210000001
2093,NGFS2023GCAM_LD,Global,Oil&Gas,Gas,Price,$/GJ,6.542215367
2094,NGFS2023GCAM_LD,Global,Oil&Gas,Gas,Price,$/GJ,6.441879524
2095,NGFS2023GCAM_LD,Global,Oil&Gas,Gas,Price,$/GJ,6.341543681
2096,NGFS2023GCAM_LD,Global,Oil&Gas,Gas,Price,$/GJ,6.2649773554
2097,NGFS2023GCAM_LD,Global,Oil&Gas,Gas,Price,$/GJ,6.1884110298
2098,NGFS2023GCAM_LD,Global,Oil&Gas,Gas,Price,$/GJ,6.1118447042
2099,NGFS2023GCAM_LD,Global,Oil&Gas,Gas,Price,$/GJ,6.0352783786
2100,NGFS2023GCAM_LD,Global,Oil&Gas,Gas,Price,$/GJ,5.958712053
2022,NGFS2023MESSAGE_LD,Global,Oil&Gas,Gas,Price,$/GJ,2.8465517447999997
2023,NGFS2023MESSAGE_LD,Global,Oil&Gas,Gas,Price,$/GJ,2.8488340032
2024,NGFS2023MESSAGE_LD,Global,Oil&Gas,Gas,Price,$/GJ,2.8511162615999996
2025,NGFS2023MESSAGE_LD,Global,Oil&Gas,Gas,Price,$/GJ,2.85339852
2026,NGFS2023MESSAGE_LD,Global,Oil&Gas,Gas,Price,$/GJ,2.6910620647999997
2027,NGFS2023MESSAGE_LD,Global,Oil&Gas,Gas,Price,$/GJ,2.5287256096
2028,NGFS2023MESSAGE_LD,Global,Oil&Gas,Gas,Price,$/GJ,2.3663891544
2029,NGFS2023MESSAGE_LD,Global,Oil&Gas,Gas,Price,$/GJ,2.2040526992
2030,NGFS2023MESSAGE_LD,Global,Oil&Gas,Gas,Price,$/GJ,2.041716244
2031,NGFS2023MESSAGE_LD,Global,Oil&Gas,Gas,Price,$/GJ,1.9626760618
2032,NGFS2023MESSAGE_LD,Global,Oil&Gas,Gas,Price,$/GJ,1.8836358796
2033,NGFS2023MESSAGE_LD,Global,Oil&Gas,Gas,Price,$/GJ,1.8045956974
2034,NGFS2023MESSAGE_LD,Global,Oil&Gas,Gas,Price,$/GJ,1.7255555152
2035,NGFS2023MESSAGE_LD,Global,Oil&Gas,Gas,Price,$/GJ,1.646515333
2036,NGFS2023MESSAGE_LD,Global,Oil&Gas,Gas,Price,$/GJ,1.9940800026
2037,NGFS2023MESSAGE_LD,Global,Oil&Gas,Gas,Price,$/GJ,2.3416446722
2038,NGFS2023MESSAGE_LD,Global,Oil&Gas,Gas,Price,$/GJ,2.6892093418
2039,NGFS2023MESSAGE_LD,Global,Oil&Gas,Gas,Price,$/GJ,3.0367740114000004
2040,NGFS2023MESSAGE_LD,Global,Oil&Gas,Gas,Price,$/GJ,3.384338681
2041,NGFS2023MESSAGE_LD,Global,Oil&Gas,Gas,Price,$/GJ,3.6722129378
2042,NGFS2023MESSAGE_LD,Global,Oil&Gas,Gas,Price,$/GJ,3.9600871946
2043,NGFS2023MESSAGE_LD,Global,Oil&Gas,Gas,Price,$/GJ,4.2479614514
2044,NGFS2023MESSAGE_LD,Global,Oil&Gas,Gas,Price,$/GJ,4.5358357082000005
2045,NGFS2023MESSAGE_LD,Global,Oil&Gas,Gas,Price,$/GJ,4.823709965
2046,NGFS2023MESSAGE_LD,Global,Oil&Gas,Gas,Price,$/GJ,4.8285638388
2047,NGFS2023MESSAGE_LD,Global,Oil&Gas,Gas,Price,$/GJ,4.8334177126
2048,NGFS2023MESSAGE_LD,Global,Oil&Gas,Gas,Price,$/GJ,4.838271586399999
2049,NGFS2023MESSAGE_LD,Global,Oil&Gas,Gas,Price,$/GJ,4.8431254602
2050,NGFS2023MESSAGE_LD,Global,Oil&Gas,Gas,Price,$/GJ,4.847979334
2051,NGFS2023MESSAGE_LD,Global,Oil&Gas,Gas,Price,$/GJ,5.0316458856
2052,NGFS2023MESSAGE_LD,Global,Oil&Gas,Gas,Price,$/GJ,5.2153124372
2053,NGFS2023MESSAGE_LD,Global,Oil&Gas,Gas,Price,$/GJ,5.3989789888
2054,NGFS2023MESSAGE_LD,Global,Oil&Gas,Gas,Price,$/GJ,5.5826455404
2055,NGFS2023MESSAGE_LD,Global,Oil&Gas,Gas,Price,$/GJ,5.766312092
2056,NGFS2023MESSAGE_LD,Global,Oil&Gas,Gas,Price,$/GJ,5.4942215306
2057,NGFS2023MESSAGE_LD,Global,Oil&Gas,Gas,Price,$/GJ,5.2221309692
2058,NGFS2023MESSAGE_LD,Global,Oil&Gas,Gas,Price,$/GJ,4.9500404077999995
2059,NGFS2023MESSAGE_LD,Global,Oil&Gas,Gas,Price,$/GJ,4.6779498464
2060,NGFS2023MESSAGE_LD,Global,Oil&Gas,Gas,Price,$/GJ,4.405859285
2061,NGFS2023MESSAGE_LD,Global,Oil&Gas,Gas,Price,$/GJ,4.3485381088
2062,NGFS2023MESSAGE_LD,Global,Oil&Gas,Gas,Price,$/GJ,4.2912169326
2063,NGFS2023MESSAGE_LD,Global,Oil&Gas,Gas,Price,$/GJ,4.2338957564
2064,NGFS2023MESSAGE_LD,Global,Oil&Gas,Gas,Price,$/GJ,4.1765745802
2065,NGFS2023MESSAGE_LD,Global,Oil&Gas,Gas,Price,$/GJ,4.119253404
2066,NGFS2023MESSAGE_LD,Global,Oil&Gas,Gas,Price,$/GJ,4.0619322278
2067,NGFS2023MESSAGE_LD,Global,Oil&Gas,Gas,Price,$/GJ,4.0046110515999995
2068,NGFS2023MESSAGE_LD,Global,Oil&Gas,Gas,Price,$/GJ,3.9472898754
2069,NGFS2023MESSAGE_LD,Global,Oil&Gas,Gas,Price,$/GJ,3.8899686992
2070,NGFS2023MESSAGE_LD,Global,Oil&Gas,Gas,Price,$/GJ,3.832647523
2071,NGFS2023MESSAGE_LD,Global,Oil&Gas,Gas,Price,$/GJ,3.8347268017
2072,NGFS2023MESSAGE_LD,Global,Oil&Gas,Gas,Price,$/GJ,3.8368060804
2073,NGFS2023MESSAGE_LD,Global,Oil&Gas,Gas,Price,$/GJ,3.8388853591
2074,NGFS2023MESSAGE_LD,Global,Oil&Gas,Gas,Price,$/GJ,3.8409646378
2075,NGFS2023MESSAGE_LD,Global,Oil&Gas,Gas,Price,$/GJ,3.8430439165
2076,NGFS2023MESSAGE_LD,Global,Oil&Gas,Gas,Price,$/GJ,3.8451231952
2077,NGFS2023MESSAGE_LD,Global,Oil&Gas,Gas,Price,$/GJ,3.8472024739
2078,NGFS2023MESSAGE_LD,Global,Oil&Gas,Gas,Price,$/GJ,3.8492817526
2079,NGFS2023MESSAGE_LD,Global,Oil&Gas,Gas,Price,$/GJ,3.8513610313
2080,NGFS2023MESSAGE_LD,Global,Oil&Gas,Gas,Price,$/GJ,3.85344031
2081,NGFS2023MESSAGE_LD,Global,Oil&Gas,Gas,Price,$/GJ,3.8964488013
2082,NGFS2023MESSAGE_LD,Global,Oil&Gas,Gas,Price,$/GJ,3.9394572926
2083,NGFS2023MESSAGE_LD,Global,Oil&Gas,Gas,Price,$/GJ,3.9824657839
2084,NGFS2023MESSAGE_LD,Global,Oil&Gas,Gas,Price,$/GJ,4.0254742752
2085,NGFS2023MESSAGE_LD,Global,Oil&Gas,Gas,Price,$/GJ,4.0684827665
2086,NGFS2023MESSAGE_LD,Global,Oil&Gas,Gas,Price,$/GJ,4.1114912578
2087,NGFS2023MESSAGE_LD,Global,Oil&Gas,Gas,Price,$/GJ,4.1544997491
2088,NGFS2023MESSAGE_LD,Global,Oil&Gas,Gas,Price,$/GJ,4.1975082403999995
2089,NGFS2023MESSAGE_LD,Global,Oil&Gas,Gas,Price,$/GJ,4.2405167317
2090,NGFS2023MESSAGE_LD,Global,Oil&Gas,Gas,Price,$/GJ,4.283525223
2091,NGFS2023MESSAGE_LD,Global,Oil&Gas,Gas,Price,$/GJ,4.3024185303
2092,NGFS2023MESSAGE_LD,Global,Oil&Gas,Gas,Price,$/GJ,4.3213118376
2093,NGFS2023MESSAGE_LD,Global,Oil&Gas,Gas,Price,$/GJ,4.3402051449
2094,NGFS2023MESSAGE_LD,Global,Oil&Gas,Gas,Price,$/GJ,4.3590984522
2095,NGFS2023MESSAGE_LD,Global,Oil&Gas,Gas,Price,$/GJ,4.3779917595
2096,NGFS2023MESSAGE_LD,Global,Oil&Gas,Gas,Price,$/GJ,4.3968850668
2097,NGFS2023MESSAGE_LD,Global,Oil&Gas,Gas,Price,$/GJ,4.4157783741
2098,NGFS2023MESSAGE_LD,Global,Oil&Gas,Gas,Price,$/GJ,4.4346716814
2099,NGFS2023MESSAGE_LD,Global,Oil&Gas,Gas,Price,$/GJ,4.4535649887
2100,NGFS2023MESSAGE_LD,Global,Oil&Gas,Gas,Price,$/GJ,4.472458296
2022,NGFS2023REMIND_LD,Global,Oil&Gas,Gas,Price,$/GJ,4.245358052
2023,NGFS2023REMIND_LD,Global,Oil&Gas,Gas,Price,$/GJ,4.3824908360000006
2024,NGFS2023REMIND_LD,Global,Oil&Gas,Gas,Price,$/GJ,4.51962362
2025,NGFS2023REMIND_LD,Global,Oil&Gas,Gas,Price,$/GJ,4.656756404
2026,NGFS2023REMIND_LD,Global,Oil&Gas,Gas,Price,$/GJ,4.592436633
2027,NGFS2023REMIND_LD,Global,Oil&Gas,Gas,Price,$/GJ,4.528116862
2028,NGFS2023REMIND_LD,Global,Oil&Gas,Gas,Price,$/GJ,4.463797091
2029,NGFS2023REMIND_LD,Global,Oil&Gas,Gas,Price,$/GJ,4.39947732
2030,NGFS2023REMIND_LD,Global,Oil&Gas,Gas,Price,$/GJ,4.335157549
2031,NGFS2023REMIND_LD,Global,Oil&Gas,Gas,Price,$/GJ,4.515262315
2032,NGFS2023REMIND_LD,Global,Oil&Gas,Gas,Price,$/GJ,4.695367081
2033,NGFS2023REMIND_LD,Global,Oil&Gas,Gas,Price,$/GJ,4.875471847
2034,NGFS2023REMIND_LD,Global,Oil&Gas,Gas,Price,$/GJ,5.0555766129999995
2035,NGFS2023REMIND_LD,Global,Oil&Gas,Gas,Price,$/GJ,5.235681379
2036,NGFS2023REMIND_LD,Global,Oil&Gas,Gas,Price,$/GJ,5.1306736088
2037,NGFS2023REMIND_LD,Global,Oil&Gas,Gas,Price,$/GJ,5.0256658386
2038,NGFS2023REMIND_LD,Global,Oil&Gas,Gas,Price,$/GJ,4.9206580684
2039,NGFS2023REMIND_LD,Global,Oil&Gas,Gas,Price,$/GJ,4.8156502982000005
2040,NGFS2023REMIND_LD,Global,Oil&Gas,Gas,Price,$/GJ,4.710642528
2041,NGFS2023REMIND_LD,Global,Oil&Gas,Gas,Price,$/GJ,4.5937601394000005
2042,NGFS2023REMIND_LD,Global,Oil&Gas,Gas,Price,$/GJ,4.4768777508
2043,NGFS2023REMIND_LD,Global,Oil&Gas,Gas,Price,$/GJ,4.3599953622
2044,NGFS2023REMIND_LD,Global,Oil&Gas,Gas,Price,$/GJ,4.2431129736
2045,NGFS2023REMIND_LD,Global,Oil&Gas,Gas,Price,$/GJ,4.126230585
2046,NGFS2023REMIND_LD,Global,Oil&Gas,Gas,Price,$/GJ,4.1216355244
2047,NGFS2023REMIND_LD,Global,Oil&Gas,Gas,Price,$/GJ,4.1170404638
2048,NGFS2023REMIND_LD,Global,Oil&Gas,Gas,Price,$/GJ,4.1124454032
2049,NGFS2023REMIND_LD,Global,Oil&Gas,Gas,Price,$/GJ,4.1078503426
2050,NGFS2023REMIND_LD,Global,Oil&Gas,Gas,Price,$/GJ,4.103255282
2051,NGFS2023REMIND_LD,Global,Oil&Gas,Gas,Price,$/GJ,4.0644329828
2052,NGFS2023REMIND_LD,Global,Oil&Gas,Gas,Price,$/GJ,4.0256106836
2053,NGFS2023REMIND_LD,Global,Oil&Gas,Gas,Price,$/GJ,3.9867883844
2054,NGFS2023REMIND_LD,Global,Oil&Gas,Gas,Price,$/GJ,3.9479660852
2055,NGFS2023REMIND_LD,Global,Oil&Gas,Gas,Price,$/GJ,3.909143786
2056,NGFS2023REMIND_LD,Global,Oil&Gas,Gas,Price,$/GJ,4.15483622
2057,NGFS2023REMIND_LD,Global,Oil&Gas,Gas,Price,$/GJ,4.400528654
2058,NGFS2023REMIND_LD,Global,Oil&Gas,Gas,Price,$/GJ,4.646221088
2059,NGFS2023REMIND_LD,Global,Oil&Gas,Gas,Price,$/GJ,4.891913521999999
2060,NGFS2023REMIND_LD,Global,Oil&Gas,Gas,Price,$/GJ,5.137605956
2061,NGFS2023REMIND_LD,Global,Oil&Gas,Gas,Price,$/GJ,5.1522129147
2062,NGFS2023REMIND_LD,Global,Oil&Gas,Gas,Price,$/GJ,5.1668198734
2063,NGFS2023REMIND_LD,Global,Oil&Gas,Gas,Price,$/GJ,5.1814268321
2064,NGFS2023REMIND_LD,Global,Oil&Gas,Gas,Price,$/GJ,5.1960337908
2065,NGFS2023REMIND_LD,Global,Oil&Gas,Gas,Price,$/GJ,5.2106407495
2066,NGFS2023REMIND_LD,Global,Oil&Gas,Gas,Price,$/GJ,5.2252477082
2067,NGFS2023REMIND_LD,Global,Oil&Gas,Gas,Price,$/GJ,5.2398546669
2068,NGFS2023REMIND_LD,Global,Oil&Gas,Gas,Price,$/GJ,5.2544616256
2069,NGFS2023REMIND_LD,Global,Oil&Gas,Gas,Price,$/GJ,5.2690685843
2070,NGFS2023REMIND_LD,Global,Oil&Gas,Gas,Price,$/GJ,5.283675543
2071,NGFS2023REMIND_LD,Global,Oil&Gas,Gas,Price,$/GJ,5.264181036
2072,NGFS2023REMIND_LD,Global,Oil&Gas,Gas,Price,$/GJ,5.244686529
2073,NGFS2023REMIND_LD,Global,Oil&Gas,Gas,Price,$/GJ,5.225192022
2074,NGFS2023REMIND_LD,Global,Oil&Gas,Gas,Price,$/GJ,5.205697515
2075,NGFS2023REMIND_LD,Global,Oil&Gas,Gas,Price,$/GJ,5.186203008
2076,NGFS2023REMIND_LD,Global,Oil&Gas,Gas,Price,$/GJ,5.1667085010000005
2077,NGFS2023REMIND_LD,Global,Oil&Gas,Gas,Price,$/GJ,5.147213994
2078,NGFS2023REMIND_LD,Global,Oil&Gas,Gas,Price,$/GJ,5.127719487
2079,NGFS2023REMIND_LD,Global,Oil&Gas,Gas,Price,$/GJ,5.10822498
2080,NGFS2023REMIND_LD,Global,Oil&Gas,Gas,Price,$/GJ,5.088730473
2081,NGFS2023REMIND_LD,Global,Oil&Gas,Gas,Price,$/GJ,5.0773985144000005
2082,NGFS2023REMIND_LD,Global,Oil&Gas,Gas,Price,$/GJ,5.0660665558
2083,NGFS2023REMIND_LD,Global,Oil&Gas,Gas,Price,$/GJ,5.0547345971999995
2084,NGFS2023REMIND_LD,Global,Oil&Gas,Gas,Price,$/GJ,5.0434026386
2085,NGFS2023REMIND_LD,Global,Oil&Gas,Gas,Price,$/GJ,5.03207068
2086,NGFS2023REMIND_LD,Global,Oil&Gas,Gas,Price,$/GJ,5.0207387214
2087,NGFS2023REMIND_LD,Global,Oil&Gas,Gas,Price,$/GJ,5.009406762799999
2088,NGFS2023REMIND_LD,Global,Oil&Gas,Gas,Price,$/GJ,4.9980748042
2089,NGFS2023REMIND_LD,Global,Oil&Gas,Gas,Price,$/GJ,4.9867428456
2090,NGFS2023REMIND_LD,Global,Oil&Gas,Gas,Price,$/GJ,4.975410887
2091,NGFS2023REMIND_LD,Global,Oil&Gas,Gas,Price,$/GJ,4.8572001299
2092,NGFS2023REMIND_LD,Global,Oil&Gas,Gas,Price,$/GJ,4.7389893728
2093,NGFS2023REMIND_LD,Global,Oil&Gas,Gas,Price,$/GJ,4.6207786157
2094,NGFS2023REMIND_LD,Global,Oil&Gas,Gas,Price,$/GJ,4.5025678586
2095,NGFS2023REMIND_LD,Global,Oil&Gas,Gas,Price,$/GJ,4.3843571015
2096,NGFS2023REMIND_LD,Global,Oil&Gas,Gas,Price,$/GJ,4.2661463444
2097,NGFS2023REMIND_LD,Global,Oil&Gas,Gas,Price,$/GJ,4.1479355873
2098,NGFS2023REMIND_LD,Global,Oil&Gas,Gas,Price,$/GJ,4.029724830199999
2099,NGFS2023REMIND_LD,Global,Oil&Gas,Gas,Price,$/GJ,3.9115140731
2100,NGFS2023REMIND_LD,Global,Oil&Gas,Gas,Price,$/GJ,3.793303316
2022,NGFS2023GCAM_NDC,Global,Oil&Gas,Gas,Price,$/GJ,5.8678762704
2023,NGFS2023GCAM_NDC,Global,Oil&Gas,Gas,Price,$/GJ,5.8997091596
2024,NGFS2023GCAM_NDC,Global,Oil&Gas,Gas,Price,$/GJ,5.9315420488
2025,NGFS2023GCAM_NDC,Global,Oil&Gas,Gas,Price,$/GJ,5.963374938
2026,NGFS2023GCAM_NDC,Global,Oil&Gas,Gas,Price,$/GJ,5.9344166372
2027,NGFS2023GCAM_NDC,Global,Oil&Gas,Gas,Price,$/GJ,5.9054583364
2028,NGFS2023GCAM_NDC,Global,Oil&Gas,Gas,Price,$/GJ,5.8765000356
2029,NGFS2023GCAM_NDC,Global,Oil&Gas,Gas,Price,$/GJ,5.8475417348
2030,NGFS2023GCAM_NDC,Global,Oil&Gas,Gas,Price,$/GJ,5.818583434
2031,NGFS2023GCAM_NDC,Global,Oil&Gas,Gas,Price,$/GJ,5.8448154146
2032,NGFS2023GCAM_NDC,Global,Oil&Gas,Gas,Price,$/GJ,5.8710473952
2033,NGFS2023GCAM_NDC,Global,Oil&Gas,Gas,Price,$/GJ,5.8972793758
2034,NGFS2023GCAM_NDC,Global,Oil&Gas,Gas,Price,$/GJ,5.9235113564
2035,NGFS2023GCAM_NDC,Global,Oil&Gas,Gas,Price,$/GJ,5.949743337
2036,NGFS2023GCAM_NDC,Global,Oil&Gas,Gas,Price,$/GJ,5.9840485738
2037,NGFS2023GCAM_NDC,Global,Oil&Gas,Gas,Price,$/GJ,6.0183538106
2038,NGFS2023GCAM_NDC,Global,Oil&Gas,Gas,Price,$/GJ,6.052659047400001
2039,NGFS2023GCAM_NDC,Global,Oil&Gas,Gas,Price,$/GJ,6.0869642842000005
2040,NGFS2023GCAM_NDC,Global,Oil&Gas,Gas,Price,$/GJ,6.121269521
2041,NGFS2023GCAM_NDC,Global,Oil&Gas,Gas,Price,$/GJ,6.1174175726
2042,NGFS2023GCAM_NDC,Global,Oil&Gas,Gas,Price,$/GJ,6.1135656242000005
2043,NGFS2023GCAM_NDC,Global,Oil&Gas,Gas,Price,$/GJ,6.1097136758
2044,NGFS2023GCAM_NDC,Global,Oil&Gas,Gas,Price,$/GJ,6.105861727400001
2045,NGFS2023GCAM_NDC,Global,Oil&Gas,Gas,Price,$/GJ,6.102009779
2046,NGFS2023GCAM_NDC,Global,Oil&Gas,Gas,Price,$/GJ,6.1067765526
2047,NGFS2023GCAM_NDC,Global,Oil&Gas,Gas,Price,$/GJ,6.1115433262000005
2048,NGFS2023GCAM_NDC,Global,Oil&Gas,Gas,Price,$/GJ,6.1163100998
2049,NGFS2023GCAM_NDC,Global,Oil&Gas,Gas,Price,$/GJ,6.1210768734
2050,NGFS2023GCAM_NDC,Global,Oil&Gas,Gas,Price,$/GJ,6.125843647
2051,NGFS2023GCAM_NDC,Global,Oil&Gas,Gas,Price,$/GJ,6.1407170698
2052,NGFS2023GCAM_NDC,Global,Oil&Gas,Gas,Price,$/GJ,6.1555904926
2053,NGFS2023GCAM_NDC,Global,Oil&Gas,Gas,Price,$/GJ,6.1704639154
2054,NGFS2023GCAM_NDC,Global,Oil&Gas,Gas,Price,$/GJ,6.1853373382
2055,NGFS2023GCAM_NDC,Global,Oil&Gas,Gas,Price,$/GJ,6.200210761
2056,NGFS2023GCAM_NDC,Global,Oil&Gas,Gas,Price,$/GJ,6.1994365386
2057,NGFS2023GCAM_NDC,Global,Oil&Gas,Gas,Price,$/GJ,6.1986623162
2058,NGFS2023GCAM_NDC,Global,Oil&Gas,Gas,Price,$/GJ,6.1978880938
2059,NGFS2023GCAM_NDC,Global,Oil&Gas,Gas,Price,$/GJ,6.1971138714
2060,NGFS2023GCAM_NDC,Global,Oil&Gas,Gas,Price,$/GJ,6.196339649
2061,NGFS2023GCAM_NDC,Global,Oil&Gas,Gas,Price,$/GJ,6.209741685999999
2062,NGFS2023GCAM_NDC,Global,Oil&Gas,Gas,Price,$/GJ,6.223143723
2063,NGFS2023GCAM_NDC,Global,Oil&Gas,Gas,Price,$/GJ,6.236545759999999
2064,NGFS2023GCAM_NDC,Global,Oil&Gas,Gas,Price,$/GJ,6.249947797
2065,NGFS2023GCAM_NDC,Global,Oil&Gas,Gas,Price,$/GJ,6.263349834
2066,NGFS2023GCAM_NDC,Global,Oil&Gas,Gas,Price,$/GJ,6.269658798999999
2067,NGFS2023GCAM_NDC,Global,Oil&Gas,Gas,Price,$/GJ,6.275967764
2068,NGFS2023GCAM_NDC,Global,Oil&Gas,Gas,Price,$/GJ,6.2822767289999994
2069,NGFS2023GCAM_NDC,Global,Oil&Gas,Gas,Price,$/GJ,6.288585694
2070,NGFS2023GCAM_NDC,Global,Oil&Gas,Gas,Price,$/GJ,6.294894659
2071,NGFS2023GCAM_NDC,Global,Oil&Gas,Gas,Price,$/GJ,6.2877180726
2072,NGFS2023GCAM_NDC,Global,Oil&Gas,Gas,Price,$/GJ,6.2805414862
2073,NGFS2023GCAM_NDC,Global,Oil&Gas,Gas,Price,$/GJ,6.2733648998
2074,NGFS2023GCAM_NDC,Global,Oil&Gas,Gas,Price,$/GJ,6.2661883134
2075,NGFS2023GCAM_NDC,Global,Oil&Gas,Gas,Price,$/GJ,6.259011727
2076,NGFS2023GCAM_NDC,Global,Oil&Gas,Gas,Price,$/GJ,6.2537698898
2077,NGFS2023GCAM_NDC,Global,Oil&Gas,Gas,Price,$/GJ,6.2485280526
2078,NGFS2023GCAM_NDC,Global,Oil&Gas,Gas,Price,$/GJ,6.2432862153999995
2079,NGFS2023GCAM_NDC,Global,Oil&Gas,Gas,Price,$/GJ,6.2380443782
2080,NGFS2023GCAM_NDC,Global,Oil&Gas,Gas,Price,$/GJ,6.232802541
2081,NGFS2023GCAM_NDC,Global,Oil&Gas,Gas,Price,$/GJ,6.2194162386
2082,NGFS2023GCAM_NDC,Global,Oil&Gas,Gas,Price,$/GJ,6.2060299362
2083,NGFS2023GCAM_NDC,Global,Oil&Gas,Gas,Price,$/GJ,6.1926436337999995
2084,NGFS2023GCAM_NDC,Global,Oil&Gas,Gas,Price,$/GJ,6.1792573314
2085,NGFS2023GCAM_NDC,Global,Oil&Gas,Gas,Price,$/GJ,6.165871029
2086,NGFS2023GCAM_NDC,Global,Oil&Gas,Gas,Price,$/GJ,6.1577152669999995
2087,NGFS2023GCAM_NDC,Global,Oil&Gas,Gas,Price,$/GJ,6.149559505
2088,NGFS2023GCAM_NDC,Global,Oil&Gas,Gas,Price,$/GJ,6.141403743
2089,NGFS2023GCAM_NDC,Global,Oil&Gas,Gas,Price,$/GJ,6.133247981
2090,NGFS2023GCAM_NDC,Global,Oil&Gas,Gas,Price,$/GJ,6.125092219
2091,NGFS2023GCAM_NDC,Global,Oil&Gas,Gas,Price,$/GJ,6.1361903492
2092,NGFS2023GCAM_NDC,Global,Oil&Gas,Gas,Price,$/GJ,6.1472884794
2093,NGFS2023GCAM_NDC,Global,Oil&Gas,Gas,Price,$/GJ,6.1583866096
2094,NGFS2023GCAM_NDC,Global,Oil&Gas,Gas,Price,$/GJ,6.169484739800001
2095,NGFS2023GCAM_NDC,Global,Oil&Gas,Gas,Price,$/GJ,6.18058287
2096,NGFS2023GCAM_NDC,Global,Oil&Gas,Gas,Price,$/GJ,6.186364928000001
2097,NGFS2023GCAM_NDC,Global,Oil&Gas,Gas,Price,$/GJ,6.192146986
2098,NGFS2023GCAM_NDC,Global,Oil&Gas,Gas,Price,$/GJ,6.197929044
2099,NGFS2023GCAM_NDC,Global,Oil&Gas,Gas,Price,$/GJ,6.203711102
2100,NGFS2023GCAM_NDC,Global,Oil&Gas,Gas,Price,$/GJ,6.20949316
2022,NGFS2023MESSAGE_NDC,Global,Oil&Gas,Gas,Price,$/GJ,2.8465517447999997
2023,NGFS2023MESSAGE_NDC,Global,Oil&Gas,Gas,Price,$/GJ,2.8488340032
2024,NGFS2023MESSAGE_NDC,Global,Oil&Gas,Gas,Price,$/GJ,2.8511162615999996
2025,NGFS2023MESSAGE_NDC,Global,Oil&Gas,Gas,Price,$/GJ,2.85339852
2026,NGFS2023MESSAGE_NDC,Global,Oil&Gas,Gas,Price,$/GJ,2.8961947242
2027,NGFS2023MESSAGE_NDC,Global,Oil&Gas,Gas,Price,$/GJ,2.9389909284
2028,NGFS2023MESSAGE_NDC,Global,Oil&Gas,Gas,Price,$/GJ,2.9817871326
2029,NGFS2023MESSAGE_NDC,Global,Oil&Gas,Gas,Price,$/GJ,3.0245833368
2030,NGFS2023MESSAGE_NDC,Global,Oil&Gas,Gas,Price,$/GJ,3.067379541
2031,NGFS2023MESSAGE_NDC,Global,Oil&Gas,Gas,Price,$/GJ,3.1944023832000004
2032,NGFS2023MESSAGE_NDC,Global,Oil&Gas,Gas,Price,$/GJ,3.3214252254
2033,NGFS2023MESSAGE_NDC,Global,Oil&Gas,Gas,Price,$/GJ,3.4484480676000002
2034,NGFS2023MESSAGE_NDC,Global,Oil&Gas,Gas,Price,$/GJ,3.5754709098
2035,NGFS2023MESSAGE_NDC,Global,Oil&Gas,Gas,Price,$/GJ,3.702493752
2036,NGFS2023MESSAGE_NDC,Global,Oil&Gas,Gas,Price,$/GJ,3.7714591246
2037,NGFS2023MESSAGE_NDC,Global,Oil&Gas,Gas,Price,$/GJ,3.8404244972
2038,NGFS2023MESSAGE_NDC,Global,Oil&Gas,Gas,Price,$/GJ,3.9093898698
2039,NGFS2023MESSAGE_NDC,Global,Oil&Gas,Gas,Price,$/GJ,3.9783552424
2040,NGFS2023MESSAGE_NDC,Global,Oil&Gas,Gas,Price,$/GJ,4.047320615
2041,NGFS2023MESSAGE_NDC,Global,Oil&Gas,Gas,Price,$/GJ,4.1050605388
2042,NGFS2023MESSAGE_NDC,Global,Oil&Gas,Gas,Price,$/GJ,4.1628004626
2043,NGFS2023MESSAGE_NDC,Global,Oil&Gas,Gas,Price,$/GJ,4.220540386400001
2044,NGFS2023MESSAGE_NDC,Global,Oil&Gas,Gas,Price,$/GJ,4.2782803102
2045,NGFS2023MESSAGE_NDC,Global,Oil&Gas,Gas,Price,$/GJ,4.336020234
2046,NGFS2023MESSAGE_NDC,Global,Oil&Gas,Gas,Price,$/GJ,4.4021806836
2047,NGFS2023MESSAGE_NDC,Global,Oil&Gas,Gas,Price,$/GJ,4.4683411332
2048,NGFS2023MESSAGE_NDC,Global,Oil&Gas,Gas,Price,$/GJ,4.5345015828
2049,NGFS2023MESSAGE_NDC,Global,Oil&Gas,Gas,Price,$/GJ,4.6006620324
2050,NGFS2023MESSAGE_NDC,Global,Oil&Gas,Gas,Price,$/GJ,4.666822482
2051,NGFS2023MESSAGE_NDC,Global,Oil&Gas,Gas,Price,$/GJ,4.7379108394
2052,NGFS2023MESSAGE_NDC,Global,Oil&Gas,Gas,Price,$/GJ,4.808999196799999
2053,NGFS2023MESSAGE_NDC,Global,Oil&Gas,Gas,Price,$/GJ,4.8800875542
2054,NGFS2023MESSAGE_NDC,Global,Oil&Gas,Gas,Price,$/GJ,4.9511759116
2055,NGFS2023MESSAGE_NDC,Global,Oil&Gas,Gas,Price,$/GJ,5.022264269
2056,NGFS2023MESSAGE_NDC,Global,Oil&Gas,Gas,Price,$/GJ,5.115216522
2057,NGFS2023MESSAGE_NDC,Global,Oil&Gas,Gas,Price,$/GJ,5.208168775
2058,NGFS2023MESSAGE_NDC,Global,Oil&Gas,Gas,Price,$/GJ,5.301121028
2059,NGFS2023MESSAGE_NDC,Global,Oil&Gas,Gas,Price,$/GJ,5.394073281
2060,NGFS2023MESSAGE_NDC,Global,Oil&Gas,Gas,Price,$/GJ,5.487025534
2061,NGFS2023MESSAGE_NDC,Global,Oil&Gas,Gas,Price,$/GJ,5.4985130752
2062,NGFS2023MESSAGE_NDC,Global,Oil&Gas,Gas,Price,$/GJ,5.5100006164
2063,NGFS2023MESSAGE_NDC,Global,Oil&Gas,Gas,Price,$/GJ,5.5214881575999994
2064,NGFS2023MESSAGE_NDC,Global,Oil&Gas,Gas,Price,$/GJ,5.5329756988
2065,NGFS2023MESSAGE_NDC,Global,Oil&Gas,Gas,Price,$/GJ,5.54446324
2066,NGFS2023MESSAGE_NDC,Global,Oil&Gas,Gas,Price,$/GJ,5.5559507812
2067,NGFS2023MESSAGE_NDC,Global,Oil&Gas,Gas,Price,$/GJ,5.5674383224
2068,NGFS2023MESSAGE_NDC,Global,Oil&Gas,Gas,Price,$/GJ,5.578925863599999
2069,NGFS2023MESSAGE_NDC,Global,Oil&Gas,Gas,Price,$/GJ,5.5904134048
2070,NGFS2023MESSAGE_NDC,Global,Oil&Gas,Gas,Price,$/GJ,5.601900946
2071,NGFS2023MESSAGE_NDC,Global,Oil&Gas,Gas,Price,$/GJ,5.6900022866999995
2072,NGFS2023MESSAGE_NDC,Global,Oil&Gas,Gas,Price,$/GJ,5.7781036274
2073,NGFS2023MESSAGE_NDC,Global,Oil&Gas,Gas,Price,$/GJ,5.8662049681
2074,NGFS2023MESSAGE_NDC,Global,Oil&Gas,Gas,Price,$/GJ,5.9543063088
2075,NGFS2023MESSAGE_NDC,Global,Oil&Gas,Gas,Price,$/GJ,6.042407649499999
2076,NGFS2023MESSAGE_NDC,Global,Oil&Gas,Gas,Price,$/GJ,6.1305089902
2077,NGFS2023MESSAGE_NDC,Global,Oil&Gas,Gas,Price,$/GJ,6.2186103309
2078,NGFS2023MESSAGE_NDC,Global,Oil&Gas,Gas,Price,$/GJ,6.3067116716000005
2079,NGFS2023MESSAGE_NDC,Global,Oil&Gas,Gas,Price,$/GJ,6.3948130123
2080,NGFS2023MESSAGE_NDC,Global,Oil&Gas,Gas,Price,$/GJ,6.482914353
2081,NGFS2023MESSAGE_NDC,Global,Oil&Gas,Gas,Price,$/GJ,6.526145032
2082,NGFS2023MESSAGE_NDC,Global,Oil&Gas,Gas,Price,$/GJ,6.569375711
2083,NGFS2023MESSAGE_NDC,Global,Oil&Gas,Gas,Price,$/GJ,6.61260639
2084,NGFS2023MESSAGE_NDC,Global,Oil&Gas,Gas,Price,$/GJ,6.655837069
2085,NGFS2023MESSAGE_NDC,Global,Oil&Gas,Gas,Price,$/GJ,6.699067748
2086,NGFS2023MESSAGE_NDC,Global,Oil&Gas,Gas,Price,$/GJ,6.742298427
2087,NGFS2023MESSAGE_NDC,Global,Oil&Gas,Gas,Price,$/GJ,6.785529106
2088,NGFS2023MESSAGE_NDC,Global,Oil&Gas,Gas,Price,$/GJ,6.828759785
2089,NGFS2023MESSAGE_NDC,Global,Oil&Gas,Gas,Price,$/GJ,6.8719904640000005
2090,NGFS2023MESSAGE_NDC,Global,Oil&Gas,Gas,Price,$/GJ,6.915221143
2091,NGFS2023MESSAGE_NDC,Global,Oil&Gas,Gas,Price,$/GJ,6.9542093682
2092,NGFS2023MESSAGE_NDC,Global,Oil&Gas,Gas,Price,$/GJ,6.9931975934
2093,NGFS2023MESSAGE_NDC,Global,Oil&Gas,Gas,Price,$/GJ,7.0321858186
2094,NGFS2023MESSAGE_NDC,Global,Oil&Gas,Gas,Price,$/GJ,7.0711740438
2095,NGFS2023MESSAGE_NDC,Global,Oil&Gas,Gas,Price,$/GJ,7.110162269
2096,NGFS2023MESSAGE_NDC,Global,Oil&Gas,Gas,Price,$/GJ,7.1491504942
2097,NGFS2023MESSAGE_NDC,Global,Oil&Gas,Gas,Price,$/GJ,7.1881387193999995
2098,NGFS2023MESSAGE_NDC,Global,Oil&Gas,Gas,Price,$/GJ,7.2271269446
2099,NGFS2023MESSAGE_NDC,Global,Oil&Gas,Gas,Price,$/GJ,7.2661151698
2100,NGFS2023MESSAGE_NDC,Global,Oil&Gas,Gas,Price,$/GJ,7.305103395
2022,NGFS2023REMIND_NDC,Global,Oil&Gas,Gas,Price,$/GJ,4.19907539
2023,NGFS2023REMIND_NDC,Global,Oil&Gas,Gas,Price,$/GJ,4.313066843
2024,NGFS2023REMIND_NDC,Global,Oil&Gas,Gas,Price,$/GJ,4.427058296
2025,NGFS2023REMIND_NDC,Global,Oil&Gas,Gas,Price,$/GJ,4.541049749
2026,NGFS2023REMIND_NDC,Global,Oil&Gas,Gas,Price,$/GJ,4.4989173456
2027,NGFS2023REMIND_NDC,Global,Oil&Gas,Gas,Price,$/GJ,4.4567849422
2028,NGFS2023REMIND_NDC,Global,Oil&Gas,Gas,Price,$/GJ,4.4146525388
2029,NGFS2023REMIND_NDC,Global,Oil&Gas,Gas,Price,$/GJ,4.3725201354
2030,NGFS2023REMIND_NDC,Global,Oil&Gas,Gas,Price,$/GJ,4.330387732
2031,NGFS2023REMIND_NDC,Global,Oil&Gas,Gas,Price,$/GJ,4.41822952
2032,NGFS2023REMIND_NDC,Global,Oil&Gas,Gas,Price,$/GJ,4.506071308
2033,NGFS2023REMIND_NDC,Global,Oil&Gas,Gas,Price,$/GJ,4.593913096
2034,NGFS2023REMIND_NDC,Global,Oil&Gas,Gas,Price,$/GJ,4.681754884
2035,NGFS2023REMIND_NDC,Global,Oil&Gas,Gas,Price,$/GJ,4.769596672
2036,NGFS2023REMIND_NDC,Global,Oil&Gas,Gas,Price,$/GJ,4.830410025
2037,NGFS2023REMIND_NDC,Global,Oil&Gas,Gas,Price,$/GJ,4.891223378
2038,NGFS2023REMIND_NDC,Global,Oil&Gas,Gas,Price,$/GJ,4.952036731
2039,NGFS2023REMIND_NDC,Global,Oil&Gas,Gas,Price,$/GJ,5.012850084
2040,NGFS2023REMIND_NDC,Global,Oil&Gas,Gas,Price,$/GJ,5.0736634370000004
2041,NGFS2023REMIND_NDC,Global,Oil&Gas,Gas,Price,$/GJ,5.1406384386
2042,NGFS2023REMIND_NDC,Global,Oil&Gas,Gas,Price,$/GJ,5.2076134402
2043,NGFS2023REMIND_NDC,Global,Oil&Gas,Gas,Price,$/GJ,5.2745884418
2044,NGFS2023REMIND_NDC,Global,Oil&Gas,Gas,Price,$/GJ,5.3415634434
2045,NGFS2023REMIND_NDC,Global,Oil&Gas,Gas,Price,$/GJ,5.408538445
2046,NGFS2023REMIND_NDC,Global,Oil&Gas,Gas,Price,$/GJ,5.4015306382
2047,NGFS2023REMIND_NDC,Global,Oil&Gas,Gas,Price,$/GJ,5.3945228314
2048,NGFS2023REMIND_NDC,Global,Oil&Gas,Gas,Price,$/GJ,5.3875150246
2049,NGFS2023REMIND_NDC,Global,Oil&Gas,Gas,Price,$/GJ,5.3805072178
2050,NGFS2023REMIND_NDC,Global,Oil&Gas,Gas,Price,$/GJ,5.373499411
2051,NGFS2023REMIND_NDC,Global,Oil&Gas,Gas,Price,$/GJ,5.322197313
2052,NGFS2023REMIND_NDC,Global,Oil&Gas,Gas,Price,$/GJ,5.270895215
2053,NGFS2023REMIND_NDC,Global,Oil&Gas,Gas,Price,$/GJ,5.219593117
2054,NGFS2023REMIND_NDC,Global,Oil&Gas,Gas,Price,$/GJ,5.168291019
2055,NGFS2023REMIND_NDC,Global,Oil&Gas,Gas,Price,$/GJ,5.116988921
2056,NGFS2023REMIND_NDC,Global,Oil&Gas,Gas,Price,$/GJ,5.3411006522
2057,NGFS2023REMIND_NDC,Global,Oil&Gas,Gas,Price,$/GJ,5.5652123834
2058,NGFS2023REMIND_NDC,Global,Oil&Gas,Gas,Price,$/GJ,5.7893241146
2059,NGFS2023REMIND_NDC,Global,Oil&Gas,Gas,Price,$/GJ,6.0134358458
2060,NGFS2023REMIND_NDC,Global,Oil&Gas,Gas,Price,$/GJ,6.237547577
2061,NGFS2023REMIND_NDC,Global,Oil&Gas,Gas,Price,$/GJ,6.2063313529999995
2062,NGFS2023REMIND_NDC,Global,Oil&Gas,Gas,Price,$/GJ,6.175115129
2063,NGFS2023REMIND_NDC,Global,Oil&Gas,Gas,Price,$/GJ,6.143898905
2064,NGFS2023REMIND_NDC,Global,Oil&Gas,Gas,Price,$/GJ,6.112682681
2065,NGFS2023REMIND_NDC,Global,Oil&Gas,Gas,Price,$/GJ,6.081466456999999
2066,NGFS2023REMIND_NDC,Global,Oil&Gas,Gas,Price,$/GJ,6.050250233
2067,NGFS2023REMIND_NDC,Global,Oil&Gas,Gas,Price,$/GJ,6.019034009
2068,NGFS2023REMIND_NDC,Global,Oil&Gas,Gas,Price,$/GJ,5.987817785
2069,NGFS2023REMIND_NDC,Global,Oil&Gas,Gas,Price,$/GJ,5.956601560999999
2070,NGFS2023REMIND_NDC,Global,Oil&Gas,Gas,Price,$/GJ,5.925385337
2071,NGFS2023REMIND_NDC,Global,Oil&Gas,Gas,Price,$/GJ,5.9278084629
2072,NGFS2023REMIND_NDC,Global,Oil&Gas,Gas,Price,$/GJ,5.9302315888
2073,NGFS2023REMIND_NDC,Global,Oil&Gas,Gas,Price,$/GJ,5.9326547147
2074,NGFS2023REMIND_NDC,Global,Oil&Gas,Gas,Price,$/GJ,5.9350778406
2075,NGFS2023REMIND_NDC,Global,Oil&Gas,Gas,Price,$/GJ,5.9375009665
2076,NGFS2023REMIND_NDC,Global,Oil&Gas,Gas,Price,$/GJ,5.9399240924
2077,NGFS2023REMIND_NDC,Global,Oil&Gas,Gas,Price,$/GJ,5.9423472183
2078,NGFS2023REMIND_NDC,Global,Oil&Gas,Gas,Price,$/GJ,5.9447703442
2079,NGFS2023REMIND_NDC,Global,Oil&Gas,Gas,Price,$/GJ,5.9471934701
2080,NGFS2023REMIND_NDC,Global,Oil&Gas,Gas,Price,$/GJ,5.949616596
2081,NGFS2023REMIND_NDC,Global,Oil&Gas,Gas,Price,$/GJ,5.9648341632
2082,NGFS2023REMIND_NDC,Global,Oil&Gas,Gas,Price,$/GJ,5.9800517304000005
2083,NGFS2023REMIND_NDC,Global,Oil&Gas,Gas,Price,$/GJ,5.9952692976
2084,NGFS2023REMIND_NDC,Global,Oil&Gas,Gas,Price,$/GJ,6.0104868648
2085,NGFS2023REMIND_NDC,Global,Oil&Gas,Gas,Price,$/GJ,6.0257044319999995
2086,NGFS2023REMIND_NDC,Global,Oil&Gas,Gas,Price,$/GJ,6.0409219992
2087,NGFS2023REMIND_NDC,Global,Oil&Gas,Gas,Price,$/GJ,6.0561395664
2088,NGFS2023REMIND_NDC,Global,Oil&Gas,Gas,Price,$/GJ,6.071357133599999
2089,NGFS2023REMIND_NDC,Global,Oil&Gas,Gas,Price,$/GJ,6.0865747008
2090,NGFS2023REMIND_NDC,Global,Oil&Gas,Gas,Price,$/GJ,6.101792268
2091,NGFS2023REMIND_NDC,Global,Oil&Gas,Gas,Price,$/GJ,6.1024593158
2092,NGFS2023REMIND_NDC,Global,Oil&Gas,Gas,Price,$/GJ,6.1031263635999995
2093,NGFS2023REMIND_NDC,Global,Oil&Gas,Gas,Price,$/GJ,6.1037934114
2094,NGFS2023REMIND_NDC,Global,Oil&Gas,Gas,Price,$/GJ,6.104460459199999
2095,NGFS2023REMIND_NDC,Global,Oil&Gas,Gas,Price,$/GJ,6.105127507
2096,NGFS2023REMIND_NDC,Global,Oil&Gas,Gas,Price,$/GJ,6.1057945548
2097,NGFS2023REMIND_NDC,Global,Oil&Gas,Gas,Price,$/GJ,6.1064616026
2098,NGFS2023REMIND_NDC,Global,Oil&Gas,Gas,Price,$/GJ,6.1071286504
2099,NGFS2023REMIND_NDC,Global,Oil&Gas,Gas,Price,$/GJ,6.1077956981999995
2100,NGFS2023REMIND_NDC,Global,Oil&Gas,Gas,Price,$/GJ,6.108462746
2022,NGFS2023GCAM_NZ2050,Global,Oil&Gas,Gas,Price,$/GJ,5.9805302792
2023,NGFS2023GCAM_NZ2050,Global,Oil&Gas,Gas,Price,$/GJ,6.0686901728
2024,NGFS2023GCAM_NZ2050,Global,Oil&Gas,Gas,Price,$/GJ,6.1568500664
2025,NGFS2023GCAM_NZ2050,Global,Oil&Gas,Gas,Price,$/GJ,6.24500996
2026,NGFS2023GCAM_NZ2050,Global,Oil&Gas,Gas,Price,$/GJ,6.3632562032
2027,NGFS2023GCAM_NZ2050,Global,Oil&Gas,Gas,Price,$/GJ,6.4815024463999995
2028,NGFS2023GCAM_NZ2050,Global,Oil&Gas,Gas,Price,$/GJ,6.5997486896
2029,NGFS2023GCAM_NZ2050,Global,Oil&Gas,Gas,Price,$/GJ,6.7179949328
2030,NGFS2023GCAM_NZ2050,Global,Oil&Gas,Gas,Price,$/GJ,6.836241176
2031,NGFS2023GCAM_NZ2050,Global,Oil&Gas,Gas,Price,$/GJ,6.967852338799999
2032,NGFS2023GCAM_NZ2050,Global,Oil&Gas,Gas,Price,$/GJ,7.0994635016
2033,NGFS2023GCAM_NZ2050,Global,Oil&Gas,Gas,Price,$/GJ,7.2310746644
2034,NGFS2023GCAM_NZ2050,Global,Oil&Gas,Gas,Price,$/GJ,7.3626858272
2035,NGFS2023GCAM_NZ2050,Global,Oil&Gas,Gas,Price,$/GJ,7.49429699
2036,NGFS2023GCAM_NZ2050,Global,Oil&Gas,Gas,Price,$/GJ,7.643327755
2037,NGFS2023GCAM_NZ2050,Global,Oil&Gas,Gas,Price,$/GJ,7.79235852
2038,NGFS2023GCAM_NZ2050,Global,Oil&Gas,Gas,Price,$/GJ,7.941389285
2039,NGFS2023GCAM_NZ2050,Global,Oil&Gas,Gas,Price,$/GJ,8.090420049999999
2040,NGFS2023GCAM_NZ2050,Global,Oil&Gas,Gas,Price,$/GJ,8.239450815
2041,NGFS2023GCAM_NZ2050,Global,Oil&Gas,Gas,Price,$/GJ,8.500426927
2042,NGFS2023GCAM_NZ2050,Global,Oil&Gas,Gas,Price,$/GJ,8.761403039
2043,NGFS2023GCAM_NZ2050,Global,Oil&Gas,Gas,Price,$/GJ,9.022379151
2044,NGFS2023GCAM_NZ2050,Global,Oil&Gas,Gas,Price,$/GJ,9.283355263
2045,NGFS2023GCAM_NZ2050,Global,Oil&Gas,Gas,Price,$/GJ,9.544331375
2046,NGFS2023GCAM_NZ2050,Global,Oil&Gas,Gas,Price,$/GJ,9.673660216
2047,NGFS2023GCAM_NZ2050,Global,Oil&Gas,Gas,Price,$/GJ,9.802989057
2048,NGFS2023GCAM_NZ2050,Global,Oil&Gas,Gas,Price,$/GJ,9.932317898
2049,NGFS2023GCAM_NZ2050,Global,Oil&Gas,Gas,Price,$/GJ,10.061646739
2050,NGFS2023GCAM_NZ2050,Global,Oil&Gas,Gas,Price,$/GJ,10.19097558
2051,NGFS2023GCAM_NZ2050,Global,Oil&Gas,Gas,Price,$/GJ,10.319086604
2052,NGFS2023GCAM_NZ2050,Global,Oil&Gas,Gas,Price,$/GJ,10.447197628
2053,NGFS2023GCAM_NZ2050,Global,Oil&Gas,Gas,Price,$/GJ,10.575308652
2054,NGFS2023GCAM_NZ2050,Global,Oil&Gas,Gas,Price,$/GJ,10.703419676
2055,NGFS2023GCAM_NZ2050,Global,Oil&Gas,Gas,Price,$/GJ,10.8315307
2056,NGFS2023GCAM_NZ2050,Global,Oil&Gas,Gas,Price,$/GJ,10.737629698
2057,NGFS2023GCAM_NZ2050,Global,Oil&Gas,Gas,Price,$/GJ,10.643728696
2058,NGFS2023GCAM_NZ2050,Global,Oil&Gas,Gas,Price,$/GJ,10.549827694
2059,NGFS2023GCAM_NZ2050,Global,Oil&Gas,Gas,Price,$/GJ,10.455926692
2060,NGFS2023GCAM_NZ2050,Global,Oil&Gas,Gas,Price,$/GJ,10.36202569
2061,NGFS2023GCAM_NZ2050,Global,Oil&Gas,Gas,Price,$/GJ,10.1963963456
2062,NGFS2023GCAM_NZ2050,Global,Oil&Gas,Gas,Price,$/GJ,10.0307670012
2063,NGFS2023GCAM_NZ2050,Global,Oil&Gas,Gas,Price,$/GJ,9.8651376568
2064,NGFS2023GCAM_NZ2050,Global,Oil&Gas,Gas,Price,$/GJ,9.6995083124
2065,NGFS2023GCAM_NZ2050,Global,Oil&Gas,Gas,Price,$/GJ,9.533878968
2066,NGFS2023GCAM_NZ2050,Global,Oil&Gas,Gas,Price,$/GJ,9.3801439646
2067,NGFS2023GCAM_NZ2050,Global,Oil&Gas,Gas,Price,$/GJ,9.2264089612
2068,NGFS2023GCAM_NZ2050,Global,Oil&Gas,Gas,Price,$/GJ,9.0726739578
2069,NGFS2023GCAM_NZ2050,Global,Oil&Gas,Gas,Price,$/GJ,8.9189389544
2070,NGFS2023GCAM_NZ2050,Global,Oil&Gas,Gas,Price,$/GJ,8.765203951
2071,NGFS2023GCAM_NZ2050,Global,Oil&Gas,Gas,Price,$/GJ,8.6104248162
2072,NGFS2023GCAM_NZ2050,Global,Oil&Gas,Gas,Price,$/GJ,8.4556456814
2073,NGFS2023GCAM_NZ2050,Global,Oil&Gas,Gas,Price,$/GJ,8.3008665466
2074,NGFS2023GCAM_NZ2050,Global,Oil&Gas,Gas,Price,$/GJ,8.1460874118
2075,NGFS2023GCAM_NZ2050,Global,Oil&Gas,Gas,Price,$/GJ,7.991308277
2076,NGFS2023GCAM_NZ2050,Global,Oil&Gas,Gas,Price,$/GJ,7.9227016766
2077,NGFS2023GCAM_NZ2050,Global,Oil&Gas,Gas,Price,$/GJ,7.8540950762
2078,NGFS2023GCAM_NZ2050,Global,Oil&Gas,Gas,Price,$/GJ,7.785488475799999
2079,NGFS2023GCAM_NZ2050,Global,Oil&Gas,Gas,Price,$/GJ,7.7168818754
2080,NGFS2023GCAM_NZ2050,Global,Oil&Gas,Gas,Price,$/GJ,7.648275275
2081,NGFS2023GCAM_NZ2050,Global,Oil&Gas,Gas,Price,$/GJ,7.6532001408
2082,NGFS2023GCAM_NZ2050,Global,Oil&Gas,Gas,Price,$/GJ,7.6581250066
2083,NGFS2023GCAM_NZ2050,Global,Oil&Gas,Gas,Price,$/GJ,7.6630498724
2084,NGFS2023GCAM_NZ2050,Global,Oil&Gas,Gas,Price,$/GJ,7.6679747382
2085,NGFS2023GCAM_NZ2050,Global,Oil&Gas,Gas,Price,$/GJ,7.672899604
2086,NGFS2023GCAM_NZ2050,Global,Oil&Gas,Gas,Price,$/GJ,7.5303868724
2087,NGFS2023GCAM_NZ2050,Global,Oil&Gas,Gas,Price,$/GJ,7.3878741408
2088,NGFS2023GCAM_NZ2050,Global,Oil&Gas,Gas,Price,$/GJ,7.2453614092
2089,NGFS2023GCAM_NZ2050,Global,Oil&Gas,Gas,Price,$/GJ,7.1028486776
2090,NGFS2023GCAM_NZ2050,Global,Oil&Gas,Gas,Price,$/GJ,6.960335946
2091,NGFS2023GCAM_NZ2050,Global,Oil&Gas,Gas,Price,$/GJ,6.7313896676
2092,NGFS2023GCAM_NZ2050,Global,Oil&Gas,Gas,Price,$/GJ,6.5024433892
2093,NGFS2023GCAM_NZ2050,Global,Oil&Gas,Gas,Price,$/GJ,6.2734971108
2094,NGFS2023GCAM_NZ2050,Global,Oil&Gas,Gas,Price,$/GJ,6.0445508324
2095,NGFS2023GCAM_NZ2050,Global,Oil&Gas,Gas,Price,$/GJ,5.815604554
2096,NGFS2023GCAM_NZ2050,Global,Oil&Gas,Gas,Price,$/GJ,5.8174363828
2097,NGFS2023GCAM_NZ2050,Global,Oil&Gas,Gas,Price,$/GJ,5.8192682116
2098,NGFS2023GCAM_NZ2050,Global,Oil&Gas,Gas,Price,$/GJ,5.8211000404
2099,NGFS2023GCAM_NZ2050,Global,Oil&Gas,Gas,Price,$/GJ,5.8229318692
2100,NGFS2023GCAM_NZ2050,Global,Oil&Gas,Gas,Price,$/GJ,5.824763698
2022,NGFS2023MESSAGE_NZ2050,Global,Oil&Gas,Gas,Price,$/GJ,2.8465517447999997
2023,NGFS2023MESSAGE_NZ2050,Global,Oil&Gas,Gas,Price,$/GJ,2.8488340032
2024,NGFS2023MESSAGE_NZ2050,Global,Oil&Gas,Gas,Price,$/GJ,2.8511162615999996
2025,NGFS2023MESSAGE_NZ2050,Global,Oil&Gas,Gas,Price,$/GJ,2.85339852
2026,NGFS2023MESSAGE_NZ2050,Global,Oil&Gas,Gas,Price,$/GJ,4.2017000524
2027,NGFS2023MESSAGE_NZ2050,Global,Oil&Gas,Gas,Price,$/GJ,5.5500015848
2028,NGFS2023MESSAGE_NZ2050,Global,Oil&Gas,Gas,Price,$/GJ,6.8983031172
2029,NGFS2023MESSAGE_NZ2050,Global,Oil&Gas,Gas,Price,$/GJ,8.246604649600002
2030,NGFS2023MESSAGE_NZ2050,Global,Oil&Gas,Gas,Price,$/GJ,9.594906182
2031,NGFS2023MESSAGE_NZ2050,Global,Oil&Gas,Gas,Price,$/GJ,7.4785810884
2032,NGFS2023MESSAGE_NZ2050,Global,Oil&Gas,Gas,Price,$/GJ,5.362255994800001
2033,NGFS2023MESSAGE_NZ2050,Global,Oil&Gas,Gas,Price,$/GJ,3.2459309012000004
2034,NGFS2023MESSAGE_NZ2050,Global,Oil&Gas,Gas,Price,$/GJ,1.1296058076000008
2035,NGFS2023MESSAGE_NZ2050,Global,Oil&Gas,Gas,Price,$/GJ,-0.986719286
2036,NGFS2023MESSAGE_NZ2050,Global,Oil&Gas,Gas,Price,$/GJ,0.4204534590000002
2037,NGFS2023MESSAGE_NZ2050,Global,Oil&Gas,Gas,Price,$/GJ,1.8276262040000004
2038,NGFS2023MESSAGE_NZ2050,Global,Oil&Gas,Gas,Price,$/GJ,3.2347989490000004
2039,NGFS2023MESSAGE_NZ2050,Global,Oil&Gas,Gas,Price,$/GJ,4.641971694
2040,NGFS2023MESSAGE_NZ2050,Global,Oil&Gas,Gas,Price,$/GJ,6.049144439
2041,NGFS2023MESSAGE_NZ2050,Global,Oil&Gas,Gas,Price,$/GJ,6.1445411738
2042,NGFS2023MESSAGE_NZ2050,Global,Oil&Gas,Gas,Price,$/GJ,6.2399379086
2043,NGFS2023MESSAGE_NZ2050,Global,Oil&Gas,Gas,Price,$/GJ,6.3353346434
2044,NGFS2023MESSAGE_NZ2050,Global,Oil&Gas,Gas,Price,$/GJ,6.4307313782
2045,NGFS2023MESSAGE_NZ2050,Global,Oil&Gas,Gas,Price,$/GJ,6.526128113
2046,NGFS2023MESSAGE_NZ2050,Global,Oil&Gas,Gas,Price,$/GJ,6.668761035
2047,NGFS2023MESSAGE_NZ2050,Global,Oil&Gas,Gas,Price,$/GJ,6.811393957
2048,NGFS2023MESSAGE_NZ2050,Global,Oil&Gas,Gas,Price,$/GJ,6.954026879000001
2049,NGFS2023MESSAGE_NZ2050,Global,Oil&Gas,Gas,Price,$/GJ,7.096659801
2050,NGFS2023MESSAGE_NZ2050,Global,Oil&Gas,Gas,Price,$/GJ,7.239292723
2051,NGFS2023MESSAGE_NZ2050,Global,Oil&Gas,Gas,Price,$/GJ,7.5946239856
2052,NGFS2023MESSAGE_NZ2050,Global,Oil&Gas,Gas,Price,$/GJ,7.9499552482
2053,NGFS2023MESSAGE_NZ2050,Global,Oil&Gas,Gas,Price,$/GJ,8.3052865108
2054,NGFS2023MESSAGE_NZ2050,Global,Oil&Gas,Gas,Price,$/GJ,8.6606177734
2055,NGFS2023MESSAGE_NZ2050,Global,Oil&Gas,Gas,Price,$/GJ,9.015949036
2056,NGFS2023MESSAGE_NZ2050,Global,Oil&Gas,Gas,Price,$/GJ,8.534002773800001
2057,NGFS2023MESSAGE_NZ2050,Global,Oil&Gas,Gas,Price,$/GJ,8.0520565116
2058,NGFS2023MESSAGE_NZ2050,Global,Oil&Gas,Gas,Price,$/GJ,7.5701102494
2059,NGFS2023MESSAGE_NZ2050,Global,Oil&Gas,Gas,Price,$/GJ,7.0881639872
2060,NGFS2023MESSAGE_NZ2050,Global,Oil&Gas,Gas,Price,$/GJ,6.606217725
2061,NGFS2023MESSAGE_NZ2050,Global,Oil&Gas,Gas,Price,$/GJ,6.471545573599999
2062,NGFS2023MESSAGE_NZ2050,Global,Oil&Gas,Gas,Price,$/GJ,6.3368734222
2063,NGFS2023MESSAGE_NZ2050,Global,Oil&Gas,Gas,Price,$/GJ,6.2022012708
2064,NGFS2023MESSAGE_NZ2050,Global,Oil&Gas,Gas,Price,$/GJ,6.0675291194
2065,NGFS2023MESSAGE_NZ2050,Global,Oil&Gas,Gas,Price,$/GJ,5.932856967999999
2066,NGFS2023MESSAGE_NZ2050,Global,Oil&Gas,Gas,Price,$/GJ,5.7981848166
2067,NGFS2023MESSAGE_NZ2050,Global,Oil&Gas,Gas,Price,$/GJ,5.6635126652
2068,NGFS2023MESSAGE_NZ2050,Global,Oil&Gas,Gas,Price,$/GJ,5.5288405138
2069,NGFS2023MESSAGE_NZ2050,Global,Oil&Gas,Gas,Price,$/GJ,5.3941683624
2070,NGFS2023MESSAGE_NZ2050,Global,Oil&Gas,Gas,Price,$/GJ,5.259496211
2071,NGFS2023MESSAGE_NZ2050,Global,Oil&Gas,Gas,Price,$/GJ,5.319316634
2072,NGFS2023MESSAGE_NZ2050,Global,Oil&Gas,Gas,Price,$/GJ,5.379137057
2073,NGFS2023MESSAGE_NZ2050,Global,Oil&Gas,Gas,Price,$/GJ,5.43895748
2074,NGFS2023MESSAGE_NZ2050,Global,Oil&Gas,Gas,Price,$/GJ,5.498777903000001
2075,NGFS2023MESSAGE_NZ2050,Global,Oil&Gas,Gas,Price,$/GJ,5.558598326
2076,NGFS2023MESSAGE_NZ2050,Global,Oil&Gas,Gas,Price,$/GJ,5.618418749
2077,NGFS2023MESSAGE_NZ2050,Global,Oil&Gas,Gas,Price,$/GJ,5.6782391720000005
2078,NGFS2023MESSAGE_NZ2050,Global,Oil&Gas,Gas,Price,$/GJ,5.738059595
2079,NGFS2023MESSAGE_NZ2050,Global,Oil&Gas,Gas,Price,$/GJ,5.797880018000001
2080,NGFS2023MESSAGE_NZ2050,Global,Oil&Gas,Gas,Price,$/GJ,5.857700441
2081,NGFS2023MESSAGE_NZ2050,Global,Oil&Gas,Gas,Price,$/GJ,5.9002524629
2082,NGFS2023MESSAGE_NZ2050,Global,Oil&Gas,Gas,Price,$/GJ,5.9428044848
2083,NGFS2023MESSAGE_NZ2050,Global,Oil&Gas,Gas,Price,$/GJ,5.9853565067000005
2084,NGFS2023MESSAGE_NZ2050,Global,Oil&Gas,Gas,Price,$/GJ,6.0279085286
2085,NGFS2023MESSAGE_NZ2050,Global,Oil&Gas,Gas,Price,$/GJ,6.0704605505
2086,NGFS2023MESSAGE_NZ2050,Global,Oil&Gas,Gas,Price,$/GJ,6.1130125724
2087,NGFS2023MESSAGE_NZ2050,Global,Oil&Gas,Gas,Price,$/GJ,6.1555645942999995
2088,NGFS2023MESSAGE_NZ2050,Global,Oil&Gas,Gas,Price,$/GJ,6.1981166162
2089,NGFS2023MESSAGE_NZ2050,Global,Oil&Gas,Gas,Price,$/GJ,6.2406686381
2090,NGFS2023MESSAGE_NZ2050,Global,Oil&Gas,Gas,Price,$/GJ,6.28322066
2091,NGFS2023MESSAGE_NZ2050,Global,Oil&Gas,Gas,Price,$/GJ,6.3294452901
2092,NGFS2023MESSAGE_NZ2050,Global,Oil&Gas,Gas,Price,$/GJ,6.3756699202
2093,NGFS2023MESSAGE_NZ2050,Global,Oil&Gas,Gas,Price,$/GJ,6.421894550299999
2094,NGFS2023MESSAGE_NZ2050,Global,Oil&Gas,Gas,Price,$/GJ,6.4681191804
2095,NGFS2023MESSAGE_NZ2050,Global,Oil&Gas,Gas,Price,$/GJ,6.5143438105
2096,NGFS2023MESSAGE_NZ2050,Global,Oil&Gas,Gas,Price,$/GJ,6.5605684406
2097,NGFS2023MESSAGE_NZ2050,Global,Oil&Gas,Gas,Price,$/GJ,6.6067930707
2098,NGFS2023MESSAGE_NZ2050,Global,Oil&Gas,Gas,Price,$/GJ,6.6530177007999995
2099,NGFS2023MESSAGE_NZ2050,Global,Oil&Gas,Gas,Price,$/GJ,6.6992423309
2100,NGFS2023MESSAGE_NZ2050,Global,Oil&Gas,Gas,Price,$/GJ,6.745466961
2022,NGFS2023REMIND_NZ2050,Global,Oil&Gas,Gas,Price,$/GJ,4.44160691
2023,NGFS2023REMIND_NZ2050,Global,Oil&Gas,Gas,Price,$/GJ,4.676864123
2024,NGFS2023REMIND_NZ2050,Global,Oil&Gas,Gas,Price,$/GJ,4.912121336
2025,NGFS2023REMIND_NZ2050,Global,Oil&Gas,Gas,Price,$/GJ,5.147378549
2026,NGFS2023REMIND_NZ2050,Global,Oil&Gas,Gas,Price,$/GJ,5.2240260706
2027,NGFS2023REMIND_NZ2050,Global,Oil&Gas,Gas,Price,$/GJ,5.3006735922
2028,NGFS2023REMIND_NZ2050,Global,Oil&Gas,Gas,Price,$/GJ,5.3773211138
2029,NGFS2023REMIND_NZ2050,Global,Oil&Gas,Gas,Price,$/GJ,5.4539686354
2030,NGFS2023REMIND_NZ2050,Global,Oil&Gas,Gas,Price,$/GJ,5.530616157
2031,NGFS2023REMIND_NZ2050,Global,Oil&Gas,Gas,Price,$/GJ,5.608616384
2032,NGFS2023REMIND_NZ2050,Global,Oil&Gas,Gas,Price,$/GJ,5.686616611
2033,NGFS2023REMIND_NZ2050,Global,Oil&Gas,Gas,Price,$/GJ,5.764616838
2034,NGFS2023REMIND_NZ2050,Global,Oil&Gas,Gas,Price,$/GJ,5.842617065
2035,NGFS2023REMIND_NZ2050,Global,Oil&Gas,Gas,Price,$/GJ,5.920617292
2036,NGFS2023REMIND_NZ2050,Global,Oil&Gas,Gas,Price,$/GJ,5.9188107896
2037,NGFS2023REMIND_NZ2050,Global,Oil&Gas,Gas,Price,$/GJ,5.9170042872
2038,NGFS2023REMIND_NZ2050,Global,Oil&Gas,Gas,Price,$/GJ,5.9151977848
2039,NGFS2023REMIND_NZ2050,Global,Oil&Gas,Gas,Price,$/GJ,5.9133912824
2040,NGFS2023REMIND_NZ2050,Global,Oil&Gas,Gas,Price,$/GJ,5.91158478
2041,NGFS2023REMIND_NZ2050,Global,Oil&Gas,Gas,Price,$/GJ,5.7222923078
2042,NGFS2023REMIND_NZ2050,Global,Oil&Gas,Gas,Price,$/GJ,5.5329998356
2043,NGFS2023REMIND_NZ2050,Global,Oil&Gas,Gas,Price,$/GJ,5.3437073634
2044,NGFS2023REMIND_NZ2050,Global,Oil&Gas,Gas,Price,$/GJ,5.1544148912
2045,NGFS2023REMIND_NZ2050,Global,Oil&Gas,Gas,Price,$/GJ,4.965122419
2046,NGFS2023REMIND_NZ2050,Global,Oil&Gas,Gas,Price,$/GJ,4.85464711
2047,NGFS2023REMIND_NZ2050,Global,Oil&Gas,Gas,Price,$/GJ,4.744171801
2048,NGFS2023REMIND_NZ2050,Global,Oil&Gas,Gas,Price,$/GJ,4.6336964919999994
2049,NGFS2023REMIND_NZ2050,Global,Oil&Gas,Gas,Price,$/GJ,4.5232211829999995
2050,NGFS2023REMIND_NZ2050,Global,Oil&Gas,Gas,Price,$/GJ,4.412745874
2051,NGFS2023REMIND_NZ2050,Global,Oil&Gas,Gas,Price,$/GJ,4.4389037806
2052,NGFS2023REMIND_NZ2050,Global,Oil&Gas,Gas,Price,$/GJ,4.4650616871999995
2053,NGFS2023REMIND_NZ2050,Global,Oil&Gas,Gas,Price,$/GJ,4.4912195938
2054,NGFS2023REMIND_NZ2050,Global,Oil&Gas,Gas,Price,$/GJ,4.5173775004
2055,NGFS2023REMIND_NZ2050,Global,Oil&Gas,Gas,Price,$/GJ,4.543535407
2056,NGFS2023REMIND_NZ2050,Global,Oil&Gas,Gas,Price,$/GJ,4.792709357000001
2057,NGFS2023REMIND_NZ2050,Global,Oil&Gas,Gas,Price,$/GJ,5.041883307
2058,NGFS2023REMIND_NZ2050,Global,Oil&Gas,Gas,Price,$/GJ,5.291057257
2059,NGFS2023REMIND_NZ2050,Global,Oil&Gas,Gas,Price,$/GJ,5.540231207
2060,NGFS2023REMIND_NZ2050,Global,Oil&Gas,Gas,Price,$/GJ,5.789405157
2061,NGFS2023REMIND_NZ2050,Global,Oil&Gas,Gas,Price,$/GJ,5.8493437277
2062,NGFS2023REMIND_NZ2050,Global,Oil&Gas,Gas,Price,$/GJ,5.9092822984
2063,NGFS2023REMIND_NZ2050,Global,Oil&Gas,Gas,Price,$/GJ,5.9692208691
2064,NGFS2023REMIND_NZ2050,Global,Oil&Gas,Gas,Price,$/GJ,6.0291594398
2065,NGFS2023REMIND_NZ2050,Global,Oil&Gas,Gas,Price,$/GJ,6.0890980105
2066,NGFS2023REMIND_NZ2050,Global,Oil&Gas,Gas,Price,$/GJ,6.1490365812
2067,NGFS2023REMIND_NZ2050,Global,Oil&Gas,Gas,Price,$/GJ,6.2089751519
2068,NGFS2023REMIND_NZ2050,Global,Oil&Gas,Gas,Price,$/GJ,6.2689137226
2069,NGFS2023REMIND_NZ2050,Global,Oil&Gas,Gas,Price,$/GJ,6.3288522933
2070,NGFS2023REMIND_NZ2050,Global,Oil&Gas,Gas,Price,$/GJ,6.388790864
2071,NGFS2023REMIND_NZ2050,Global,Oil&Gas,Gas,Price,$/GJ,6.360022679
2072,NGFS2023REMIND_NZ2050,Global,Oil&Gas,Gas,Price,$/GJ,6.3312544939999995
2073,NGFS2023REMIND_NZ2050,Global,Oil&Gas,Gas,Price,$/GJ,6.302486309
2074,NGFS2023REMIND_NZ2050,Global,Oil&Gas,Gas,Price,$/GJ,6.273718124
2075,NGFS2023REMIND_NZ2050,Global,Oil&Gas,Gas,Price,$/GJ,6.244949939
2076,NGFS2023REMIND_NZ2050,Global,Oil&Gas,Gas,Price,$/GJ,6.216181754
2077,NGFS2023REMIND_NZ2050,Global,Oil&Gas,Gas,Price,$/GJ,6.187413569
2078,NGFS2023REMIND_NZ2050,Global,Oil&Gas,Gas,Price,$/GJ,6.158645384000001
2079,NGFS2023REMIND_NZ2050,Global,Oil&Gas,Gas,Price,$/GJ,6.129877199
2080,NGFS2023REMIND_NZ2050,Global,Oil&Gas,Gas,Price,$/GJ,6.101109014
2081,NGFS2023REMIND_NZ2050,Global,Oil&Gas,Gas,Price,$/GJ,6.0702324009
2082,NGFS2023REMIND_NZ2050,Global,Oil&Gas,Gas,Price,$/GJ,6.0393557878
2083,NGFS2023REMIND_NZ2050,Global,Oil&Gas,Gas,Price,$/GJ,6.008479174700001
2084,NGFS2023REMIND_NZ2050,Global,Oil&Gas,Gas,Price,$/GJ,5.9776025616
2085,NGFS2023REMIND_NZ2050,Global,Oil&Gas,Gas,Price,$/GJ,5.9467259485
2086,NGFS2023REMIND_NZ2050,Global,Oil&Gas,Gas,Price,$/GJ,5.9158493354
2087,NGFS2023REMIND_NZ2050,Global,Oil&Gas,Gas,Price,$/GJ,5.8849727223
2088,NGFS2023REMIND_NZ2050,Global,Oil&Gas,Gas,Price,$/GJ,5.8540961092
2089,NGFS2023REMIND_NZ2050,Global,Oil&Gas,Gas,Price,$/GJ,5.8232194961
2090,NGFS2023REMIND_NZ2050,Global,Oil&Gas,Gas,Price,$/GJ,5.792342883
2091,NGFS2023REMIND_NZ2050,Global,Oil&Gas,Gas,Price,$/GJ,5.6958606011
2092,NGFS2023REMIND_NZ2050,Global,Oil&Gas,Gas,Price,$/GJ,5.5993783191999995
2093,NGFS2023REMIND_NZ2050,Global,Oil&Gas,Gas,Price,$/GJ,5.5028960373
2094,NGFS2023REMIND_NZ2050,Global,Oil&Gas,Gas,Price,$/GJ,5.4064137554
2095,NGFS2023REMIND_NZ2050,Global,Oil&Gas,Gas,Price,$/GJ,5.3099314735
2096,NGFS2023REMIND_NZ2050,Global,Oil&Gas,Gas,Price,$/GJ,5.2134491916
2097,NGFS2023REMIND_NZ2050,Global,Oil&Gas,Gas,Price,$/GJ,5.1169669097
2098,NGFS2023REMIND_NZ2050,Global,Oil&Gas,Gas,Price,$/GJ,5.0204846278
2099,NGFS2023REMIND_NZ2050,Global,Oil&Gas,Gas,Price,$/GJ,4.9240023459
2100,NGFS2023REMIND_NZ2050,Global,Oil&Gas,Gas,Price,$/GJ,4.827520064
2022,NGFS2023GCAM_B2DS,Global,Oil&Gas,Oil,Price,$/GJ,14.9139507
2023,NGFS2023GCAM_B2DS,Global,Oil&Gas,Oil,Price,$/GJ,14.99461629
2024,NGFS2023GCAM_B2DS,Global,Oil&Gas,Oil,Price,$/GJ,15.07528188
2025,NGFS2023GCAM_B2DS,Global,Oil&Gas,Oil,Price,$/GJ,15.15594747
2026,NGFS2023GCAM_B2DS,Global,Oil&Gas,Oil,Price,$/GJ,15.215867206
2027,NGFS2023GCAM_B2DS,Global,Oil&Gas,Oil,Price,$/GJ,15.275786942
2028,NGFS2023GCAM_B2DS,Global,Oil&Gas,Oil,Price,$/GJ,15.335706678
2029,NGFS2023GCAM_B2DS,Global,Oil&Gas,Oil,Price,$/GJ,15.395626414
2030,NGFS2023GCAM_B2DS,Global,Oil&Gas,Oil,Price,$/GJ,15.45554615
2031,NGFS2023GCAM_B2DS,Global,Oil&Gas,Oil,Price,$/GJ,15.480394092
2032,NGFS2023GCAM_B2DS,Global,Oil&Gas,Oil,Price,$/GJ,15.505242034
2033,NGFS2023GCAM_B2DS,Global,Oil&Gas,Oil,Price,$/GJ,15.530089976
2034,NGFS2023GCAM_B2DS,Global,Oil&Gas,Oil,Price,$/GJ,15.554937918
2035,NGFS2023GCAM_B2DS,Global,Oil&Gas,Oil,Price,$/GJ,15.57978586
2036,NGFS2023GCAM_B2DS,Global,Oil&Gas,Oil,Price,$/GJ,15.591416142
2037,NGFS2023GCAM_B2DS,Global,Oil&Gas,Oil,Price,$/GJ,15.603046424
2038,NGFS2023GCAM_B2DS,Global,Oil&Gas,Oil,Price,$/GJ,15.614676706
2039,NGFS2023GCAM_B2DS,Global,Oil&Gas,Oil,Price,$/GJ,15.626306988
2040,NGFS2023GCAM_B2DS,Global,Oil&Gas,Oil,Price,$/GJ,15.63793727
2041,NGFS2023GCAM_B2DS,Global,Oil&Gas,Oil,Price,$/GJ,15.662000904
2042,NGFS2023GCAM_B2DS,Global,Oil&Gas,Oil,Price,$/GJ,15.686064538
2043,NGFS2023GCAM_B2DS,Global,Oil&Gas,Oil,Price,$/GJ,15.710128172
2044,NGFS2023GCAM_B2DS,Global,Oil&Gas,Oil,Price,$/GJ,15.734191806
2045,NGFS2023GCAM_B2DS,Global,Oil&Gas,Oil,Price,$/GJ,15.75825544
2046,NGFS2023GCAM_B2DS,Global,Oil&Gas,Oil,Price,$/GJ,15.73376314
2047,NGFS2023GCAM_B2DS,Global,Oil&Gas,Oil,Price,$/GJ,15.70927084
2048,NGFS2023GCAM_B2DS,Global,Oil&Gas,Oil,Price,$/GJ,15.68477854
2049,NGFS2023GCAM_B2DS,Global,Oil&Gas,Oil,Price,$/GJ,15.66028624
2050,NGFS2023GCAM_B2DS,Global,Oil&Gas,Oil,Price,$/GJ,15.63579394
2051,NGFS2023GCAM_B2DS,Global,Oil&Gas,Oil,Price,$/GJ,15.578178716
2052,NGFS2023GCAM_B2DS,Global,Oil&Gas,Oil,Price,$/GJ,15.520563492
2053,NGFS2023GCAM_B2DS,Global,Oil&Gas,Oil,Price,$/GJ,15.462948268
2054,NGFS2023GCAM_B2DS,Global,Oil&Gas,Oil,Price,$/GJ,15.405333044
2055,NGFS2023GCAM_B2DS,Global,Oil&Gas,Oil,Price,$/GJ,15.34771782
2056,NGFS2023GCAM_B2DS,Global,Oil&Gas,Oil,Price,$/GJ,15.335318358
2057,NGFS2023GCAM_B2DS,Global,Oil&Gas,Oil,Price,$/GJ,15.322918896
2058,NGFS2023GCAM_B2DS,Global,Oil&Gas,Oil,Price,$/GJ,15.310519434
2059,NGFS2023GCAM_B2DS,Global,Oil&Gas,Oil,Price,$/GJ,15.298119972
2060,NGFS2023GCAM_B2DS,Global,Oil&Gas,Oil,Price,$/GJ,15.28572051
2061,NGFS2023GCAM_B2DS,Global,Oil&Gas,Oil,Price,$/GJ,15.411762638
2062,NGFS2023GCAM_B2DS,Global,Oil&Gas,Oil,Price,$/GJ,15.537804766
2063,NGFS2023GCAM_B2DS,Global,Oil&Gas,Oil,Price,$/GJ,15.663846894
2064,NGFS2023GCAM_B2DS,Global,Oil&Gas,Oil,Price,$/GJ,15.789889022
2065,NGFS2023GCAM_B2DS,Global,Oil&Gas,Oil,Price,$/GJ,15.91593115
2066,NGFS2023GCAM_B2DS,Global,Oil&Gas,Oil,Price,$/GJ,16.150361598
2067,NGFS2023GCAM_B2DS,Global,Oil&Gas,Oil,Price,$/GJ,16.384792046
2068,NGFS2023GCAM_B2DS,Global,Oil&Gas,Oil,Price,$/GJ,16.619222494000002
2069,NGFS2023GCAM_B2DS,Global,Oil&Gas,Oil,Price,$/GJ,16.853652942
2070,NGFS2023GCAM_B2DS,Global,Oil&Gas,Oil,Price,$/GJ,17.08808339
2071,NGFS2023GCAM_B2DS,Global,Oil&Gas,Oil,Price,$/GJ,17.557926690000002
2072,NGFS2023GCAM_B2DS,Global,Oil&Gas,Oil,Price,$/GJ,18.02776999
2073,NGFS2023GCAM_B2DS,Global,Oil&Gas,Oil,Price,$/GJ,18.49761329
2074,NGFS2023GCAM_B2DS,Global,Oil&Gas,Oil,Price,$/GJ,18.96745659
2075,NGFS2023GCAM_B2DS,Global,Oil&Gas,Oil,Price,$/GJ,19.43729989
2076,NGFS2023GCAM_B2DS,Global,Oil&Gas,Oil,Price,$/GJ,19.03325501
2077,NGFS2023GCAM_B2DS,Global,Oil&Gas,Oil,Price,$/GJ,18.629210129999997
2078,NGFS2023GCAM_B2DS,Global,Oil&Gas,Oil,Price,$/GJ,18.22516525
2079,NGFS2023GCAM_B2DS,Global,Oil&Gas,Oil,Price,$/GJ,17.82112037
2080,NGFS2023GCAM_B2DS,Global,Oil&Gas,Oil,Price,$/GJ,17.41707549
2081,NGFS2023GCAM_B2DS,Global,Oil&Gas,Oil,Price,$/GJ,17.18889248
2082,NGFS2023GCAM_B2DS,Global,Oil&Gas,Oil,Price,$/GJ,16.96070947
2083,NGFS2023GCAM_B2DS,Global,Oil&Gas,Oil,Price,$/GJ,16.73252646
2084,NGFS2023GCAM_B2DS,Global,Oil&Gas,Oil,Price,$/GJ,16.50434345
2085,NGFS2023GCAM_B2DS,Global,Oil&Gas,Oil,Price,$/GJ,16.27616044
2086,NGFS2023GCAM_B2DS,Global,Oil&Gas,Oil,Price,$/GJ,16.176633516000003
2087,NGFS2023GCAM_B2DS,Global,Oil&Gas,Oil,Price,$/GJ,16.077106592
2088,NGFS2023GCAM_B2DS,Global,Oil&Gas,Oil,Price,$/GJ,15.977579668
2089,NGFS2023GCAM_B2DS,Global,Oil&Gas,Oil,Price,$/GJ,15.878052744
2090,NGFS2023GCAM_B2DS,Global,Oil&Gas,Oil,Price,$/GJ,15.77852582
2091,NGFS2023GCAM_B2DS,Global,Oil&Gas,Oil,Price,$/GJ,15.691117354
2092,NGFS2023GCAM_B2DS,Global,Oil&Gas,Oil,Price,$/GJ,15.603708888
2093,NGFS2023GCAM_B2DS,Global,Oil&Gas,Oil,Price,$/GJ,15.516300422
2094,NGFS2023GCAM_B2DS,Global,Oil&Gas,Oil,Price,$/GJ,15.428891956
2095,NGFS2023GCAM_B2DS,Global,Oil&Gas,Oil,Price,$/GJ,15.34148349
2096,NGFS2023GCAM_B2DS,Global,Oil&Gas,Oil,Price,$/GJ,15.193341124
2097,NGFS2023GCAM_B2DS,Global,Oil&Gas,Oil,Price,$/GJ,15.045198758
2098,NGFS2023GCAM_B2DS,Global,Oil&Gas,Oil,Price,$/GJ,14.897056392
2099,NGFS2023GCAM_B2DS,Global,Oil&Gas,Oil,Price,$/GJ,14.748914026
2100,NGFS2023GCAM_B2DS,Global,Oil&Gas,Oil,Price,$/GJ,14.60077166
2022,NGFS2023MESSAGE_B2DS,Global,Oil&Gas,Oil,Price,$/GJ,3.0813477696
2023,NGFS2023MESSAGE_B2DS,Global,Oil&Gas,Oil,Price,$/GJ,3.2410116534
2024,NGFS2023MESSAGE_B2DS,Global,Oil&Gas,Oil,Price,$/GJ,3.4006755372
2025,NGFS2023MESSAGE_B2DS,Global,Oil&Gas,Oil,Price,$/GJ,3.560339421
2026,NGFS2023MESSAGE_B2DS,Global,Oil&Gas,Oil,Price,$/GJ,3.5274335958000003
2027,NGFS2023MESSAGE_B2DS,Global,Oil&Gas,Oil,Price,$/GJ,3.4945277706
2028,NGFS2023MESSAGE_B2DS,Global,Oil&Gas,Oil,Price,$/GJ,3.4616219454
2029,NGFS2023MESSAGE_B2DS,Global,Oil&Gas,Oil,Price,$/GJ,3.4287161202
2030,NGFS2023MESSAGE_B2DS,Global,Oil&Gas,Oil,Price,$/GJ,3.395810295
2031,NGFS2023MESSAGE_B2DS,Global,Oil&Gas,Oil,Price,$/GJ,3.4950399762
2032,NGFS2023MESSAGE_B2DS,Global,Oil&Gas,Oil,Price,$/GJ,3.5942696574
2033,NGFS2023MESSAGE_B2DS,Global,Oil&Gas,Oil,Price,$/GJ,3.6934993386
2034,NGFS2023MESSAGE_B2DS,Global,Oil&Gas,Oil,Price,$/GJ,3.7927290198
2035,NGFS2023MESSAGE_B2DS,Global,Oil&Gas,Oil,Price,$/GJ,3.891958701
2036,NGFS2023MESSAGE_B2DS,Global,Oil&Gas,Oil,Price,$/GJ,3.9039831418
2037,NGFS2023MESSAGE_B2DS,Global,Oil&Gas,Oil,Price,$/GJ,3.9160075826
2038,NGFS2023MESSAGE_B2DS,Global,Oil&Gas,Oil,Price,$/GJ,3.9280320234
2039,NGFS2023MESSAGE_B2DS,Global,Oil&Gas,Oil,Price,$/GJ,3.9400564642
2040,NGFS2023MESSAGE_B2DS,Global,Oil&Gas,Oil,Price,$/GJ,3.952080905
2041,NGFS2023MESSAGE_B2DS,Global,Oil&Gas,Oil,Price,$/GJ,4.0419775168
2042,NGFS2023MESSAGE_B2DS,Global,Oil&Gas,Oil,Price,$/GJ,4.1318741286
2043,NGFS2023MESSAGE_B2DS,Global,Oil&Gas,Oil,Price,$/GJ,4.2217707404
2044,NGFS2023MESSAGE_B2DS,Global,Oil&Gas,Oil,Price,$/GJ,4.3116673522
2045,NGFS2023MESSAGE_B2DS,Global,Oil&Gas,Oil,Price,$/GJ,4.401563964
2046,NGFS2023MESSAGE_B2DS,Global,Oil&Gas,Oil,Price,$/GJ,4.4569910154
2047,NGFS2023MESSAGE_B2DS,Global,Oil&Gas,Oil,Price,$/GJ,4.5124180668
2048,NGFS2023MESSAGE_B2DS,Global,Oil&Gas,Oil,Price,$/GJ,4.5678451182
2049,NGFS2023MESSAGE_B2DS,Global,Oil&Gas,Oil,Price,$/GJ,4.6232721696
2050,NGFS2023MESSAGE_B2DS,Global,Oil&Gas,Oil,Price,$/GJ,4.678699221
2051,NGFS2023MESSAGE_B2DS,Global,Oil&Gas,Oil,Price,$/GJ,4.6296161624
2052,NGFS2023MESSAGE_B2DS,Global,Oil&Gas,Oil,Price,$/GJ,4.5805331038
2053,NGFS2023MESSAGE_B2DS,Global,Oil&Gas,Oil,Price,$/GJ,4.5314500452
2054,NGFS2023MESSAGE_B2DS,Global,Oil&Gas,Oil,Price,$/GJ,4.4823669866
2055,NGFS2023MESSAGE_B2DS,Global,Oil&Gas,Oil,Price,$/GJ,4.433283928
2056,NGFS2023MESSAGE_B2DS,Global,Oil&Gas,Oil,Price,$/GJ,4.7145096704
2057,NGFS2023MESSAGE_B2DS,Global,Oil&Gas,Oil,Price,$/GJ,4.9957354128
2058,NGFS2023MESSAGE_B2DS,Global,Oil&Gas,Oil,Price,$/GJ,5.2769611551999995
2059,NGFS2023MESSAGE_B2DS,Global,Oil&Gas,Oil,Price,$/GJ,5.5581868976
2060,NGFS2023MESSAGE_B2DS,Global,Oil&Gas,Oil,Price,$/GJ,5.83941264
2061,NGFS2023MESSAGE_B2DS,Global,Oil&Gas,Oil,Price,$/GJ,5.8380032917
2062,NGFS2023MESSAGE_B2DS,Global,Oil&Gas,Oil,Price,$/GJ,5.8365939434
2063,NGFS2023MESSAGE_B2DS,Global,Oil&Gas,Oil,Price,$/GJ,5.8351845951
2064,NGFS2023MESSAGE_B2DS,Global,Oil&Gas,Oil,Price,$/GJ,5.8337752468
2065,NGFS2023MESSAGE_B2DS,Global,Oil&Gas,Oil,Price,$/GJ,5.8323658985
2066,NGFS2023MESSAGE_B2DS,Global,Oil&Gas,Oil,Price,$/GJ,5.8309565502
2067,NGFS2023MESSAGE_B2DS,Global,Oil&Gas,Oil,Price,$/GJ,5.8295472019
2068,NGFS2023MESSAGE_B2DS,Global,Oil&Gas,Oil,Price,$/GJ,5.8281378536
2069,NGFS2023MESSAGE_B2DS,Global,Oil&Gas,Oil,Price,$/GJ,5.8267285053
2070,NGFS2023MESSAGE_B2DS,Global,Oil&Gas,Oil,Price,$/GJ,5.825319157
2071,NGFS2023MESSAGE_B2DS,Global,Oil&Gas,Oil,Price,$/GJ,5.74387662
2072,NGFS2023MESSAGE_B2DS,Global,Oil&Gas,Oil,Price,$/GJ,5.662434083
2073,NGFS2023MESSAGE_B2DS,Global,Oil&Gas,Oil,Price,$/GJ,5.580991546
2074,NGFS2023MESSAGE_B2DS,Global,Oil&Gas,Oil,Price,$/GJ,5.499549009
2075,NGFS2023MESSAGE_B2DS,Global,Oil&Gas,Oil,Price,$/GJ,5.418106472
2076,NGFS2023MESSAGE_B2DS,Global,Oil&Gas,Oil,Price,$/GJ,5.336663935
2077,NGFS2023MESSAGE_B2DS,Global,Oil&Gas,Oil,Price,$/GJ,5.255221398
2078,NGFS2023MESSAGE_B2DS,Global,Oil&Gas,Oil,Price,$/GJ,5.173778861
2079,NGFS2023MESSAGE_B2DS,Global,Oil&Gas,Oil,Price,$/GJ,5.092336324
2080,NGFS2023MESSAGE_B2DS,Global,Oil&Gas,Oil,Price,$/GJ,5.010893787
2081,NGFS2023MESSAGE_B2DS,Global,Oil&Gas,Oil,Price,$/GJ,5.1352781065999995
2082,NGFS2023MESSAGE_B2DS,Global,Oil&Gas,Oil,Price,$/GJ,5.259662426199999
2083,NGFS2023MESSAGE_B2DS,Global,Oil&Gas,Oil,Price,$/GJ,5.3840467458
2084,NGFS2023MESSAGE_B2DS,Global,Oil&Gas,Oil,Price,$/GJ,5.5084310654
2085,NGFS2023MESSAGE_B2DS,Global,Oil&Gas,Oil,Price,$/GJ,5.632815385
2086,NGFS2023MESSAGE_B2DS,Global,Oil&Gas,Oil,Price,$/GJ,5.7571997046
2087,NGFS2023MESSAGE_B2DS,Global,Oil&Gas,Oil,Price,$/GJ,5.8815840241999995
2088,NGFS2023MESSAGE_B2DS,Global,Oil&Gas,Oil,Price,$/GJ,6.0059683438
2089,NGFS2023MESSAGE_B2DS,Global,Oil&Gas,Oil,Price,$/GJ,6.1303526634
2090,NGFS2023MESSAGE_B2DS,Global,Oil&Gas,Oil,Price,$/GJ,6.254736983
2091,NGFS2023MESSAGE_B2DS,Global,Oil&Gas,Oil,Price,$/GJ,6.2421128356
2092,NGFS2023MESSAGE_B2DS,Global,Oil&Gas,Oil,Price,$/GJ,6.2294886882
2093,NGFS2023MESSAGE_B2DS,Global,Oil&Gas,Oil,Price,$/GJ,6.2168645408
2094,NGFS2023MESSAGE_B2DS,Global,Oil&Gas,Oil,Price,$/GJ,6.2042403934
2095,NGFS2023MESSAGE_B2DS,Global,Oil&Gas,Oil,Price,$/GJ,6.191616246000001
2096,NGFS2023MESSAGE_B2DS,Global,Oil&Gas,Oil,Price,$/GJ,6.1789920986
2097,NGFS2023MESSAGE_B2DS,Global,Oil&Gas,Oil,Price,$/GJ,6.1663679512
2098,NGFS2023MESSAGE_B2DS,Global,Oil&Gas,Oil,Price,$/GJ,6.1537438038
2099,NGFS2023MESSAGE_B2DS,Global,Oil&Gas,Oil,Price,$/GJ,6.141119656400001
2100,NGFS2023MESSAGE_B2DS,Global,Oil&Gas,Oil,Price,$/GJ,6.128495509
2022,NGFS2023REMIND_B2DS,Global,Oil&Gas,Oil,Price,$/GJ,11.6728048
2023,NGFS2023REMIND_B2DS,Global,Oil&Gas,Oil,Price,$/GJ,11.91332101
2024,NGFS2023REMIND_B2DS,Global,Oil&Gas,Oil,Price,$/GJ,12.15383722
2025,NGFS2023REMIND_B2DS,Global,Oil&Gas,Oil,Price,$/GJ,12.39435343
2026,NGFS2023REMIND_B2DS,Global,Oil&Gas,Oil,Price,$/GJ,12.554210834
2027,NGFS2023REMIND_B2DS,Global,Oil&Gas,Oil,Price,$/GJ,12.714068238
2028,NGFS2023REMIND_B2DS,Global,Oil&Gas,Oil,Price,$/GJ,12.873925642
2029,NGFS2023REMIND_B2DS,Global,Oil&Gas,Oil,Price,$/GJ,13.033783046
2030,NGFS2023REMIND_B2DS,Global,Oil&Gas,Oil,Price,$/GJ,13.19364045
2031,NGFS2023REMIND_B2DS,Global,Oil&Gas,Oil,Price,$/GJ,13.185582196
2032,NGFS2023REMIND_B2DS,Global,Oil&Gas,Oil,Price,$/GJ,13.177523942
2033,NGFS2023REMIND_B2DS,Global,Oil&Gas,Oil,Price,$/GJ,13.169465688
2034,NGFS2023REMIND_B2DS,Global,Oil&Gas,Oil,Price,$/GJ,13.161407434
2035,NGFS2023REMIND_B2DS,Global,Oil&Gas,Oil,Price,$/GJ,13.15334918
2036,NGFS2023REMIND_B2DS,Global,Oil&Gas,Oil,Price,$/GJ,13.398944886
2037,NGFS2023REMIND_B2DS,Global,Oil&Gas,Oil,Price,$/GJ,13.644540592
2038,NGFS2023REMIND_B2DS,Global,Oil&Gas,Oil,Price,$/GJ,13.890136298
2039,NGFS2023REMIND_B2DS,Global,Oil&Gas,Oil,Price,$/GJ,14.135732004
2040,NGFS2023REMIND_B2DS,Global,Oil&Gas,Oil,Price,$/GJ,14.38132771
2041,NGFS2023REMIND_B2DS,Global,Oil&Gas,Oil,Price,$/GJ,14.662674174
2042,NGFS2023REMIND_B2DS,Global,Oil&Gas,Oil,Price,$/GJ,14.944020638
2043,NGFS2023REMIND_B2DS,Global,Oil&Gas,Oil,Price,$/GJ,15.225367102
2044,NGFS2023REMIND_B2DS,Global,Oil&Gas,Oil,Price,$/GJ,15.506713566
2045,NGFS2023REMIND_B2DS,Global,Oil&Gas,Oil,Price,$/GJ,15.78806003
2046,NGFS2023REMIND_B2DS,Global,Oil&Gas,Oil,Price,$/GJ,16.037880944
2047,NGFS2023REMIND_B2DS,Global,Oil&Gas,Oil,Price,$/GJ,16.287701858000002
2048,NGFS2023REMIND_B2DS,Global,Oil&Gas,Oil,Price,$/GJ,16.537522772
2049,NGFS2023REMIND_B2DS,Global,Oil&Gas,Oil,Price,$/GJ,16.787343686
2050,NGFS2023REMIND_B2DS,Global,Oil&Gas,Oil,Price,$/GJ,17.0371646
2051,NGFS2023REMIND_B2DS,Global,Oil&Gas,Oil,Price,$/GJ,17.171180802000002
2052,NGFS2023REMIND_B2DS,Global,Oil&Gas,Oil,Price,$/GJ,17.305197004
2053,NGFS2023REMIND_B2DS,Global,Oil&Gas,Oil,Price,$/GJ,17.439213206
2054,NGFS2023REMIND_B2DS,Global,Oil&Gas,Oil,Price,$/GJ,17.573229408
2055,NGFS2023REMIND_B2DS,Global,Oil&Gas,Oil,Price,$/GJ,17.70724561
2056,NGFS2023REMIND_B2DS,Global,Oil&Gas,Oil,Price,$/GJ,18.085845974
2057,NGFS2023REMIND_B2DS,Global,Oil&Gas,Oil,Price,$/GJ,18.464446338
2058,NGFS2023REMIND_B2DS,Global,Oil&Gas,Oil,Price,$/GJ,18.843046702
2059,NGFS2023REMIND_B2DS,Global,Oil&Gas,Oil,Price,$/GJ,19.221647066
2060,NGFS2023REMIND_B2DS,Global,Oil&Gas,Oil,Price,$/GJ,19.60024743
2061,NGFS2023REMIND_B2DS,Global,Oil&Gas,Oil,Price,$/GJ,19.534110223
2062,NGFS2023REMIND_B2DS,Global,Oil&Gas,Oil,Price,$/GJ,19.467973016
2063,NGFS2023REMIND_B2DS,Global,Oil&Gas,Oil,Price,$/GJ,19.401835809
2064,NGFS2023REMIND_B2DS,Global,Oil&Gas,Oil,Price,$/GJ,19.335698602
2065,NGFS2023REMIND_B2DS,Global,Oil&Gas,Oil,Price,$/GJ,19.269561395
2066,NGFS2023REMIND_B2DS,Global,Oil&Gas,Oil,Price,$/GJ,19.203424188
2067,NGFS2023REMIND_B2DS,Global,Oil&Gas,Oil,Price,$/GJ,19.137286981
2068,NGFS2023REMIND_B2DS,Global,Oil&Gas,Oil,Price,$/GJ,19.071149774
2069,NGFS2023REMIND_B2DS,Global,Oil&Gas,Oil,Price,$/GJ,19.005012567
2070,NGFS2023REMIND_B2DS,Global,Oil&Gas,Oil,Price,$/GJ,18.93887536
2071,NGFS2023REMIND_B2DS,Global,Oil&Gas,Oil,Price,$/GJ,18.959206078
2072,NGFS2023REMIND_B2DS,Global,Oil&Gas,Oil,Price,$/GJ,18.979536796
2073,NGFS2023REMIND_B2DS,Global,Oil&Gas,Oil,Price,$/GJ,18.999867514
2074,NGFS2023REMIND_B2DS,Global,Oil&Gas,Oil,Price,$/GJ,19.020198232
2075,NGFS2023REMIND_B2DS,Global,Oil&Gas,Oil,Price,$/GJ,19.04052895
2076,NGFS2023REMIND_B2DS,Global,Oil&Gas,Oil,Price,$/GJ,19.060859668
2077,NGFS2023REMIND_B2DS,Global,Oil&Gas,Oil,Price,$/GJ,19.081190386
2078,NGFS2023REMIND_B2DS,Global,Oil&Gas,Oil,Price,$/GJ,19.101521104
2079,NGFS2023REMIND_B2DS,Global,Oil&Gas,Oil,Price,$/GJ,19.121851822
2080,NGFS2023REMIND_B2DS,Global,Oil&Gas,Oil,Price,$/GJ,19.14218254
2081,NGFS2023REMIND_B2DS,Global,Oil&Gas,Oil,Price,$/GJ,19.044294791
2082,NGFS2023REMIND_B2DS,Global,Oil&Gas,Oil,Price,$/GJ,18.946407042
2083,NGFS2023REMIND_B2DS,Global,Oil&Gas,Oil,Price,$/GJ,18.848519293000003
2084,NGFS2023REMIND_B2DS,Global,Oil&Gas,Oil,Price,$/GJ,18.750631544
2085,NGFS2023REMIND_B2DS,Global,Oil&Gas,Oil,Price,$/GJ,18.652743795
2086,NGFS2023REMIND_B2DS,Global,Oil&Gas,Oil,Price,$/GJ,18.554856046
2087,NGFS2023REMIND_B2DS,Global,Oil&Gas,Oil,Price,$/GJ,18.456968297000003
2088,NGFS2023REMIND_B2DS,Global,Oil&Gas,Oil,Price,$/GJ,18.359080548
2089,NGFS2023REMIND_B2DS,Global,Oil&Gas,Oil,Price,$/GJ,18.261192799
2090,NGFS2023REMIND_B2DS,Global,Oil&Gas,Oil,Price,$/GJ,18.16330505
2091,NGFS2023REMIND_B2DS,Global,Oil&Gas,Oil,Price,$/GJ,18.190405699000003
2092,NGFS2023REMIND_B2DS,Global,Oil&Gas,Oil,Price,$/GJ,18.217506348
2093,NGFS2023REMIND_B2DS,Global,Oil&Gas,Oil,Price,$/GJ,18.244606997000002
2094,NGFS2023REMIND_B2DS,Global,Oil&Gas,Oil,Price,$/GJ,18.271707646
2095,NGFS2023REMIND_B2DS,Global,Oil&Gas,Oil,Price,$/GJ,18.298808295
2096,NGFS2023REMIND_B2DS,Global,Oil&Gas,Oil,Price,$/GJ,18.325908944
2097,NGFS2023REMIND_B2DS,Global,Oil&Gas,Oil,Price,$/GJ,18.353009593
2098,NGFS2023REMIND_B2DS,Global,Oil&Gas,Oil,Price,$/GJ,18.380110242
2099,NGFS2023REMIND_B2DS,Global,Oil&Gas,Oil,Price,$/GJ,18.407210891
2100,NGFS2023REMIND_B2DS,Global,Oil&Gas,Oil,Price,$/GJ,18.43431154
2022,NGFS2023GCAM_CP,Global,Oil&Gas,Oil,Price,$/GJ,14.794214512
2023,NGFS2023GCAM_CP,Global,Oil&Gas,Oil,Price,$/GJ,14.815012008
2024,NGFS2023GCAM_CP,Global,Oil&Gas,Oil,Price,$/GJ,14.835809504
2025,NGFS2023GCAM_CP,Global,Oil&Gas,Oil,Price,$/GJ,14.856607
2026,NGFS2023GCAM_CP,Global,Oil&Gas,Oil,Price,$/GJ,14.875629916
2027,NGFS2023GCAM_CP,Global,Oil&Gas,Oil,Price,$/GJ,14.894652832
2028,NGFS2023GCAM_CP,Global,Oil&Gas,Oil,Price,$/GJ,14.913675748
2029,NGFS2023GCAM_CP,Global,Oil&Gas,Oil,Price,$/GJ,14.932698664
2030,NGFS2023GCAM_CP,Global,Oil&Gas,Oil,Price,$/GJ,14.95172158
2031,NGFS2023GCAM_CP,Global,Oil&Gas,Oil,Price,$/GJ,14.96926121
2032,NGFS2023GCAM_CP,Global,Oil&Gas,Oil,Price,$/GJ,14.98680084
2033,NGFS2023GCAM_CP,Global,Oil&Gas,Oil,Price,$/GJ,15.00434047
2034,NGFS2023GCAM_CP,Global,Oil&Gas,Oil,Price,$/GJ,15.0218801
2035,NGFS2023GCAM_CP,Global,Oil&Gas,Oil,Price,$/GJ,15.03941973
2036,NGFS2023GCAM_CP,Global,Oil&Gas,Oil,Price,$/GJ,15.079138674
2037,NGFS2023GCAM_CP,Global,Oil&Gas,Oil,Price,$/GJ,15.118857618
2038,NGFS2023GCAM_CP,Global,Oil&Gas,Oil,Price,$/GJ,15.158576562
2039,NGFS2023GCAM_CP,Global,Oil&Gas,Oil,Price,$/GJ,15.198295506
2040,NGFS2023GCAM_CP,Global,Oil&Gas,Oil,Price,$/GJ,15.23801445
2041,NGFS2023GCAM_CP,Global,Oil&Gas,Oil,Price,$/GJ,15.276341084
2042,NGFS2023GCAM_CP,Global,Oil&Gas,Oil,Price,$/GJ,15.314667718
2043,NGFS2023GCAM_CP,Global,Oil&Gas,Oil,Price,$/GJ,15.352994352
2044,NGFS2023GCAM_CP,Global,Oil&Gas,Oil,Price,$/GJ,15.391320986
2045,NGFS2023GCAM_CP,Global,Oil&Gas,Oil,Price,$/GJ,15.42964762
2046,NGFS2023GCAM_CP,Global,Oil&Gas,Oil,Price,$/GJ,15.396932586
2047,NGFS2023GCAM_CP,Global,Oil&Gas,Oil,Price,$/GJ,15.364217552
2048,NGFS2023GCAM_CP,Global,Oil&Gas,Oil,Price,$/GJ,15.331502518
2049,NGFS2023GCAM_CP,Global,Oil&Gas,Oil,Price,$/GJ,15.298787484
2050,NGFS2023GCAM_CP,Global,Oil&Gas,Oil,Price,$/GJ,15.26607245
2051,NGFS2023GCAM_CP,Global,Oil&Gas,Oil,Price,$/GJ,15.222566512
2052,NGFS2023GCAM_CP,Global,Oil&Gas,Oil,Price,$/GJ,15.179060574
2053,NGFS2023GCAM_CP,Global,Oil&Gas,Oil,Price,$/GJ,15.135554636
2054,NGFS2023GCAM_CP,Global,Oil&Gas,Oil,Price,$/GJ,15.092048698
2055,NGFS2023GCAM_CP,Global,Oil&Gas,Oil,Price,$/GJ,15.04854276
2056,NGFS2023GCAM_CP,Global,Oil&Gas,Oil,Price,$/GJ,15.014703106
2057,NGFS2023GCAM_CP,Global,Oil&Gas,Oil,Price,$/GJ,14.980863452
2058,NGFS2023GCAM_CP,Global,Oil&Gas,Oil,Price,$/GJ,14.947023798
2059,NGFS2023GCAM_CP,Global,Oil&Gas,Oil,Price,$/GJ,14.913184144
2060,NGFS2023GCAM_CP,Global,Oil&Gas,Oil,Price,$/GJ,14.87934449
2061,NGFS2023GCAM_CP,Global,Oil&Gas,Oil,Price,$/GJ,14.861191818
2062,NGFS2023GCAM_CP,Global,Oil&Gas,Oil,Price,$/GJ,14.843039146
2063,NGFS2023GCAM_CP,Global,Oil&Gas,Oil,Price,$/GJ,14.824886474
2064,NGFS2023GCAM_CP,Global,Oil&Gas,Oil,Price,$/GJ,14.806733802
2065,NGFS2023GCAM_CP,Global,Oil&Gas,Oil,Price,$/GJ,14.78858113
2066,NGFS2023GCAM_CP,Global,Oil&Gas,Oil,Price,$/GJ,14.775345314
2067,NGFS2023GCAM_CP,Global,Oil&Gas,Oil,Price,$/GJ,14.762109498
2068,NGFS2023GCAM_CP,Global,Oil&Gas,Oil,Price,$/GJ,14.748873682
2069,NGFS2023GCAM_CP,Global,Oil&Gas,Oil,Price,$/GJ,14.735637866
2070,NGFS2023GCAM_CP,Global,Oil&Gas,Oil,Price,$/GJ,14.72240205
2071,NGFS2023GCAM_CP,Global,Oil&Gas,Oil,Price,$/GJ,14.731286244
2072,NGFS2023GCAM_CP,Global,Oil&Gas,Oil,Price,$/GJ,14.740170438
2073,NGFS2023GCAM_CP,Global,Oil&Gas,Oil,Price,$/GJ,14.749054632
2074,NGFS2023GCAM_CP,Global,Oil&Gas,Oil,Price,$/GJ,14.757938826
2075,NGFS2023GCAM_CP,Global,Oil&Gas,Oil,Price,$/GJ,14.76682302
2076,NGFS2023GCAM_CP,Global,Oil&Gas,Oil,Price,$/GJ,14.737734606
2077,NGFS2023GCAM_CP,Global,Oil&Gas,Oil,Price,$/GJ,14.708646192
2078,NGFS2023GCAM_CP,Global,Oil&Gas,Oil,Price,$/GJ,14.679557778
2079,NGFS2023GCAM_CP,Global,Oil&Gas,Oil,Price,$/GJ,14.650469364
2080,NGFS2023GCAM_CP,Global,Oil&Gas,Oil,Price,$/GJ,14.62138095
2081,NGFS2023GCAM_CP,Global,Oil&Gas,Oil,Price,$/GJ,14.58442867
2082,NGFS2023GCAM_CP,Global,Oil&Gas,Oil,Price,$/GJ,14.54747639
2083,NGFS2023GCAM_CP,Global,Oil&Gas,Oil,Price,$/GJ,14.51052411
2084,NGFS2023GCAM_CP,Global,Oil&Gas,Oil,Price,$/GJ,14.47357183
2085,NGFS2023GCAM_CP,Global,Oil&Gas,Oil,Price,$/GJ,14.43661955
2086,NGFS2023GCAM_CP,Global,Oil&Gas,Oil,Price,$/GJ,14.393534616
2087,NGFS2023GCAM_CP,Global,Oil&Gas,Oil,Price,$/GJ,14.350449682
2088,NGFS2023GCAM_CP,Global,Oil&Gas,Oil,Price,$/GJ,14.307364748
2089,NGFS2023GCAM_CP,Global,Oil&Gas,Oil,Price,$/GJ,14.264279814
2090,NGFS2023GCAM_CP,Global,Oil&Gas,Oil,Price,$/GJ,14.22119488
2091,NGFS2023GCAM_CP,Global,Oil&Gas,Oil,Price,$/GJ,14.17318663
2092,NGFS2023GCAM_CP,Global,Oil&Gas,Oil,Price,$/GJ,14.12517838
2093,NGFS2023GCAM_CP,Global,Oil&Gas,Oil,Price,$/GJ,14.07717013
2094,NGFS2023GCAM_CP,Global,Oil&Gas,Oil,Price,$/GJ,14.02916188
2095,NGFS2023GCAM_CP,Global,Oil&Gas,Oil,Price,$/GJ,13.98115363
2096,NGFS2023GCAM_CP,Global,Oil&Gas,Oil,Price,$/GJ,13.932387904
2097,NGFS2023GCAM_CP,Global,Oil&Gas,Oil,Price,$/GJ,13.883622178
2098,NGFS2023GCAM_CP,Global,Oil&Gas,Oil,Price,$/GJ,13.834856452
2099,NGFS2023GCAM_CP,Global,Oil&Gas,Oil,Price,$/GJ,13.786090726
2100,NGFS2023GCAM_CP,Global,Oil&Gas,Oil,Price,$/GJ,13.737325
2022,NGFS2023MESSAGE_CP,Global,Oil&Gas,Oil,Price,$/GJ,3.0776758099999997
2023,NGFS2023MESSAGE_CP,Global,Oil&Gas,Oil,Price,$/GJ,3.235503714
2024,NGFS2023MESSAGE_CP,Global,Oil&Gas,Oil,Price,$/GJ,3.393331618
2025,NGFS2023MESSAGE_CP,Global,Oil&Gas,Oil,Price,$/GJ,3.551159522
2026,NGFS2023MESSAGE_CP,Global,Oil&Gas,Oil,Price,$/GJ,3.7213869044
2027,NGFS2023MESSAGE_CP,Global,Oil&Gas,Oil,Price,$/GJ,3.8916142868
2028,NGFS2023MESSAGE_CP,Global,Oil&Gas,Oil,Price,$/GJ,4.0618416692
2029,NGFS2023MESSAGE_CP,Global,Oil&Gas,Oil,Price,$/GJ,4.2320690516
2030,NGFS2023MESSAGE_CP,Global,Oil&Gas,Oil,Price,$/GJ,4.402296434
2031,NGFS2023MESSAGE_CP,Global,Oil&Gas,Oil,Price,$/GJ,4.3650704904
2032,NGFS2023MESSAGE_CP,Global,Oil&Gas,Oil,Price,$/GJ,4.3278445468
2033,NGFS2023MESSAGE_CP,Global,Oil&Gas,Oil,Price,$/GJ,4.2906186032
2034,NGFS2023MESSAGE_CP,Global,Oil&Gas,Oil,Price,$/GJ,4.2533926596
2035,NGFS2023MESSAGE_CP,Global,Oil&Gas,Oil,Price,$/GJ,4.216166716
2036,NGFS2023MESSAGE_CP,Global,Oil&Gas,Oil,Price,$/GJ,4.2815358766000005
2037,NGFS2023MESSAGE_CP,Global,Oil&Gas,Oil,Price,$/GJ,4.3469050372
2038,NGFS2023MESSAGE_CP,Global,Oil&Gas,Oil,Price,$/GJ,4.4122741978
2039,NGFS2023MESSAGE_CP,Global,Oil&Gas,Oil,Price,$/GJ,4.4776433584
2040,NGFS2023MESSAGE_CP,Global,Oil&Gas,Oil,Price,$/GJ,4.543012519
2041,NGFS2023MESSAGE_CP,Global,Oil&Gas,Oil,Price,$/GJ,4.6074065768
2042,NGFS2023MESSAGE_CP,Global,Oil&Gas,Oil,Price,$/GJ,4.6718006346
2043,NGFS2023MESSAGE_CP,Global,Oil&Gas,Oil,Price,$/GJ,4.7361946924
2044,NGFS2023MESSAGE_CP,Global,Oil&Gas,Oil,Price,$/GJ,4.8005887502
2045,NGFS2023MESSAGE_CP,Global,Oil&Gas,Oil,Price,$/GJ,4.864982808
2046,NGFS2023MESSAGE_CP,Global,Oil&Gas,Oil,Price,$/GJ,4.9201905294
2047,NGFS2023MESSAGE_CP,Global,Oil&Gas,Oil,Price,$/GJ,4.9753982508
2048,NGFS2023MESSAGE_CP,Global,Oil&Gas,Oil,Price,$/GJ,5.0306059722
2049,NGFS2023MESSAGE_CP,Global,Oil&Gas,Oil,Price,$/GJ,5.0858136936
2050,NGFS2023MESSAGE_CP,Global,Oil&Gas,Oil,Price,$/GJ,5.141021415
2051,NGFS2023MESSAGE_CP,Global,Oil&Gas,Oil,Price,$/GJ,5.19360778
2052,NGFS2023MESSAGE_CP,Global,Oil&Gas,Oil,Price,$/GJ,5.246194145
2053,NGFS2023MESSAGE_CP,Global,Oil&Gas,Oil,Price,$/GJ,5.29878051
2054,NGFS2023MESSAGE_CP,Global,Oil&Gas,Oil,Price,$/GJ,5.351366875
2055,NGFS2023MESSAGE_CP,Global,Oil&Gas,Oil,Price,$/GJ,5.40395324
2056,NGFS2023MESSAGE_CP,Global,Oil&Gas,Oil,Price,$/GJ,5.5774086884
2057,NGFS2023MESSAGE_CP,Global,Oil&Gas,Oil,Price,$/GJ,5.7508641368
2058,NGFS2023MESSAGE_CP,Global,Oil&Gas,Oil,Price,$/GJ,5.9243195852
2059,NGFS2023MESSAGE_CP,Global,Oil&Gas,Oil,Price,$/GJ,6.0977750336
2060,NGFS2023MESSAGE_CP,Global,Oil&Gas,Oil,Price,$/GJ,6.271230482
2061,NGFS2023MESSAGE_CP,Global,Oil&Gas,Oil,Price,$/GJ,6.264813099
2062,NGFS2023MESSAGE_CP,Global,Oil&Gas,Oil,Price,$/GJ,6.258395716
2063,NGFS2023MESSAGE_CP,Global,Oil&Gas,Oil,Price,$/GJ,6.251978333
2064,NGFS2023MESSAGE_CP,Global,Oil&Gas,Oil,Price,$/GJ,6.24556095
2065,NGFS2023MESSAGE_CP,Global,Oil&Gas,Oil,Price,$/GJ,6.239143567
2066,NGFS2023MESSAGE_CP,Global,Oil&Gas,Oil,Price,$/GJ,6.232726184000001
2067,NGFS2023MESSAGE_CP,Global,Oil&Gas,Oil,Price,$/GJ,6.226308801
2068,NGFS2023MESSAGE_CP,Global,Oil&Gas,Oil,Price,$/GJ,6.219891418
2069,NGFS2023MESSAGE_CP,Global,Oil&Gas,Oil,Price,$/GJ,6.213474035
2070,NGFS2023MESSAGE_CP,Global,Oil&Gas,Oil,Price,$/GJ,6.207056652
2071,NGFS2023MESSAGE_CP,Global,Oil&Gas,Oil,Price,$/GJ,6.2800516043000005
2072,NGFS2023MESSAGE_CP,Global,Oil&Gas,Oil,Price,$/GJ,6.3530465566
2073,NGFS2023MESSAGE_CP,Global,Oil&Gas,Oil,Price,$/GJ,6.4260415089
2074,NGFS2023MESSAGE_CP,Global,Oil&Gas,Oil,Price,$/GJ,6.4990364612
2075,NGFS2023MESSAGE_CP,Global,Oil&Gas,Oil,Price,$/GJ,6.5720314134999995
2076,NGFS2023MESSAGE_CP,Global,Oil&Gas,Oil,Price,$/GJ,6.6450263658
2077,NGFS2023MESSAGE_CP,Global,Oil&Gas,Oil,Price,$/GJ,6.7180213181
2078,NGFS2023MESSAGE_CP,Global,Oil&Gas,Oil,Price,$/GJ,6.7910162704
2079,NGFS2023MESSAGE_CP,Global,Oil&Gas,Oil,Price,$/GJ,6.864011222699999
2080,NGFS2023MESSAGE_CP,Global,Oil&Gas,Oil,Price,$/GJ,6.937006175
2081,NGFS2023MESSAGE_CP,Global,Oil&Gas,Oil,Price,$/GJ,7.093735994699999
2082,NGFS2023MESSAGE_CP,Global,Oil&Gas,Oil,Price,$/GJ,7.2504658144
2083,NGFS2023MESSAGE_CP,Global,Oil&Gas,Oil,Price,$/GJ,7.4071956341
2084,NGFS2023MESSAGE_CP,Global,Oil&Gas,Oil,Price,$/GJ,7.5639254538
2085,NGFS2023MESSAGE_CP,Global,Oil&Gas,Oil,Price,$/GJ,7.7206552735
2086,NGFS2023MESSAGE_CP,Global,Oil&Gas,Oil,Price,$/GJ,7.8773850932
2087,NGFS2023MESSAGE_CP,Global,Oil&Gas,Oil,Price,$/GJ,8.0341149129
2088,NGFS2023MESSAGE_CP,Global,Oil&Gas,Oil,Price,$/GJ,8.1908447326
2089,NGFS2023MESSAGE_CP,Global,Oil&Gas,Oil,Price,$/GJ,8.3475745523
2090,NGFS2023MESSAGE_CP,Global,Oil&Gas,Oil,Price,$/GJ,8.504304372
2091,NGFS2023MESSAGE_CP,Global,Oil&Gas,Oil,Price,$/GJ,8.5272515588
2092,NGFS2023MESSAGE_CP,Global,Oil&Gas,Oil,Price,$/GJ,8.5501987456
2093,NGFS2023MESSAGE_CP,Global,Oil&Gas,Oil,Price,$/GJ,8.5731459324
2094,NGFS2023MESSAGE_CP,Global,Oil&Gas,Oil,Price,$/GJ,8.596093119199999
2095,NGFS2023MESSAGE_CP,Global,Oil&Gas,Oil,Price,$/GJ,8.619040305999999
2096,NGFS2023MESSAGE_CP,Global,Oil&Gas,Oil,Price,$/GJ,8.6419874928
2097,NGFS2023MESSAGE_CP,Global,Oil&Gas,Oil,Price,$/GJ,8.6649346796
2098,NGFS2023MESSAGE_CP,Global,Oil&Gas,Oil,Price,$/GJ,8.6878818664
2099,NGFS2023MESSAGE_CP,Global,Oil&Gas,Oil,Price,$/GJ,8.7108290532
2100,NGFS2023MESSAGE_CP,Global,Oil&Gas,Oil,Price,$/GJ,8.73377624
2022,NGFS2023REMIND_CP,Global,Oil&Gas,Oil,Price,$/GJ,11.88426594
2023,NGFS2023REMIND_CP,Global,Oil&Gas,Oil,Price,$/GJ,12.23051272
2024,NGFS2023REMIND_CP,Global,Oil&Gas,Oil,Price,$/GJ,12.5767595
2025,NGFS2023REMIND_CP,Global,Oil&Gas,Oil,Price,$/GJ,12.92300628
2026,NGFS2023REMIND_CP,Global,Oil&Gas,Oil,Price,$/GJ,13.086297746
2027,NGFS2023REMIND_CP,Global,Oil&Gas,Oil,Price,$/GJ,13.249589212
2028,NGFS2023REMIND_CP,Global,Oil&Gas,Oil,Price,$/GJ,13.412880678
2029,NGFS2023REMIND_CP,Global,Oil&Gas,Oil,Price,$/GJ,13.576172144
2030,NGFS2023REMIND_CP,Global,Oil&Gas,Oil,Price,$/GJ,13.73946361
2031,NGFS2023REMIND_CP,Global,Oil&Gas,Oil,Price,$/GJ,13.80881447
2032,NGFS2023REMIND_CP,Global,Oil&Gas,Oil,Price,$/GJ,13.87816533
2033,NGFS2023REMIND_CP,Global,Oil&Gas,Oil,Price,$/GJ,13.94751619
2034,NGFS2023REMIND_CP,Global,Oil&Gas,Oil,Price,$/GJ,14.01686705
2035,NGFS2023REMIND_CP,Global,Oil&Gas,Oil,Price,$/GJ,14.08621791
2036,NGFS2023REMIND_CP,Global,Oil&Gas,Oil,Price,$/GJ,14.41903394
2037,NGFS2023REMIND_CP,Global,Oil&Gas,Oil,Price,$/GJ,14.75184997
2038,NGFS2023REMIND_CP,Global,Oil&Gas,Oil,Price,$/GJ,15.084666
2039,NGFS2023REMIND_CP,Global,Oil&Gas,Oil,Price,$/GJ,15.41748203
2040,NGFS2023REMIND_CP,Global,Oil&Gas,Oil,Price,$/GJ,15.75029806
2041,NGFS2023REMIND_CP,Global,Oil&Gas,Oil,Price,$/GJ,16.110838362
2042,NGFS2023REMIND_CP,Global,Oil&Gas,Oil,Price,$/GJ,16.471378664
2043,NGFS2023REMIND_CP,Global,Oil&Gas,Oil,Price,$/GJ,16.831918966
2044,NGFS2023REMIND_CP,Global,Oil&Gas,Oil,Price,$/GJ,17.192459268
2045,NGFS2023REMIND_CP,Global,Oil&Gas,Oil,Price,$/GJ,17.55299957
2046,NGFS2023REMIND_CP,Global,Oil&Gas,Oil,Price,$/GJ,17.932658358
2047,NGFS2023REMIND_CP,Global,Oil&Gas,Oil,Price,$/GJ,18.312317146
2048,NGFS2023REMIND_CP,Global,Oil&Gas,Oil,Price,$/GJ,18.691975934
2049,NGFS2023REMIND_CP,Global,Oil&Gas,Oil,Price,$/GJ,19.071634722
2050,NGFS2023REMIND_CP,Global,Oil&Gas,Oil,Price,$/GJ,19.45129351
2051,NGFS2023REMIND_CP,Global,Oil&Gas,Oil,Price,$/GJ,19.625742134
2052,NGFS2023REMIND_CP,Global,Oil&Gas,Oil,Price,$/GJ,19.800190758
2053,NGFS2023REMIND_CP,Global,Oil&Gas,Oil,Price,$/GJ,19.974639382
2054,NGFS2023REMIND_CP,Global,Oil&Gas,Oil,Price,$/GJ,20.149088006
2055,NGFS2023REMIND_CP,Global,Oil&Gas,Oil,Price,$/GJ,20.32353663
2056,NGFS2023REMIND_CP,Global,Oil&Gas,Oil,Price,$/GJ,20.872795552
2057,NGFS2023REMIND_CP,Global,Oil&Gas,Oil,Price,$/GJ,21.422054474
2058,NGFS2023REMIND_CP,Global,Oil&Gas,Oil,Price,$/GJ,21.971313396
2059,NGFS2023REMIND_CP,Global,Oil&Gas,Oil,Price,$/GJ,22.520572318
2060,NGFS2023REMIND_CP,Global,Oil&Gas,Oil,Price,$/GJ,23.06983124
2061,NGFS2023REMIND_CP,Global,Oil&Gas,Oil,Price,$/GJ,23.13577838
2062,NGFS2023REMIND_CP,Global,Oil&Gas,Oil,Price,$/GJ,23.20172552
2063,NGFS2023REMIND_CP,Global,Oil&Gas,Oil,Price,$/GJ,23.26767266
2064,NGFS2023REMIND_CP,Global,Oil&Gas,Oil,Price,$/GJ,23.3336198
2065,NGFS2023REMIND_CP,Global,Oil&Gas,Oil,Price,$/GJ,23.39956694
2066,NGFS2023REMIND_CP,Global,Oil&Gas,Oil,Price,$/GJ,23.46551408
2067,NGFS2023REMIND_CP,Global,Oil&Gas,Oil,Price,$/GJ,23.53146122
2068,NGFS2023REMIND_CP,Global,Oil&Gas,Oil,Price,$/GJ,23.59740836
2069,NGFS2023REMIND_CP,Global,Oil&Gas,Oil,Price,$/GJ,23.6633555
2070,NGFS2023REMIND_CP,Global,Oil&Gas,Oil,Price,$/GJ,23.72930264
2071,NGFS2023REMIND_CP,Global,Oil&Gas,Oil,Price,$/GJ,23.842045017
2072,NGFS2023REMIND_CP,Global,Oil&Gas,Oil,Price,$/GJ,23.954787394
2073,NGFS2023REMIND_CP,Global,Oil&Gas,Oil,Price,$/GJ,24.067529771
2074,NGFS2023REMIND_CP,Global,Oil&Gas,Oil,Price,$/GJ,24.180272148
2075,NGFS2023REMIND_CP,Global,Oil&Gas,Oil,Price,$/GJ,24.293014525
2076,NGFS2023REMIND_CP,Global,Oil&Gas,Oil,Price,$/GJ,24.405756902
2077,NGFS2023REMIND_CP,Global,Oil&Gas,Oil,Price,$/GJ,24.518499279
2078,NGFS2023REMIND_CP,Global,Oil&Gas,Oil,Price,$/GJ,24.631241656
2079,NGFS2023REMIND_CP,Global,Oil&Gas,Oil,Price,$/GJ,24.743984033
2080,NGFS2023REMIND_CP,Global,Oil&Gas,Oil,Price,$/GJ,24.85672641
2081,NGFS2023REMIND_CP,Global,Oil&Gas,Oil,Price,$/GJ,24.894457452
2082,NGFS2023REMIND_CP,Global,Oil&Gas,Oil,Price,$/GJ,24.932188494
2083,NGFS2023REMIND_CP,Global,Oil&Gas,Oil,Price,$/GJ,24.969919536
2084,NGFS2023REMIND_CP,Global,Oil&Gas,Oil,Price,$/GJ,25.007650578
2085,NGFS2023REMIND_CP,Global,Oil&Gas,Oil,Price,$/GJ,25.04538162
2086,NGFS2023REMIND_CP,Global,Oil&Gas,Oil,Price,$/GJ,25.083112662
2087,NGFS2023REMIND_CP,Global,Oil&Gas,Oil,Price,$/GJ,25.120843704
2088,NGFS2023REMIND_CP,Global,Oil&Gas,Oil,Price,$/GJ,25.158574746
2089,NGFS2023REMIND_CP,Global,Oil&Gas,Oil,Price,$/GJ,25.196305788
2090,NGFS2023REMIND_CP,Global,Oil&Gas,Oil,Price,$/GJ,25.23403683
2091,NGFS2023REMIND_CP,Global,Oil&Gas,Oil,Price,$/GJ,25.271094101
2092,NGFS2023REMIND_CP,Global,Oil&Gas,Oil,Price,$/GJ,25.308151372
2093,NGFS2023REMIND_CP,Global,Oil&Gas,Oil,Price,$/GJ,25.345208643
2094,NGFS2023REMIND_CP,Global,Oil&Gas,Oil,Price,$/GJ,25.382265914
2095,NGFS2023REMIND_CP,Global,Oil&Gas,Oil,Price,$/GJ,25.419323185
2096,NGFS2023REMIND_CP,Global,Oil&Gas,Oil,Price,$/GJ,25.456380456
2097,NGFS2023REMIND_CP,Global,Oil&Gas,Oil,Price,$/GJ,25.493437727
2098,NGFS2023REMIND_CP,Global,Oil&Gas,Oil,Price,$/GJ,25.530494998000002
2099,NGFS2023REMIND_CP,Global,Oil&Gas,Oil,Price,$/GJ,25.567552269
2100,NGFS2023REMIND_CP,Global,Oil&Gas,Oil,Price,$/GJ,25.60460954
2022,NGFS2023GCAM_DT,Global,Oil&Gas,Oil,Price,$/GJ,14.794234688
2023,NGFS2023GCAM_DT,Global,Oil&Gas,Oil,Price,$/GJ,14.815041262
2024,NGFS2023GCAM_DT,Global,Oil&Gas,Oil,Price,$/GJ,14.835847836
2025,NGFS2023GCAM_DT,Global,Oil&Gas,Oil,Price,$/GJ,14.85665441
2026,NGFS2023GCAM_DT,Global,Oil&Gas,Oil,Price,$/GJ,14.87568015
2027,NGFS2023GCAM_DT,Global,Oil&Gas,Oil,Price,$/GJ,14.89470589
2028,NGFS2023GCAM_DT,Global,Oil&Gas,Oil,Price,$/GJ,14.91373163
2029,NGFS2023GCAM_DT,Global,Oil&Gas,Oil,Price,$/GJ,14.93275737
2030,NGFS2023GCAM_DT,Global,Oil&Gas,Oil,Price,$/GJ,14.95178311
2031,NGFS2023GCAM_DT,Global,Oil&Gas,Oil,Price,$/GJ,15.052565976
2032,NGFS2023GCAM_DT,Global,Oil&Gas,Oil,Price,$/GJ,15.153348842
2033,NGFS2023GCAM_DT,Global,Oil&Gas,Oil,Price,$/GJ,15.254131708
2034,NGFS2023GCAM_DT,Global,Oil&Gas,Oil,Price,$/GJ,15.354914574
2035,NGFS2023GCAM_DT,Global,Oil&Gas,Oil,Price,$/GJ,15.45569744
2036,NGFS2023GCAM_DT,Global,Oil&Gas,Oil,Price,$/GJ,15.4853757
2037,NGFS2023GCAM_DT,Global,Oil&Gas,Oil,Price,$/GJ,15.51505396
2038,NGFS2023GCAM_DT,Global,Oil&Gas,Oil,Price,$/GJ,15.54473222
2039,NGFS2023GCAM_DT,Global,Oil&Gas,Oil,Price,$/GJ,15.57441048
2040,NGFS2023GCAM_DT,Global,Oil&Gas,Oil,Price,$/GJ,15.60408874
2041,NGFS2023GCAM_DT,Global,Oil&Gas,Oil,Price,$/GJ,15.585769038
2042,NGFS2023GCAM_DT,Global,Oil&Gas,Oil,Price,$/GJ,15.567449336
2043,NGFS2023GCAM_DT,Global,Oil&Gas,Oil,Price,$/GJ,15.549129634
2044,NGFS2023GCAM_DT,Global,Oil&Gas,Oil,Price,$/GJ,15.530809932
2045,NGFS2023GCAM_DT,Global,Oil&Gas,Oil,Price,$/GJ,15.51249023
2046,NGFS2023GCAM_DT,Global,Oil&Gas,Oil,Price,$/GJ,15.48024905
2047,NGFS2023GCAM_DT,Global,Oil&Gas,Oil,Price,$/GJ,15.44800787
2048,NGFS2023GCAM_DT,Global,Oil&Gas,Oil,Price,$/GJ,15.41576669
2049,NGFS2023GCAM_DT,Global,Oil&Gas,Oil,Price,$/GJ,15.38352551
2050,NGFS2023GCAM_DT,Global,Oil&Gas,Oil,Price,$/GJ,15.35128433
2051,NGFS2023GCAM_DT,Global,Oil&Gas,Oil,Price,$/GJ,15.275437962
2052,NGFS2023GCAM_DT,Global,Oil&Gas,Oil,Price,$/GJ,15.199591594
2053,NGFS2023GCAM_DT,Global,Oil&Gas,Oil,Price,$/GJ,15.123745226
2054,NGFS2023GCAM_DT,Global,Oil&Gas,Oil,Price,$/GJ,15.047898858
2055,NGFS2023GCAM_DT,Global,Oil&Gas,Oil,Price,$/GJ,14.97205249
2056,NGFS2023GCAM_DT,Global,Oil&Gas,Oil,Price,$/GJ,15.003798032
2057,NGFS2023GCAM_DT,Global,Oil&Gas,Oil,Price,$/GJ,15.035543574
2058,NGFS2023GCAM_DT,Global,Oil&Gas,Oil,Price,$/GJ,15.067289116
2059,NGFS2023GCAM_DT,Global,Oil&Gas,Oil,Price,$/GJ,15.099034658
2060,NGFS2023GCAM_DT,Global,Oil&Gas,Oil,Price,$/GJ,15.1307802
2061,NGFS2023GCAM_DT,Global,Oil&Gas,Oil,Price,$/GJ,15.126331144
2062,NGFS2023GCAM_DT,Global,Oil&Gas,Oil,Price,$/GJ,15.121882088
2063,NGFS2023GCAM_DT,Global,Oil&Gas,Oil,Price,$/GJ,15.117433032
2064,NGFS2023GCAM_DT,Global,Oil&Gas,Oil,Price,$/GJ,15.112983976
2065,NGFS2023GCAM_DT,Global,Oil&Gas,Oil,Price,$/GJ,15.10853492
2066,NGFS2023GCAM_DT,Global,Oil&Gas,Oil,Price,$/GJ,15.229721918
2067,NGFS2023GCAM_DT,Global,Oil&Gas,Oil,Price,$/GJ,15.350908916
2068,NGFS2023GCAM_DT,Global,Oil&Gas,Oil,Price,$/GJ,15.472095914
2069,NGFS2023GCAM_DT,Global,Oil&Gas,Oil,Price,$/GJ,15.593282912
2070,NGFS2023GCAM_DT,Global,Oil&Gas,Oil,Price,$/GJ,15.71446991
2071,NGFS2023GCAM_DT,Global,Oil&Gas,Oil,Price,$/GJ,15.874766842
2072,NGFS2023GCAM_DT,Global,Oil&Gas,Oil,Price,$/GJ,16.035063774
2073,NGFS2023GCAM_DT,Global,Oil&Gas,Oil,Price,$/GJ,16.195360706000002
2074,NGFS2023GCAM_DT,Global,Oil&Gas,Oil,Price,$/GJ,16.355657638
2075,NGFS2023GCAM_DT,Global,Oil&Gas,Oil,Price,$/GJ,16.51595457
2076,NGFS2023GCAM_DT,Global,Oil&Gas,Oil,Price,$/GJ,16.718843622
2077,NGFS2023GCAM_DT,Global,Oil&Gas,Oil,Price,$/GJ,16.921732674
2078,NGFS2023GCAM_DT,Global,Oil&Gas,Oil,Price,$/GJ,17.124621726
2079,NGFS2023GCAM_DT,Global,Oil&Gas,Oil,Price,$/GJ,17.327510778
2080,NGFS2023GCAM_DT,Global,Oil&Gas,Oil,Price,$/GJ,17.53039983
2081,NGFS2023GCAM_DT,Global,Oil&Gas,Oil,Price,$/GJ,17.256969992000002
2082,NGFS2023GCAM_DT,Global,Oil&Gas,Oil,Price,$/GJ,16.983540154
2083,NGFS2023GCAM_DT,Global,Oil&Gas,Oil,Price,$/GJ,16.710110316
2084,NGFS2023GCAM_DT,Global,Oil&Gas,Oil,Price,$/GJ,16.436680478
2085,NGFS2023GCAM_DT,Global,Oil&Gas,Oil,Price,$/GJ,16.16325064
2086,NGFS2023GCAM_DT,Global,Oil&Gas,Oil,Price,$/GJ,16.055378534
2087,NGFS2023GCAM_DT,Global,Oil&Gas,Oil,Price,$/GJ,15.947506428
2088,NGFS2023GCAM_DT,Global,Oil&Gas,Oil,Price,$/GJ,15.839634322
2089,NGFS2023GCAM_DT,Global,Oil&Gas,Oil,Price,$/GJ,15.731762216
2090,NGFS2023GCAM_DT,Global,Oil&Gas,Oil,Price,$/GJ,15.62389011
2091,NGFS2023GCAM_DT,Global,Oil&Gas,Oil,Price,$/GJ,15.499906392
2092,NGFS2023GCAM_DT,Global,Oil&Gas,Oil,Price,$/GJ,15.375922674
2093,NGFS2023GCAM_DT,Global,Oil&Gas,Oil,Price,$/GJ,15.251938956
2094,NGFS2023GCAM_DT,Global,Oil&Gas,Oil,Price,$/GJ,15.127955238
2095,NGFS2023GCAM_DT,Global,Oil&Gas,Oil,Price,$/GJ,15.00397152
2096,NGFS2023GCAM_DT,Global,Oil&Gas,Oil,Price,$/GJ,14.847669156
2097,NGFS2023GCAM_DT,Global,Oil&Gas,Oil,Price,$/GJ,14.691366792
2098,NGFS2023GCAM_DT,Global,Oil&Gas,Oil,Price,$/GJ,14.535064428
2099,NGFS2023GCAM_DT,Global,Oil&Gas,Oil,Price,$/GJ,14.378762064
2100,NGFS2023GCAM_DT,Global,Oil&Gas,Oil,Price,$/GJ,14.2224597
2022,NGFS2023MESSAGE_DT,Global,Oil&Gas,Oil,Price,$/GJ,3.0776758099999997
2023,NGFS2023MESSAGE_DT,Global,Oil&Gas,Oil,Price,$/GJ,3.235503714
2024,NGFS2023MESSAGE_DT,Global,Oil&Gas,Oil,Price,$/GJ,3.393331618
2025,NGFS2023MESSAGE_DT,Global,Oil&Gas,Oil,Price,$/GJ,3.551159522
2026,NGFS2023MESSAGE_DT,Global,Oil&Gas,Oil,Price,$/GJ,3.7213869044
2027,NGFS2023MESSAGE_DT,Global,Oil&Gas,Oil,Price,$/GJ,3.8916142868
2028,NGFS2023MESSAGE_DT,Global,Oil&Gas,Oil,Price,$/GJ,4.0618416692
2029,NGFS2023MESSAGE_DT,Global,Oil&Gas,Oil,Price,$/GJ,4.2320690516
2030,NGFS2023MESSAGE_DT,Global,Oil&Gas,Oil,Price,$/GJ,4.402296434
2031,NGFS2023MESSAGE_DT,Global,Oil&Gas,Oil,Price,$/GJ,4.3495554872
2032,NGFS2023MESSAGE_DT,Global,Oil&Gas,Oil,Price,$/GJ,4.2968145404
2033,NGFS2023MESSAGE_DT,Global,Oil&Gas,Oil,Price,$/GJ,4.2440735936000005
2034,NGFS2023MESSAGE_DT,Global,Oil&Gas,Oil,Price,$/GJ,4.1913326468
2035,NGFS2023MESSAGE_DT,Global,Oil&Gas,Oil,Price,$/GJ,4.1385917
2036,NGFS2023MESSAGE_DT,Global,Oil&Gas,Oil,Price,$/GJ,4.1297074202
2037,NGFS2023MESSAGE_DT,Global,Oil&Gas,Oil,Price,$/GJ,4.1208231404
2038,NGFS2023MESSAGE_DT,Global,Oil&Gas,Oil,Price,$/GJ,4.1119388606000005
2039,NGFS2023MESSAGE_DT,Global,Oil&Gas,Oil,Price,$/GJ,4.1030545808
2040,NGFS2023MESSAGE_DT,Global,Oil&Gas,Oil,Price,$/GJ,4.094170301
2041,NGFS2023MESSAGE_DT,Global,Oil&Gas,Oil,Price,$/GJ,4.1653210652
2042,NGFS2023MESSAGE_DT,Global,Oil&Gas,Oil,Price,$/GJ,4.2364718294
2043,NGFS2023MESSAGE_DT,Global,Oil&Gas,Oil,Price,$/GJ,4.3076225936
2044,NGFS2023MESSAGE_DT,Global,Oil&Gas,Oil,Price,$/GJ,4.3787733578
2045,NGFS2023MESSAGE_DT,Global,Oil&Gas,Oil,Price,$/GJ,4.449924122
2046,NGFS2023MESSAGE_DT,Global,Oil&Gas,Oil,Price,$/GJ,4.4928755714
2047,NGFS2023MESSAGE_DT,Global,Oil&Gas,Oil,Price,$/GJ,4.5358270208
2048,NGFS2023MESSAGE_DT,Global,Oil&Gas,Oil,Price,$/GJ,4.5787784702
2049,NGFS2023MESSAGE_DT,Global,Oil&Gas,Oil,Price,$/GJ,4.6217299196
2050,NGFS2023MESSAGE_DT,Global,Oil&Gas,Oil,Price,$/GJ,4.664681369
2051,NGFS2023MESSAGE_DT,Global,Oil&Gas,Oil,Price,$/GJ,4.7966615262
2052,NGFS2023MESSAGE_DT,Global,Oil&Gas,Oil,Price,$/GJ,4.9286416834
2053,NGFS2023MESSAGE_DT,Global,Oil&Gas,Oil,Price,$/GJ,5.0606218406
2054,NGFS2023MESSAGE_DT,Global,Oil&Gas,Oil,Price,$/GJ,5.1926019978
2055,NGFS2023MESSAGE_DT,Global,Oil&Gas,Oil,Price,$/GJ,5.324582155
2056,NGFS2023MESSAGE_DT,Global,Oil&Gas,Oil,Price,$/GJ,5.3460680842
2057,NGFS2023MESSAGE_DT,Global,Oil&Gas,Oil,Price,$/GJ,5.3675540133999995
2058,NGFS2023MESSAGE_DT,Global,Oil&Gas,Oil,Price,$/GJ,5.3890399426
2059,NGFS2023MESSAGE_DT,Global,Oil&Gas,Oil,Price,$/GJ,5.4105258718
2060,NGFS2023MESSAGE_DT,Global,Oil&Gas,Oil,Price,$/GJ,5.432011801
2061,NGFS2023MESSAGE_DT,Global,Oil&Gas,Oil,Price,$/GJ,5.3806126585
2062,NGFS2023MESSAGE_DT,Global,Oil&Gas,Oil,Price,$/GJ,5.329213516
2063,NGFS2023MESSAGE_DT,Global,Oil&Gas,Oil,Price,$/GJ,5.2778143735
2064,NGFS2023MESSAGE_DT,Global,Oil&Gas,Oil,Price,$/GJ,5.226415231
2065,NGFS2023MESSAGE_DT,Global,Oil&Gas,Oil,Price,$/GJ,5.1750160885
2066,NGFS2023MESSAGE_DT,Global,Oil&Gas,Oil,Price,$/GJ,5.123616946
2067,NGFS2023MESSAGE_DT,Global,Oil&Gas,Oil,Price,$/GJ,5.0722178035
2068,NGFS2023MESSAGE_DT,Global,Oil&Gas,Oil,Price,$/GJ,5.020818661
2069,NGFS2023MESSAGE_DT,Global,Oil&Gas,Oil,Price,$/GJ,4.9694195185000005
2070,NGFS2023MESSAGE_DT,Global,Oil&Gas,Oil,Price,$/GJ,4.918020376
2071,NGFS2023MESSAGE_DT,Global,Oil&Gas,Oil,Price,$/GJ,4.9625675424
2072,NGFS2023MESSAGE_DT,Global,Oil&Gas,Oil,Price,$/GJ,5.0071147088000005
2073,NGFS2023MESSAGE_DT,Global,Oil&Gas,Oil,Price,$/GJ,5.0516618752
2074,NGFS2023MESSAGE_DT,Global,Oil&Gas,Oil,Price,$/GJ,5.0962090416
2075,NGFS2023MESSAGE_DT,Global,Oil&Gas,Oil,Price,$/GJ,5.140756208
2076,NGFS2023MESSAGE_DT,Global,Oil&Gas,Oil,Price,$/GJ,5.1853033744
2077,NGFS2023MESSAGE_DT,Global,Oil&Gas,Oil,Price,$/GJ,5.2298505408
2078,NGFS2023MESSAGE_DT,Global,Oil&Gas,Oil,Price,$/GJ,5.2743977071999995
2079,NGFS2023MESSAGE_DT,Global,Oil&Gas,Oil,Price,$/GJ,5.3189448736
2080,NGFS2023MESSAGE_DT,Global,Oil&Gas,Oil,Price,$/GJ,5.36349204
2081,NGFS2023MESSAGE_DT,Global,Oil&Gas,Oil,Price,$/GJ,5.426998901899999
2082,NGFS2023MESSAGE_DT,Global,Oil&Gas,Oil,Price,$/GJ,5.4905057638
2083,NGFS2023MESSAGE_DT,Global,Oil&Gas,Oil,Price,$/GJ,5.5540126256999995
2084,NGFS2023MESSAGE_DT,Global,Oil&Gas,Oil,Price,$/GJ,5.6175194876
2085,NGFS2023MESSAGE_DT,Global,Oil&Gas,Oil,Price,$/GJ,5.6810263495
2086,NGFS2023MESSAGE_DT,Global,Oil&Gas,Oil,Price,$/GJ,5.744533211399999
2087,NGFS2023MESSAGE_DT,Global,Oil&Gas,Oil,Price,$/GJ,5.8080400733
2088,NGFS2023MESSAGE_DT,Global,Oil&Gas,Oil,Price,$/GJ,5.8715469352
2089,NGFS2023MESSAGE_DT,Global,Oil&Gas,Oil,Price,$/GJ,5.9350537971
2090,NGFS2023MESSAGE_DT,Global,Oil&Gas,Oil,Price,$/GJ,5.998560659
2091,NGFS2023MESSAGE_DT,Global,Oil&Gas,Oil,Price,$/GJ,5.9976161971
2092,NGFS2023MESSAGE_DT,Global,Oil&Gas,Oil,Price,$/GJ,5.9966717352
2093,NGFS2023MESSAGE_DT,Global,Oil&Gas,Oil,Price,$/GJ,5.9957272733
2094,NGFS2023MESSAGE_DT,Global,Oil&Gas,Oil,Price,$/GJ,5.9947828113999995
2095,NGFS2023MESSAGE_DT,Global,Oil&Gas,Oil,Price,$/GJ,5.9938383495
2096,NGFS2023MESSAGE_DT,Global,Oil&Gas,Oil,Price,$/GJ,5.9928938876
2097,NGFS2023MESSAGE_DT,Global,Oil&Gas,Oil,Price,$/GJ,5.9919494257
2098,NGFS2023MESSAGE_DT,Global,Oil&Gas,Oil,Price,$/GJ,5.9910049638
2099,NGFS2023MESSAGE_DT,Global,Oil&Gas,Oil,Price,$/GJ,5.9900605018999995
2100,NGFS2023MESSAGE_DT,Global,Oil&Gas,Oil,Price,$/GJ,5.98911604
2022,NGFS2023REMIND_DT,Global,Oil&Gas,Oil,Price,$/GJ,11.88426594
2023,NGFS2023REMIND_DT,Global,Oil&Gas,Oil,Price,$/GJ,12.23051272
2024,NGFS2023REMIND_DT,Global,Oil&Gas,Oil,Price,$/GJ,12.5767595
2025,NGFS2023REMIND_DT,Global,Oil&Gas,Oil,Price,$/GJ,12.92300628
2026,NGFS2023REMIND_DT,Global,Oil&Gas,Oil,Price,$/GJ,13.086297746
2027,NGFS2023REMIND_DT,Global,Oil&Gas,Oil,Price,$/GJ,13.249589212
2028,NGFS2023REMIND_DT,Global,Oil&Gas,Oil,Price,$/GJ,13.412880678
2029,NGFS2023REMIND_DT,Global,Oil&Gas,Oil,Price,$/GJ,13.576172144
2030,NGFS2023REMIND_DT,Global,Oil&Gas,Oil,Price,$/GJ,13.73946361
2031,NGFS2023REMIND_DT,Global,Oil&Gas,Oil,Price,$/GJ,13.718305178
2032,NGFS2023REMIND_DT,Global,Oil&Gas,Oil,Price,$/GJ,13.697146746
2033,NGFS2023REMIND_DT,Global,Oil&Gas,Oil,Price,$/GJ,13.675988314
2034,NGFS2023REMIND_DT,Global,Oil&Gas,Oil,Price,$/GJ,13.654829882
2035,NGFS2023REMIND_DT,Global,Oil&Gas,Oil,Price,$/GJ,13.63367145
2036,NGFS2023REMIND_DT,Global,Oil&Gas,Oil,Price,$/GJ,13.7828529
2037,NGFS2023REMIND_DT,Global,Oil&Gas,Oil,Price,$/GJ,13.93203435
2038,NGFS2023REMIND_DT,Global,Oil&Gas,Oil,Price,$/GJ,14.0812158
2039,NGFS2023REMIND_DT,Global,Oil&Gas,Oil,Price,$/GJ,14.23039725
2040,NGFS2023REMIND_DT,Global,Oil&Gas,Oil,Price,$/GJ,14.3795787
2041,NGFS2023REMIND_DT,Global,Oil&Gas,Oil,Price,$/GJ,14.683267902
2042,NGFS2023REMIND_DT,Global,Oil&Gas,Oil,Price,$/GJ,14.986957104
2043,NGFS2023REMIND_DT,Global,Oil&Gas,Oil,Price,$/GJ,15.290646306
2044,NGFS2023REMIND_DT,Global,Oil&Gas,Oil,Price,$/GJ,15.594335508
2045,NGFS2023REMIND_DT,Global,Oil&Gas,Oil,Price,$/GJ,15.89802471
2046,NGFS2023REMIND_DT,Global,Oil&Gas,Oil,Price,$/GJ,16.151561562
2047,NGFS2023REMIND_DT,Global,Oil&Gas,Oil,Price,$/GJ,16.405098414
2048,NGFS2023REMIND_DT,Global,Oil&Gas,Oil,Price,$/GJ,16.658635266
2049,NGFS2023REMIND_DT,Global,Oil&Gas,Oil,Price,$/GJ,16.912172118
2050,NGFS2023REMIND_DT,Global,Oil&Gas,Oil,Price,$/GJ,17.16570897
2051,NGFS2023REMIND_DT,Global,Oil&Gas,Oil,Price,$/GJ,17.34694538
2052,NGFS2023REMIND_DT,Global,Oil&Gas,Oil,Price,$/GJ,17.52818179
2053,NGFS2023REMIND_DT,Global,Oil&Gas,Oil,Price,$/GJ,17.709418199999998
2054,NGFS2023REMIND_DT,Global,Oil&Gas,Oil,Price,$/GJ,17.89065461
2055,NGFS2023REMIND_DT,Global,Oil&Gas,Oil,Price,$/GJ,18.07189102
2056,NGFS2023REMIND_DT,Global,Oil&Gas,Oil,Price,$/GJ,18.396545466
2057,NGFS2023REMIND_DT,Global,Oil&Gas,Oil,Price,$/GJ,18.721199912
2058,NGFS2023REMIND_DT,Global,Oil&Gas,Oil,Price,$/GJ,19.045854358
2059,NGFS2023REMIND_DT,Global,Oil&Gas,Oil,Price,$/GJ,19.370508804
2060,NGFS2023REMIND_DT,Global,Oil&Gas,Oil,Price,$/GJ,19.69516325
2061,NGFS2023REMIND_DT,Global,Oil&Gas,Oil,Price,$/GJ,19.641929818
2062,NGFS2023REMIND_DT,Global,Oil&Gas,Oil,Price,$/GJ,19.588696386
2063,NGFS2023REMIND_DT,Global,Oil&Gas,Oil,Price,$/GJ,19.535462954
2064,NGFS2023REMIND_DT,Global,Oil&Gas,Oil,Price,$/GJ,19.482229522
2065,NGFS2023REMIND_DT,Global,Oil&Gas,Oil,Price,$/GJ,19.42899609
2066,NGFS2023REMIND_DT,Global,Oil&Gas,Oil,Price,$/GJ,19.375762658
2067,NGFS2023REMIND_DT,Global,Oil&Gas,Oil,Price,$/GJ,19.322529226
2068,NGFS2023REMIND_DT,Global,Oil&Gas,Oil,Price,$/GJ,19.269295794
2069,NGFS2023REMIND_DT,Global,Oil&Gas,Oil,Price,$/GJ,19.216062362
2070,NGFS2023REMIND_DT,Global,Oil&Gas,Oil,Price,$/GJ,19.16282893
2071,NGFS2023REMIND_DT,Global,Oil&Gas,Oil,Price,$/GJ,19.262112277
2072,NGFS2023REMIND_DT,Global,Oil&Gas,Oil,Price,$/GJ,19.361395624
2073,NGFS2023REMIND_DT,Global,Oil&Gas,Oil,Price,$/GJ,19.460678971
2074,NGFS2023REMIND_DT,Global,Oil&Gas,Oil,Price,$/GJ,19.559962318
2075,NGFS2023REMIND_DT,Global,Oil&Gas,Oil,Price,$/GJ,19.659245665
2076,NGFS2023REMIND_DT,Global,Oil&Gas,Oil,Price,$/GJ,19.758529012
2077,NGFS2023REMIND_DT,Global,Oil&Gas,Oil,Price,$/GJ,19.857812359
2078,NGFS2023REMIND_DT,Global,Oil&Gas,Oil,Price,$/GJ,19.957095706
2079,NGFS2023REMIND_DT,Global,Oil&Gas,Oil,Price,$/GJ,20.056379053
2080,NGFS2023REMIND_DT,Global,Oil&Gas,Oil,Price,$/GJ,20.1556624
2081,NGFS2023REMIND_DT,Global,Oil&Gas,Oil,Price,$/GJ,20.13857633
2082,NGFS2023REMIND_DT,Global,Oil&Gas,Oil,Price,$/GJ,20.12149026
2083,NGFS2023REMIND_DT,Global,Oil&Gas,Oil,Price,$/GJ,20.10440419
2084,NGFS2023REMIND_DT,Global,Oil&Gas,Oil,Price,$/GJ,20.08731812
2085,NGFS2023REMIND_DT,Global,Oil&Gas,Oil,Price,$/GJ,20.07023205
2086,NGFS2023REMIND_DT,Global,Oil&Gas,Oil,Price,$/GJ,20.05314598
2087,NGFS2023REMIND_DT,Global,Oil&Gas,Oil,Price,$/GJ,20.03605991
2088,NGFS2023REMIND_DT,Global,Oil&Gas,Oil,Price,$/GJ,20.018973839999997
2089,NGFS2023REMIND_DT,Global,Oil&Gas,Oil,Price,$/GJ,20.00188777
2090,NGFS2023REMIND_DT,Global,Oil&Gas,Oil,Price,$/GJ,19.9848017
2091,NGFS2023REMIND_DT,Global,Oil&Gas,Oil,Price,$/GJ,19.972329234
2092,NGFS2023REMIND_DT,Global,Oil&Gas,Oil,Price,$/GJ,19.959856768
2093,NGFS2023REMIND_DT,Global,Oil&Gas,Oil,Price,$/GJ,19.947384302
2094,NGFS2023REMIND_DT,Global,Oil&Gas,Oil,Price,$/GJ,19.934911836
2095,NGFS2023REMIND_DT,Global,Oil&Gas,Oil,Price,$/GJ,19.92243937
2096,NGFS2023REMIND_DT,Global,Oil&Gas,Oil,Price,$/GJ,19.909966904
2097,NGFS2023REMIND_DT,Global,Oil&Gas,Oil,Price,$/GJ,19.897494438
2098,NGFS2023REMIND_DT,Global,Oil&Gas,Oil,Price,$/GJ,19.885021972
2099,NGFS2023REMIND_DT,Global,Oil&Gas,Oil,Price,$/GJ,19.872549506
2100,NGFS2023REMIND_DT,Global,Oil&Gas,Oil,Price,$/GJ,19.86007704
2022,NGFS2023GCAM_FW,Global,Oil&Gas,Oil,Price,$/GJ,14.794212496
2023,NGFS2023GCAM_FW,Global,Oil&Gas,Oil,Price,$/GJ,14.815008984
2024,NGFS2023GCAM_FW,Global,Oil&Gas,Oil,Price,$/GJ,14.835805472
2025,NGFS2023GCAM_FW,Global,Oil&Gas,Oil,Price,$/GJ,14.85660196
2026,NGFS2023GCAM_FW,Global,Oil&Gas,Oil,Price,$/GJ,14.875625078
2027,NGFS2023GCAM_FW,Global,Oil&Gas,Oil,Price,$/GJ,14.894648196
2028,NGFS2023GCAM_FW,Global,Oil&Gas,Oil,Price,$/GJ,14.913671314
2029,NGFS2023GCAM_FW,Global,Oil&Gas,Oil,Price,$/GJ,14.932694432
2030,NGFS2023GCAM_FW,Global,Oil&Gas,Oil,Price,$/GJ,14.95171755
2031,NGFS2023GCAM_FW,Global,Oil&Gas,Oil,Price,$/GJ,14.999752426
2032,NGFS2023GCAM_FW,Global,Oil&Gas,Oil,Price,$/GJ,15.047787302
2033,NGFS2023GCAM_FW,Global,Oil&Gas,Oil,Price,$/GJ,15.095822178
2034,NGFS2023GCAM_FW,Global,Oil&Gas,Oil,Price,$/GJ,15.143857054
2035,NGFS2023GCAM_FW,Global,Oil&Gas,Oil,Price,$/GJ,15.19189193
2036,NGFS2023GCAM_FW,Global,Oil&Gas,Oil,Price,$/GJ,15.214331672
2037,NGFS2023GCAM_FW,Global,Oil&Gas,Oil,Price,$/GJ,15.236771414
2038,NGFS2023GCAM_FW,Global,Oil&Gas,Oil,Price,$/GJ,15.259211156
2039,NGFS2023GCAM_FW,Global,Oil&Gas,Oil,Price,$/GJ,15.281650898
2040,NGFS2023GCAM_FW,Global,Oil&Gas,Oil,Price,$/GJ,15.30409064
2041,NGFS2023GCAM_FW,Global,Oil&Gas,Oil,Price,$/GJ,15.307009206
2042,NGFS2023GCAM_FW,Global,Oil&Gas,Oil,Price,$/GJ,15.309927772
2043,NGFS2023GCAM_FW,Global,Oil&Gas,Oil,Price,$/GJ,15.312846338
2044,NGFS2023GCAM_FW,Global,Oil&Gas,Oil,Price,$/GJ,15.315764904
2045,NGFS2023GCAM_FW,Global,Oil&Gas,Oil,Price,$/GJ,15.31868347
2046,NGFS2023GCAM_FW,Global,Oil&Gas,Oil,Price,$/GJ,15.218146304
2047,NGFS2023GCAM_FW,Global,Oil&Gas,Oil,Price,$/GJ,15.117609138
2048,NGFS2023GCAM_FW,Global,Oil&Gas,Oil,Price,$/GJ,15.017071972
2049,NGFS2023GCAM_FW,Global,Oil&Gas,Oil,Price,$/GJ,14.916534806
2050,NGFS2023GCAM_FW,Global,Oil&Gas,Oil,Price,$/GJ,14.81599764
2051,NGFS2023GCAM_FW,Global,Oil&Gas,Oil,Price,$/GJ,14.785464468
2052,NGFS2023GCAM_FW,Global,Oil&Gas,Oil,Price,$/GJ,14.754931296
2053,NGFS2023GCAM_FW,Global,Oil&Gas,Oil,Price,$/GJ,14.724398124
2054,NGFS2023GCAM_FW,Global,Oil&Gas,Oil,Price,$/GJ,14.693864952
2055,NGFS2023GCAM_FW,Global,Oil&Gas,Oil,Price,$/GJ,14.66333178
2056,NGFS2023GCAM_FW,Global,Oil&Gas,Oil,Price,$/GJ,14.63990782
2057,NGFS2023GCAM_FW,Global,Oil&Gas,Oil,Price,$/GJ,14.61648386
2058,NGFS2023GCAM_FW,Global,Oil&Gas,Oil,Price,$/GJ,14.5930599
2059,NGFS2023GCAM_FW,Global,Oil&Gas,Oil,Price,$/GJ,14.56963594
2060,NGFS2023GCAM_FW,Global,Oil&Gas,Oil,Price,$/GJ,14.54621198
2061,NGFS2023GCAM_FW,Global,Oil&Gas,Oil,Price,$/GJ,14.559569636
2062,NGFS2023GCAM_FW,Global,Oil&Gas,Oil,Price,$/GJ,14.572927292
2063,NGFS2023GCAM_FW,Global,Oil&Gas,Oil,Price,$/GJ,14.586284948
2064,NGFS2023GCAM_FW,Global,Oil&Gas,Oil,Price,$/GJ,14.599642604
2065,NGFS2023GCAM_FW,Global,Oil&Gas,Oil,Price,$/GJ,14.61300026
2066,NGFS2023GCAM_FW,Global,Oil&Gas,Oil,Price,$/GJ,14.613336336
2067,NGFS2023GCAM_FW,Global,Oil&Gas,Oil,Price,$/GJ,14.613672412
2068,NGFS2023GCAM_FW,Global,Oil&Gas,Oil,Price,$/GJ,14.614008488
2069,NGFS2023GCAM_FW,Global,Oil&Gas,Oil,Price,$/GJ,14.614344564
2070,NGFS2023GCAM_FW,Global,Oil&Gas,Oil,Price,$/GJ,14.61468064
2071,NGFS2023GCAM_FW,Global,Oil&Gas,Oil,Price,$/GJ,14.632500666
2072,NGFS2023GCAM_FW,Global,Oil&Gas,Oil,Price,$/GJ,14.650320692
2073,NGFS2023GCAM_FW,Global,Oil&Gas,Oil,Price,$/GJ,14.668140718
2074,NGFS2023GCAM_FW,Global,Oil&Gas,Oil,Price,$/GJ,14.685960744
2075,NGFS2023GCAM_FW,Global,Oil&Gas,Oil,Price,$/GJ,14.70378077
2076,NGFS2023GCAM_FW,Global,Oil&Gas,Oil,Price,$/GJ,14.680593634
2077,NGFS2023GCAM_FW,Global,Oil&Gas,Oil,Price,$/GJ,14.657406498
2078,NGFS2023GCAM_FW,Global,Oil&Gas,Oil,Price,$/GJ,14.634219362
2079,NGFS2023GCAM_FW,Global,Oil&Gas,Oil,Price,$/GJ,14.611032226
2080,NGFS2023GCAM_FW,Global,Oil&Gas,Oil,Price,$/GJ,14.58784509
2081,NGFS2023GCAM_FW,Global,Oil&Gas,Oil,Price,$/GJ,14.554792972
2082,NGFS2023GCAM_FW,Global,Oil&Gas,Oil,Price,$/GJ,14.521740854
2083,NGFS2023GCAM_FW,Global,Oil&Gas,Oil,Price,$/GJ,14.488688736
2084,NGFS2023GCAM_FW,Global,Oil&Gas,Oil,Price,$/GJ,14.455636618
2085,NGFS2023GCAM_FW,Global,Oil&Gas,Oil,Price,$/GJ,14.4225845
2086,NGFS2023GCAM_FW,Global,Oil&Gas,Oil,Price,$/GJ,14.387214154
2087,NGFS2023GCAM_FW,Global,Oil&Gas,Oil,Price,$/GJ,14.351843808
2088,NGFS2023GCAM_FW,Global,Oil&Gas,Oil,Price,$/GJ,14.316473462
2089,NGFS2023GCAM_FW,Global,Oil&Gas,Oil,Price,$/GJ,14.281103116
2090,NGFS2023GCAM_FW,Global,Oil&Gas,Oil,Price,$/GJ,14.24573277
2091,NGFS2023GCAM_FW,Global,Oil&Gas,Oil,Price,$/GJ,14.195580582
2092,NGFS2023GCAM_FW,Global,Oil&Gas,Oil,Price,$/GJ,14.145428394
2093,NGFS2023GCAM_FW,Global,Oil&Gas,Oil,Price,$/GJ,14.095276206
2094,NGFS2023GCAM_FW,Global,Oil&Gas,Oil,Price,$/GJ,14.045124018
2095,NGFS2023GCAM_FW,Global,Oil&Gas,Oil,Price,$/GJ,13.99497183
2096,NGFS2023GCAM_FW,Global,Oil&Gas,Oil,Price,$/GJ,13.94490235
2097,NGFS2023GCAM_FW,Global,Oil&Gas,Oil,Price,$/GJ,13.89483287
2098,NGFS2023GCAM_FW,Global,Oil&Gas,Oil,Price,$/GJ,13.84476339
2099,NGFS2023GCAM_FW,Global,Oil&Gas,Oil,Price,$/GJ,13.79469391
2100,NGFS2023GCAM_FW,Global,Oil&Gas,Oil,Price,$/GJ,13.74462443
2022,NGFS2023MESSAGE_FW,Global,Oil&Gas,Oil,Price,$/GJ,3.0776758099999997
2023,NGFS2023MESSAGE_FW,Global,Oil&Gas,Oil,Price,$/GJ,3.235503714
2024,NGFS2023MESSAGE_FW,Global,Oil&Gas,Oil,Price,$/GJ,3.393331618
2025,NGFS2023MESSAGE_FW,Global,Oil&Gas,Oil,Price,$/GJ,3.551159522
2026,NGFS2023MESSAGE_FW,Global,Oil&Gas,Oil,Price,$/GJ,3.7213869044
2027,NGFS2023MESSAGE_FW,Global,Oil&Gas,Oil,Price,$/GJ,3.8916142868
2028,NGFS2023MESSAGE_FW,Global,Oil&Gas,Oil,Price,$/GJ,4.0618416692
2029,NGFS2023MESSAGE_FW,Global,Oil&Gas,Oil,Price,$/GJ,4.2320690516
2030,NGFS2023MESSAGE_FW,Global,Oil&Gas,Oil,Price,$/GJ,4.402296434
2031,NGFS2023MESSAGE_FW,Global,Oil&Gas,Oil,Price,$/GJ,4.4331684662
2032,NGFS2023MESSAGE_FW,Global,Oil&Gas,Oil,Price,$/GJ,4.4640404984
2033,NGFS2023MESSAGE_FW,Global,Oil&Gas,Oil,Price,$/GJ,4.4949125306
2034,NGFS2023MESSAGE_FW,Global,Oil&Gas,Oil,Price,$/GJ,4.5257845628
2035,NGFS2023MESSAGE_FW,Global,Oil&Gas,Oil,Price,$/GJ,4.556656595
2036,NGFS2023MESSAGE_FW,Global,Oil&Gas,Oil,Price,$/GJ,4.4959445748
2037,NGFS2023MESSAGE_FW,Global,Oil&Gas,Oil,Price,$/GJ,4.4352325546
2038,NGFS2023MESSAGE_FW,Global,Oil&Gas,Oil,Price,$/GJ,4.3745205344
2039,NGFS2023MESSAGE_FW,Global,Oil&Gas,Oil,Price,$/GJ,4.3138085142
2040,NGFS2023MESSAGE_FW,Global,Oil&Gas,Oil,Price,$/GJ,4.253096494
2041,NGFS2023MESSAGE_FW,Global,Oil&Gas,Oil,Price,$/GJ,4.3662210068
2042,NGFS2023MESSAGE_FW,Global,Oil&Gas,Oil,Price,$/GJ,4.4793455196
2043,NGFS2023MESSAGE_FW,Global,Oil&Gas,Oil,Price,$/GJ,4.5924700324000005
2044,NGFS2023MESSAGE_FW,Global,Oil&Gas,Oil,Price,$/GJ,4.7055945452
2045,NGFS2023MESSAGE_FW,Global,Oil&Gas,Oil,Price,$/GJ,4.818719058
2046,NGFS2023MESSAGE_FW,Global,Oil&Gas,Oil,Price,$/GJ,4.9670392712
2047,NGFS2023MESSAGE_FW,Global,Oil&Gas,Oil,Price,$/GJ,5.1153594844
2048,NGFS2023MESSAGE_FW,Global,Oil&Gas,Oil,Price,$/GJ,5.263679697600001
2049,NGFS2023MESSAGE_FW,Global,Oil&Gas,Oil,Price,$/GJ,5.4119999108000005
2050,NGFS2023MESSAGE_FW,Global,Oil&Gas,Oil,Price,$/GJ,5.560320124
2051,NGFS2023MESSAGE_FW,Global,Oil&Gas,Oil,Price,$/GJ,5.5031133498000004
2052,NGFS2023MESSAGE_FW,Global,Oil&Gas,Oil,Price,$/GJ,5.4459065756000005
2053,NGFS2023MESSAGE_FW,Global,Oil&Gas,Oil,Price,$/GJ,5.3886998014
2054,NGFS2023MESSAGE_FW,Global,Oil&Gas,Oil,Price,$/GJ,5.3314930272
2055,NGFS2023MESSAGE_FW,Global,Oil&Gas,Oil,Price,$/GJ,5.274286253
2056,NGFS2023MESSAGE_FW,Global,Oil&Gas,Oil,Price,$/GJ,5.4089750106
2057,NGFS2023MESSAGE_FW,Global,Oil&Gas,Oil,Price,$/GJ,5.5436637682
2058,NGFS2023MESSAGE_FW,Global,Oil&Gas,Oil,Price,$/GJ,5.678352525799999
2059,NGFS2023MESSAGE_FW,Global,Oil&Gas,Oil,Price,$/GJ,5.8130412834
2060,NGFS2023MESSAGE_FW,Global,Oil&Gas,Oil,Price,$/GJ,5.947730041
2061,NGFS2023MESSAGE_FW,Global,Oil&Gas,Oil,Price,$/GJ,5.9138231169
2062,NGFS2023MESSAGE_FW,Global,Oil&Gas,Oil,Price,$/GJ,5.8799161928
2063,NGFS2023MESSAGE_FW,Global,Oil&Gas,Oil,Price,$/GJ,5.8460092687
2064,NGFS2023MESSAGE_FW,Global,Oil&Gas,Oil,Price,$/GJ,5.8121023445999995
2065,NGFS2023MESSAGE_FW,Global,Oil&Gas,Oil,Price,$/GJ,5.7781954204999995
2066,NGFS2023MESSAGE_FW,Global,Oil&Gas,Oil,Price,$/GJ,5.7442884964
2067,NGFS2023MESSAGE_FW,Global,Oil&Gas,Oil,Price,$/GJ,5.7103815723
2068,NGFS2023MESSAGE_FW,Global,Oil&Gas,Oil,Price,$/GJ,5.6764746482
2069,NGFS2023MESSAGE_FW,Global,Oil&Gas,Oil,Price,$/GJ,5.6425677241
2070,NGFS2023MESSAGE_FW,Global,Oil&Gas,Oil,Price,$/GJ,5.6086608
2071,NGFS2023MESSAGE_FW,Global,Oil&Gas,Oil,Price,$/GJ,5.6912943526
2072,NGFS2023MESSAGE_FW,Global,Oil&Gas,Oil,Price,$/GJ,5.7739279052
2073,NGFS2023MESSAGE_FW,Global,Oil&Gas,Oil,Price,$/GJ,5.8565614578
2074,NGFS2023MESSAGE_FW,Global,Oil&Gas,Oil,Price,$/GJ,5.9391950104
2075,NGFS2023MESSAGE_FW,Global,Oil&Gas,Oil,Price,$/GJ,6.021828563
2076,NGFS2023MESSAGE_FW,Global,Oil&Gas,Oil,Price,$/GJ,6.1044621156000005
2077,NGFS2023MESSAGE_FW,Global,Oil&Gas,Oil,Price,$/GJ,6.1870956682000005
2078,NGFS2023MESSAGE_FW,Global,Oil&Gas,Oil,Price,$/GJ,6.2697292208
2079,NGFS2023MESSAGE_FW,Global,Oil&Gas,Oil,Price,$/GJ,6.3523627734
2080,NGFS2023MESSAGE_FW,Global,Oil&Gas,Oil,Price,$/GJ,6.434996326
2081,NGFS2023MESSAGE_FW,Global,Oil&Gas,Oil,Price,$/GJ,6.5503900386
2082,NGFS2023MESSAGE_FW,Global,Oil&Gas,Oil,Price,$/GJ,6.6657837512
2083,NGFS2023MESSAGE_FW,Global,Oil&Gas,Oil,Price,$/GJ,6.781177463800001
2084,NGFS2023MESSAGE_FW,Global,Oil&Gas,Oil,Price,$/GJ,6.8965711764
2085,NGFS2023MESSAGE_FW,Global,Oil&Gas,Oil,Price,$/GJ,7.011964889
2086,NGFS2023MESSAGE_FW,Global,Oil&Gas,Oil,Price,$/GJ,7.1273586016
2087,NGFS2023MESSAGE_FW,Global,Oil&Gas,Oil,Price,$/GJ,7.2427523142
2088,NGFS2023MESSAGE_FW,Global,Oil&Gas,Oil,Price,$/GJ,7.3581460268
2089,NGFS2023MESSAGE_FW,Global,Oil&Gas,Oil,Price,$/GJ,7.4735397394
2090,NGFS2023MESSAGE_FW,Global,Oil&Gas,Oil,Price,$/GJ,7.588933452
2091,NGFS2023MESSAGE_FW,Global,Oil&Gas,Oil,Price,$/GJ,7.6130518766
2092,NGFS2023MESSAGE_FW,Global,Oil&Gas,Oil,Price,$/GJ,7.6371703012
2093,NGFS2023MESSAGE_FW,Global,Oil&Gas,Oil,Price,$/GJ,7.6612887258
2094,NGFS2023MESSAGE_FW,Global,Oil&Gas,Oil,Price,$/GJ,7.6854071504
2095,NGFS2023MESSAGE_FW,Global,Oil&Gas,Oil,Price,$/GJ,7.709525575
2096,NGFS2023MESSAGE_FW,Global,Oil&Gas,Oil,Price,$/GJ,7.7336439996
2097,NGFS2023MESSAGE_FW,Global,Oil&Gas,Oil,Price,$/GJ,7.7577624242
2098,NGFS2023MESSAGE_FW,Global,Oil&Gas,Oil,Price,$/GJ,7.781880848799999
2099,NGFS2023MESSAGE_FW,Global,Oil&Gas,Oil,Price,$/GJ,7.805999273399999
2100,NGFS2023MESSAGE_FW,Global,Oil&Gas,Oil,Price,$/GJ,7.830117698
2022,NGFS2023REMIND_FW,Global,Oil&Gas,Oil,Price,$/GJ,11.88426594
2023,NGFS2023REMIND_FW,Global,Oil&Gas,Oil,Price,$/GJ,12.23051272
2024,NGFS2023REMIND_FW,Global,Oil&Gas,Oil,Price,$/GJ,12.5767595
2025,NGFS2023REMIND_FW,Global,Oil&Gas,Oil,Price,$/GJ,12.92300628
2026,NGFS2023REMIND_FW,Global,Oil&Gas,Oil,Price,$/GJ,13.086297746
2027,NGFS2023REMIND_FW,Global,Oil&Gas,Oil,Price,$/GJ,13.249589212
2028,NGFS2023REMIND_FW,Global,Oil&Gas,Oil,Price,$/GJ,13.412880678
2029,NGFS2023REMIND_FW,Global,Oil&Gas,Oil,Price,$/GJ,13.576172144
2030,NGFS2023REMIND_FW,Global,Oil&Gas,Oil,Price,$/GJ,13.73946361
2031,NGFS2023REMIND_FW,Global,Oil&Gas,Oil,Price,$/GJ,13.76048703
2032,NGFS2023REMIND_FW,Global,Oil&Gas,Oil,Price,$/GJ,13.78151045
2033,NGFS2023REMIND_FW,Global,Oil&Gas,Oil,Price,$/GJ,13.80253387
2034,NGFS2023REMIND_FW,Global,Oil&Gas,Oil,Price,$/GJ,13.82355729
2035,NGFS2023REMIND_FW,Global,Oil&Gas,Oil,Price,$/GJ,13.84458071
2036,NGFS2023REMIND_FW,Global,Oil&Gas,Oil,Price,$/GJ,14.136773766
2037,NGFS2023REMIND_FW,Global,Oil&Gas,Oil,Price,$/GJ,14.428966822
2038,NGFS2023REMIND_FW,Global,Oil&Gas,Oil,Price,$/GJ,14.721159878
2039,NGFS2023REMIND_FW,Global,Oil&Gas,Oil,Price,$/GJ,15.013352934
2040,NGFS2023REMIND_FW,Global,Oil&Gas,Oil,Price,$/GJ,15.30554599
2041,NGFS2023REMIND_FW,Global,Oil&Gas,Oil,Price,$/GJ,15.65255928
2042,NGFS2023REMIND_FW,Global,Oil&Gas,Oil,Price,$/GJ,15.99957257
2043,NGFS2023REMIND_FW,Global,Oil&Gas,Oil,Price,$/GJ,16.34658586
2044,NGFS2023REMIND_FW,Global,Oil&Gas,Oil,Price,$/GJ,16.69359915
2045,NGFS2023REMIND_FW,Global,Oil&Gas,Oil,Price,$/GJ,17.04061244
2046,NGFS2023REMIND_FW,Global,Oil&Gas,Oil,Price,$/GJ,17.368108372000002
2047,NGFS2023REMIND_FW,Global,Oil&Gas,Oil,Price,$/GJ,17.695604304
2048,NGFS2023REMIND_FW,Global,Oil&Gas,Oil,Price,$/GJ,18.023100236
2049,NGFS2023REMIND_FW,Global,Oil&Gas,Oil,Price,$/GJ,18.350596168
2050,NGFS2023REMIND_FW,Global,Oil&Gas,Oil,Price,$/GJ,18.6780921
2051,NGFS2023REMIND_FW,Global,Oil&Gas,Oil,Price,$/GJ,18.850893956
2052,NGFS2023REMIND_FW,Global,Oil&Gas,Oil,Price,$/GJ,19.023695812
2053,NGFS2023REMIND_FW,Global,Oil&Gas,Oil,Price,$/GJ,19.196497668
2054,NGFS2023REMIND_FW,Global,Oil&Gas,Oil,Price,$/GJ,19.369299524
2055,NGFS2023REMIND_FW,Global,Oil&Gas,Oil,Price,$/GJ,19.54210138
2056,NGFS2023REMIND_FW,Global,Oil&Gas,Oil,Price,$/GJ,20.029794925999997
2057,NGFS2023REMIND_FW,Global,Oil&Gas,Oil,Price,$/GJ,20.517488472
2058,NGFS2023REMIND_FW,Global,Oil&Gas,Oil,Price,$/GJ,21.005182018
2059,NGFS2023REMIND_FW,Global,Oil&Gas,Oil,Price,$/GJ,21.492875564
2060,NGFS2023REMIND_FW,Global,Oil&Gas,Oil,Price,$/GJ,21.98056911
2061,NGFS2023REMIND_FW,Global,Oil&Gas,Oil,Price,$/GJ,22.015031832
2062,NGFS2023REMIND_FW,Global,Oil&Gas,Oil,Price,$/GJ,22.049494554
2063,NGFS2023REMIND_FW,Global,Oil&Gas,Oil,Price,$/GJ,22.083957276
2064,NGFS2023REMIND_FW,Global,Oil&Gas,Oil,Price,$/GJ,22.118419998
2065,NGFS2023REMIND_FW,Global,Oil&Gas,Oil,Price,$/GJ,22.15288272
2066,NGFS2023REMIND_FW,Global,Oil&Gas,Oil,Price,$/GJ,22.187345442
2067,NGFS2023REMIND_FW,Global,Oil&Gas,Oil,Price,$/GJ,22.221808164
2068,NGFS2023REMIND_FW,Global,Oil&Gas,Oil,Price,$/GJ,22.256270886
2069,NGFS2023REMIND_FW,Global,Oil&Gas,Oil,Price,$/GJ,22.290733608
2070,NGFS2023REMIND_FW,Global,Oil&Gas,Oil,Price,$/GJ,22.32519633
2071,NGFS2023REMIND_FW,Global,Oil&Gas,Oil,Price,$/GJ,22.393961528
2072,NGFS2023REMIND_FW,Global,Oil&Gas,Oil,Price,$/GJ,22.462726726
2073,NGFS2023REMIND_FW,Global,Oil&Gas,Oil,Price,$/GJ,22.531491924
2074,NGFS2023REMIND_FW,Global,Oil&Gas,Oil,Price,$/GJ,22.600257122
2075,NGFS2023REMIND_FW,Global,Oil&Gas,Oil,Price,$/GJ,22.66902232
2076,NGFS2023REMIND_FW,Global,Oil&Gas,Oil,Price,$/GJ,22.737787518
2077,NGFS2023REMIND_FW,Global,Oil&Gas,Oil,Price,$/GJ,22.806552716
2078,NGFS2023REMIND_FW,Global,Oil&Gas,Oil,Price,$/GJ,22.875317914
2079,NGFS2023REMIND_FW,Global,Oil&Gas,Oil,Price,$/GJ,22.944083112
2080,NGFS2023REMIND_FW,Global,Oil&Gas,Oil,Price,$/GJ,23.01284831
2081,NGFS2023REMIND_FW,Global,Oil&Gas,Oil,Price,$/GJ,23.050334852
2082,NGFS2023REMIND_FW,Global,Oil&Gas,Oil,Price,$/GJ,23.087821394
2083,NGFS2023REMIND_FW,Global,Oil&Gas,Oil,Price,$/GJ,23.125307936
2084,NGFS2023REMIND_FW,Global,Oil&Gas,Oil,Price,$/GJ,23.162794478
2085,NGFS2023REMIND_FW,Global,Oil&Gas,Oil,Price,$/GJ,23.20028102
2086,NGFS2023REMIND_FW,Global,Oil&Gas,Oil,Price,$/GJ,23.237767562
2087,NGFS2023REMIND_FW,Global,Oil&Gas,Oil,Price,$/GJ,23.275254104
2088,NGFS2023REMIND_FW,Global,Oil&Gas,Oil,Price,$/GJ,23.312740646
2089,NGFS2023REMIND_FW,Global,Oil&Gas,Oil,Price,$/GJ,23.350227188
2090,NGFS2023REMIND_FW,Global,Oil&Gas,Oil,Price,$/GJ,23.38771373
2091,NGFS2023REMIND_FW,Global,Oil&Gas,Oil,Price,$/GJ,23.423522079
2092,NGFS2023REMIND_FW,Global,Oil&Gas,Oil,Price,$/GJ,23.459330428
2093,NGFS2023REMIND_FW,Global,Oil&Gas,Oil,Price,$/GJ,23.495138777
2094,NGFS2023REMIND_FW,Global,Oil&Gas,Oil,Price,$/GJ,23.530947126
2095,NGFS2023REMIND_FW,Global,Oil&Gas,Oil,Price,$/GJ,23.566755475
2096,NGFS2023REMIND_FW,Global,Oil&Gas,Oil,Price,$/GJ,23.602563824
2097,NGFS2023REMIND_FW,Global,Oil&Gas,Oil,Price,$/GJ,23.638372173
2098,NGFS2023REMIND_FW,Global,Oil&Gas,Oil,Price,$/GJ,23.674180522
2099,NGFS2023REMIND_FW,Global,Oil&Gas,Oil,Price,$/GJ,23.709988871
2100,NGFS2023REMIND_FW,Global,Oil&Gas,Oil,Price,$/GJ,23.74579722
2022,NGFS2023GCAM_LD,Global,Oil&Gas,Oil,Price,$/GJ,14.789056392
2023,NGFS2023GCAM_LD,Global,Oil&Gas,Oil,Price,$/GJ,14.807274828
2024,NGFS2023GCAM_LD,Global,Oil&Gas,Oil,Price,$/GJ,14.825493264
2025,NGFS2023GCAM_LD,Global,Oil&Gas,Oil,Price,$/GJ,14.8437117
2026,NGFS2023GCAM_LD,Global,Oil&Gas,Oil,Price,$/GJ,14.848323952
2027,NGFS2023GCAM_LD,Global,Oil&Gas,Oil,Price,$/GJ,14.852936204
2028,NGFS2023GCAM_LD,Global,Oil&Gas,Oil,Price,$/GJ,14.857548456
2029,NGFS2023GCAM_LD,Global,Oil&Gas,Oil,Price,$/GJ,14.862160708
2030,NGFS2023GCAM_LD,Global,Oil&Gas,Oil,Price,$/GJ,14.86677296
2031,NGFS2023GCAM_LD,Global,Oil&Gas,Oil,Price,$/GJ,14.871117724
2032,NGFS2023GCAM_LD,Global,Oil&Gas,Oil,Price,$/GJ,14.875462488
2033,NGFS2023GCAM_LD,Global,Oil&Gas,Oil,Price,$/GJ,14.879807252
2034,NGFS2023GCAM_LD,Global,Oil&Gas,Oil,Price,$/GJ,14.884152016
2035,NGFS2023GCAM_LD,Global,Oil&Gas,Oil,Price,$/GJ,14.88849678
2036,NGFS2023GCAM_LD,Global,Oil&Gas,Oil,Price,$/GJ,14.925130736
2037,NGFS2023GCAM_LD,Global,Oil&Gas,Oil,Price,$/GJ,14.961764692
2038,NGFS2023GCAM_LD,Global,Oil&Gas,Oil,Price,$/GJ,14.998398648
2039,NGFS2023GCAM_LD,Global,Oil&Gas,Oil,Price,$/GJ,15.035032604
2040,NGFS2023GCAM_LD,Global,Oil&Gas,Oil,Price,$/GJ,15.07166656
2041,NGFS2023GCAM_LD,Global,Oil&Gas,Oil,Price,$/GJ,15.256795094
2042,NGFS2023GCAM_LD,Global,Oil&Gas,Oil,Price,$/GJ,15.441923628
2043,NGFS2023GCAM_LD,Global,Oil&Gas,Oil,Price,$/GJ,15.627052162
2044,NGFS2023GCAM_LD,Global,Oil&Gas,Oil,Price,$/GJ,15.812180696
2045,NGFS2023GCAM_LD,Global,Oil&Gas,Oil,Price,$/GJ,15.99730923
2046,NGFS2023GCAM_LD,Global,Oil&Gas,Oil,Price,$/GJ,16.017275818
2047,NGFS2023GCAM_LD,Global,Oil&Gas,Oil,Price,$/GJ,16.037242406
2048,NGFS2023GCAM_LD,Global,Oil&Gas,Oil,Price,$/GJ,16.057208994
2049,NGFS2023GCAM_LD,Global,Oil&Gas,Oil,Price,$/GJ,16.077175582000002
2050,NGFS2023GCAM_LD,Global,Oil&Gas,Oil,Price,$/GJ,16.09714217
2051,NGFS2023GCAM_LD,Global,Oil&Gas,Oil,Price,$/GJ,16.387004768
2052,NGFS2023GCAM_LD,Global,Oil&Gas,Oil,Price,$/GJ,16.676867366
2053,NGFS2023GCAM_LD,Global,Oil&Gas,Oil,Price,$/GJ,16.966729964000002
2054,NGFS2023GCAM_LD,Global,Oil&Gas,Oil,Price,$/GJ,17.256592562
2055,NGFS2023GCAM_LD,Global,Oil&Gas,Oil,Price,$/GJ,17.54645516
2056,NGFS2023GCAM_LD,Global,Oil&Gas,Oil,Price,$/GJ,17.363868772
2057,NGFS2023GCAM_LD,Global,Oil&Gas,Oil,Price,$/GJ,17.181282384
2058,NGFS2023GCAM_LD,Global,Oil&Gas,Oil,Price,$/GJ,16.998695996000002
2059,NGFS2023GCAM_LD,Global,Oil&Gas,Oil,Price,$/GJ,16.816109608
2060,NGFS2023GCAM_LD,Global,Oil&Gas,Oil,Price,$/GJ,16.63352322
2061,NGFS2023GCAM_LD,Global,Oil&Gas,Oil,Price,$/GJ,16.444245192
2062,NGFS2023GCAM_LD,Global,Oil&Gas,Oil,Price,$/GJ,16.254967164
2063,NGFS2023GCAM_LD,Global,Oil&Gas,Oil,Price,$/GJ,16.065689136
2064,NGFS2023GCAM_LD,Global,Oil&Gas,Oil,Price,$/GJ,15.876411108
2065,NGFS2023GCAM_LD,Global,Oil&Gas,Oil,Price,$/GJ,15.68713308
2066,NGFS2023GCAM_LD,Global,Oil&Gas,Oil,Price,$/GJ,15.62187952
2067,NGFS2023GCAM_LD,Global,Oil&Gas,Oil,Price,$/GJ,15.55662596
2068,NGFS2023GCAM_LD,Global,Oil&Gas,Oil,Price,$/GJ,15.4913724
2069,NGFS2023GCAM_LD,Global,Oil&Gas,Oil,Price,$/GJ,15.426118840000001
2070,NGFS2023GCAM_LD,Global,Oil&Gas,Oil,Price,$/GJ,15.36086528
2071,NGFS2023GCAM_LD,Global,Oil&Gas,Oil,Price,$/GJ,15.388250122
2072,NGFS2023GCAM_LD,Global,Oil&Gas,Oil,Price,$/GJ,15.415634964
2073,NGFS2023GCAM_LD,Global,Oil&Gas,Oil,Price,$/GJ,15.443019806
2074,NGFS2023GCAM_LD,Global,Oil&Gas,Oil,Price,$/GJ,15.470404648
2075,NGFS2023GCAM_LD,Global,Oil&Gas,Oil,Price,$/GJ,15.49778949
2076,NGFS2023GCAM_LD,Global,Oil&Gas,Oil,Price,$/GJ,15.503859006
2077,NGFS2023GCAM_LD,Global,Oil&Gas,Oil,Price,$/GJ,15.509928522
2078,NGFS2023GCAM_LD,Global,Oil&Gas,Oil,Price,$/GJ,15.515998038
2079,NGFS2023GCAM_LD,Global,Oil&Gas,Oil,Price,$/GJ,15.522067554
2080,NGFS2023GCAM_LD,Global,Oil&Gas,Oil,Price,$/GJ,15.52813707
2081,NGFS2023GCAM_LD,Global,Oil&Gas,Oil,Price,$/GJ,15.489603264
2082,NGFS2023GCAM_LD,Global,Oil&Gas,Oil,Price,$/GJ,15.451069458
2083,NGFS2023GCAM_LD,Global,Oil&Gas,Oil,Price,$/GJ,15.412535652
2084,NGFS2023GCAM_LD,Global,Oil&Gas,Oil,Price,$/GJ,15.374001846
2085,NGFS2023GCAM_LD,Global,Oil&Gas,Oil,Price,$/GJ,15.33546804
2086,NGFS2023GCAM_LD,Global,Oil&Gas,Oil,Price,$/GJ,15.211326772
2087,NGFS2023GCAM_LD,Global,Oil&Gas,Oil,Price,$/GJ,15.087185504
2088,NGFS2023GCAM_LD,Global,Oil&Gas,Oil,Price,$/GJ,14.963044236
2089,NGFS2023GCAM_LD,Global,Oil&Gas,Oil,Price,$/GJ,14.838902968
2090,NGFS2023GCAM_LD,Global,Oil&Gas,Oil,Price,$/GJ,14.7147617
2091,NGFS2023GCAM_LD,Global,Oil&Gas,Oil,Price,$/GJ,14.554819402
2092,NGFS2023GCAM_LD,Global,Oil&Gas,Oil,Price,$/GJ,14.394877104
2093,NGFS2023GCAM_LD,Global,Oil&Gas,Oil,Price,$/GJ,14.234934806
2094,NGFS2023GCAM_LD,Global,Oil&Gas,Oil,Price,$/GJ,14.074992508
2095,NGFS2023GCAM_LD,Global,Oil&Gas,Oil,Price,$/GJ,13.91505021
2096,NGFS2023GCAM_LD,Global,Oil&Gas,Oil,Price,$/GJ,13.740425724
2097,NGFS2023GCAM_LD,Global,Oil&Gas,Oil,Price,$/GJ,13.565801238
2098,NGFS2023GCAM_LD,Global,Oil&Gas,Oil,Price,$/GJ,13.391176752
2099,NGFS2023GCAM_LD,Global,Oil&Gas,Oil,Price,$/GJ,13.216552266
2100,NGFS2023GCAM_LD,Global,Oil&Gas,Oil,Price,$/GJ,13.04192778
2022,NGFS2023MESSAGE_LD,Global,Oil&Gas,Oil,Price,$/GJ,3.0813477696
2023,NGFS2023MESSAGE_LD,Global,Oil&Gas,Oil,Price,$/GJ,3.2410116534
2024,NGFS2023MESSAGE_LD,Global,Oil&Gas,Oil,Price,$/GJ,3.4006755372
2025,NGFS2023MESSAGE_LD,Global,Oil&Gas,Oil,Price,$/GJ,3.560339421
2026,NGFS2023MESSAGE_LD,Global,Oil&Gas,Oil,Price,$/GJ,3.3092596896
2027,NGFS2023MESSAGE_LD,Global,Oil&Gas,Oil,Price,$/GJ,3.0581799582
2028,NGFS2023MESSAGE_LD,Global,Oil&Gas,Oil,Price,$/GJ,2.8071002268000003
2029,NGFS2023MESSAGE_LD,Global,Oil&Gas,Oil,Price,$/GJ,2.5560204954
2030,NGFS2023MESSAGE_LD,Global,Oil&Gas,Oil,Price,$/GJ,2.304940764
2031,NGFS2023MESSAGE_LD,Global,Oil&Gas,Oil,Price,$/GJ,2.5289419594
2032,NGFS2023MESSAGE_LD,Global,Oil&Gas,Oil,Price,$/GJ,2.7529431548
2033,NGFS2023MESSAGE_LD,Global,Oil&Gas,Oil,Price,$/GJ,2.9769443501999997
2034,NGFS2023MESSAGE_LD,Global,Oil&Gas,Oil,Price,$/GJ,3.2009455456
2035,NGFS2023MESSAGE_LD,Global,Oil&Gas,Oil,Price,$/GJ,3.424946741
2036,NGFS2023MESSAGE_LD,Global,Oil&Gas,Oil,Price,$/GJ,3.4953181449999997
2037,NGFS2023MESSAGE_LD,Global,Oil&Gas,Oil,Price,$/GJ,3.565689549
2038,NGFS2023MESSAGE_LD,Global,Oil&Gas,Oil,Price,$/GJ,3.636060953
2039,NGFS2023MESSAGE_LD,Global,Oil&Gas,Oil,Price,$/GJ,3.706432357
2040,NGFS2023MESSAGE_LD,Global,Oil&Gas,Oil,Price,$/GJ,3.776803761
2041,NGFS2023MESSAGE_LD,Global,Oil&Gas,Oil,Price,$/GJ,4.5647427532
2042,NGFS2023MESSAGE_LD,Global,Oil&Gas,Oil,Price,$/GJ,5.3526817454
2043,NGFS2023MESSAGE_LD,Global,Oil&Gas,Oil,Price,$/GJ,6.1406207376
2044,NGFS2023MESSAGE_LD,Global,Oil&Gas,Oil,Price,$/GJ,6.9285597298
2045,NGFS2023MESSAGE_LD,Global,Oil&Gas,Oil,Price,$/GJ,7.716498722
2046,NGFS2023MESSAGE_LD,Global,Oil&Gas,Oil,Price,$/GJ,6.6831651422
2047,NGFS2023MESSAGE_LD,Global,Oil&Gas,Oil,Price,$/GJ,5.649831562399999
2048,NGFS2023MESSAGE_LD,Global,Oil&Gas,Oil,Price,$/GJ,4.6164979826
2049,NGFS2023MESSAGE_LD,Global,Oil&Gas,Oil,Price,$/GJ,3.5831644027999996
2050,NGFS2023MESSAGE_LD,Global,Oil&Gas,Oil,Price,$/GJ,2.549830823
2051,NGFS2023MESSAGE_LD,Global,Oil&Gas,Oil,Price,$/GJ,2.3997499170000003
2052,NGFS2023MESSAGE_LD,Global,Oil&Gas,Oil,Price,$/GJ,2.249669011
2053,NGFS2023MESSAGE_LD,Global,Oil&Gas,Oil,Price,$/GJ,2.099588105
2054,NGFS2023MESSAGE_LD,Global,Oil&Gas,Oil,Price,$/GJ,1.949507199
2055,NGFS2023MESSAGE_LD,Global,Oil&Gas,Oil,Price,$/GJ,1.799426293
2056,NGFS2023MESSAGE_LD,Global,Oil&Gas,Oil,Price,$/GJ,1.8134874766
2057,NGFS2023MESSAGE_LD,Global,Oil&Gas,Oil,Price,$/GJ,1.8275486602
2058,NGFS2023MESSAGE_LD,Global,Oil&Gas,Oil,Price,$/GJ,1.8416098438
2059,NGFS2023MESSAGE_LD,Global,Oil&Gas,Oil,Price,$/GJ,1.8556710274
2060,NGFS2023MESSAGE_LD,Global,Oil&Gas,Oil,Price,$/GJ,1.869732211
2061,NGFS2023MESSAGE_LD,Global,Oil&Gas,Oil,Price,$/GJ,1.9834457728
2062,NGFS2023MESSAGE_LD,Global,Oil&Gas,Oil,Price,$/GJ,2.0971593346
2063,NGFS2023MESSAGE_LD,Global,Oil&Gas,Oil,Price,$/GJ,2.2108728964
2064,NGFS2023MESSAGE_LD,Global,Oil&Gas,Oil,Price,$/GJ,2.3245864582
2065,NGFS2023MESSAGE_LD,Global,Oil&Gas,Oil,Price,$/GJ,2.43830002
2066,NGFS2023MESSAGE_LD,Global,Oil&Gas,Oil,Price,$/GJ,2.5520135818
2067,NGFS2023MESSAGE_LD,Global,Oil&Gas,Oil,Price,$/GJ,2.6657271436
2068,NGFS2023MESSAGE_LD,Global,Oil&Gas,Oil,Price,$/GJ,2.7794407054
2069,NGFS2023MESSAGE_LD,Global,Oil&Gas,Oil,Price,$/GJ,2.8931542672
2070,NGFS2023MESSAGE_LD,Global,Oil&Gas,Oil,Price,$/GJ,3.006867829
2071,NGFS2023MESSAGE_LD,Global,Oil&Gas,Oil,Price,$/GJ,3.0126440899
2072,NGFS2023MESSAGE_LD,Global,Oil&Gas,Oil,Price,$/GJ,3.0184203508
2073,NGFS2023MESSAGE_LD,Global,Oil&Gas,Oil,Price,$/GJ,3.0241966117
2074,NGFS2023MESSAGE_LD,Global,Oil&Gas,Oil,Price,$/GJ,3.0299728726
2075,NGFS2023MESSAGE_LD,Global,Oil&Gas,Oil,Price,$/GJ,3.0357491335
2076,NGFS2023MESSAGE_LD,Global,Oil&Gas,Oil,Price,$/GJ,3.0415253944
2077,NGFS2023MESSAGE_LD,Global,Oil&Gas,Oil,Price,$/GJ,3.0473016553
2078,NGFS2023MESSAGE_LD,Global,Oil&Gas,Oil,Price,$/GJ,3.0530779162
2079,NGFS2023MESSAGE_LD,Global,Oil&Gas,Oil,Price,$/GJ,3.0588541771
2080,NGFS2023MESSAGE_LD,Global,Oil&Gas,Oil,Price,$/GJ,3.064630438
2081,NGFS2023MESSAGE_LD,Global,Oil&Gas,Oil,Price,$/GJ,3.1058998251
2082,NGFS2023MESSAGE_LD,Global,Oil&Gas,Oil,Price,$/GJ,3.1471692122
2083,NGFS2023MESSAGE_LD,Global,Oil&Gas,Oil,Price,$/GJ,3.1884385993
2084,NGFS2023MESSAGE_LD,Global,Oil&Gas,Oil,Price,$/GJ,3.2297079864
2085,NGFS2023MESSAGE_LD,Global,Oil&Gas,Oil,Price,$/GJ,3.2709773735
2086,NGFS2023MESSAGE_LD,Global,Oil&Gas,Oil,Price,$/GJ,3.3122467606
2087,NGFS2023MESSAGE_LD,Global,Oil&Gas,Oil,Price,$/GJ,3.3535161477
2088,NGFS2023MESSAGE_LD,Global,Oil&Gas,Oil,Price,$/GJ,3.3947855348
2089,NGFS2023MESSAGE_LD,Global,Oil&Gas,Oil,Price,$/GJ,3.4360549219000003
2090,NGFS2023MESSAGE_LD,Global,Oil&Gas,Oil,Price,$/GJ,3.477324309
2091,NGFS2023MESSAGE_LD,Global,Oil&Gas,Oil,Price,$/GJ,3.5280856969000003
2092,NGFS2023MESSAGE_LD,Global,Oil&Gas,Oil,Price,$/GJ,3.5788470848
2093,NGFS2023MESSAGE_LD,Global,Oil&Gas,Oil,Price,$/GJ,3.6296084727
2094,NGFS2023MESSAGE_LD,Global,Oil&Gas,Oil,Price,$/GJ,3.6803698606
2095,NGFS2023MESSAGE_LD,Global,Oil&Gas,Oil,Price,$/GJ,3.7311312485
2096,NGFS2023MESSAGE_LD,Global,Oil&Gas,Oil,Price,$/GJ,3.7818926364
2097,NGFS2023MESSAGE_LD,Global,Oil&Gas,Oil,Price,$/GJ,3.8326540243
2098,NGFS2023MESSAGE_LD,Global,Oil&Gas,Oil,Price,$/GJ,3.8834154122
2099,NGFS2023MESSAGE_LD,Global,Oil&Gas,Oil,Price,$/GJ,3.9341768001
2100,NGFS2023MESSAGE_LD,Global,Oil&Gas,Oil,Price,$/GJ,3.984938188
2022,NGFS2023REMIND_LD,Global,Oil&Gas,Oil,Price,$/GJ,11.40970432
2023,NGFS2023REMIND_LD,Global,Oil&Gas,Oil,Price,$/GJ,11.51867029
2024,NGFS2023REMIND_LD,Global,Oil&Gas,Oil,Price,$/GJ,11.62763626
2025,NGFS2023REMIND_LD,Global,Oil&Gas,Oil,Price,$/GJ,11.73660223
2026,NGFS2023REMIND_LD,Global,Oil&Gas,Oil,Price,$/GJ,11.602281354
2027,NGFS2023REMIND_LD,Global,Oil&Gas,Oil,Price,$/GJ,11.467960478
2028,NGFS2023REMIND_LD,Global,Oil&Gas,Oil,Price,$/GJ,11.333639602
2029,NGFS2023REMIND_LD,Global,Oil&Gas,Oil,Price,$/GJ,11.199318726
2030,NGFS2023REMIND_LD,Global,Oil&Gas,Oil,Price,$/GJ,11.06499785
2031,NGFS2023REMIND_LD,Global,Oil&Gas,Oil,Price,$/GJ,11.121305184
2032,NGFS2023REMIND_LD,Global,Oil&Gas,Oil,Price,$/GJ,11.177612518
2033,NGFS2023REMIND_LD,Global,Oil&Gas,Oil,Price,$/GJ,11.233919852
2034,NGFS2023REMIND_LD,Global,Oil&Gas,Oil,Price,$/GJ,11.290227186
2035,NGFS2023REMIND_LD,Global,Oil&Gas,Oil,Price,$/GJ,11.34653452
2036,NGFS2023REMIND_LD,Global,Oil&Gas,Oil,Price,$/GJ,11.497992862
2037,NGFS2023REMIND_LD,Global,Oil&Gas,Oil,Price,$/GJ,11.649451204
2038,NGFS2023REMIND_LD,Global,Oil&Gas,Oil,Price,$/GJ,11.800909546
2039,NGFS2023REMIND_LD,Global,Oil&Gas,Oil,Price,$/GJ,11.952367888
2040,NGFS2023REMIND_LD,Global,Oil&Gas,Oil,Price,$/GJ,12.10382623
2041,NGFS2023REMIND_LD,Global,Oil&Gas,Oil,Price,$/GJ,12.273335198
2042,NGFS2023REMIND_LD,Global,Oil&Gas,Oil,Price,$/GJ,12.442844166
2043,NGFS2023REMIND_LD,Global,Oil&Gas,Oil,Price,$/GJ,12.612353134
2044,NGFS2023REMIND_LD,Global,Oil&Gas,Oil,Price,$/GJ,12.781862102
2045,NGFS2023REMIND_LD,Global,Oil&Gas,Oil,Price,$/GJ,12.95137107
2046,NGFS2023REMIND_LD,Global,Oil&Gas,Oil,Price,$/GJ,13.114153064
2047,NGFS2023REMIND_LD,Global,Oil&Gas,Oil,Price,$/GJ,13.276935058
2048,NGFS2023REMIND_LD,Global,Oil&Gas,Oil,Price,$/GJ,13.439717052
2049,NGFS2023REMIND_LD,Global,Oil&Gas,Oil,Price,$/GJ,13.602499046
2050,NGFS2023REMIND_LD,Global,Oil&Gas,Oil,Price,$/GJ,13.76528104
2051,NGFS2023REMIND_LD,Global,Oil&Gas,Oil,Price,$/GJ,13.871694112
2052,NGFS2023REMIND_LD,Global,Oil&Gas,Oil,Price,$/GJ,13.978107184
2053,NGFS2023REMIND_LD,Global,Oil&Gas,Oil,Price,$/GJ,14.084520256
2054,NGFS2023REMIND_LD,Global,Oil&Gas,Oil,Price,$/GJ,14.190933328
2055,NGFS2023REMIND_LD,Global,Oil&Gas,Oil,Price,$/GJ,14.2973464
2056,NGFS2023REMIND_LD,Global,Oil&Gas,Oil,Price,$/GJ,14.693460376
2057,NGFS2023REMIND_LD,Global,Oil&Gas,Oil,Price,$/GJ,15.089574352
2058,NGFS2023REMIND_LD,Global,Oil&Gas,Oil,Price,$/GJ,15.485688328
2059,NGFS2023REMIND_LD,Global,Oil&Gas,Oil,Price,$/GJ,15.881802304
2060,NGFS2023REMIND_LD,Global,Oil&Gas,Oil,Price,$/GJ,16.27791628
2061,NGFS2023REMIND_LD,Global,Oil&Gas,Oil,Price,$/GJ,16.156031349
2062,NGFS2023REMIND_LD,Global,Oil&Gas,Oil,Price,$/GJ,16.034146418
2063,NGFS2023REMIND_LD,Global,Oil&Gas,Oil,Price,$/GJ,15.912261487
2064,NGFS2023REMIND_LD,Global,Oil&Gas,Oil,Price,$/GJ,15.790376556
2065,NGFS2023REMIND_LD,Global,Oil&Gas,Oil,Price,$/GJ,15.668491625
2066,NGFS2023REMIND_LD,Global,Oil&Gas,Oil,Price,$/GJ,15.546606694
2067,NGFS2023REMIND_LD,Global,Oil&Gas,Oil,Price,$/GJ,15.424721763
2068,NGFS2023REMIND_LD,Global,Oil&Gas,Oil,Price,$/GJ,15.302836832
2069,NGFS2023REMIND_LD,Global,Oil&Gas,Oil,Price,$/GJ,15.180951901
2070,NGFS2023REMIND_LD,Global,Oil&Gas,Oil,Price,$/GJ,15.05906697
2071,NGFS2023REMIND_LD,Global,Oil&Gas,Oil,Price,$/GJ,15.056765529
2072,NGFS2023REMIND_LD,Global,Oil&Gas,Oil,Price,$/GJ,15.054464088
2073,NGFS2023REMIND_LD,Global,Oil&Gas,Oil,Price,$/GJ,15.052162647
2074,NGFS2023REMIND_LD,Global,Oil&Gas,Oil,Price,$/GJ,15.049861206
2075,NGFS2023REMIND_LD,Global,Oil&Gas,Oil,Price,$/GJ,15.047559765
2076,NGFS2023REMIND_LD,Global,Oil&Gas,Oil,Price,$/GJ,15.045258324
2077,NGFS2023REMIND_LD,Global,Oil&Gas,Oil,Price,$/GJ,15.042956883
2078,NGFS2023REMIND_LD,Global,Oil&Gas,Oil,Price,$/GJ,15.040655442
2079,NGFS2023REMIND_LD,Global,Oil&Gas,Oil,Price,$/GJ,15.038354001
2080,NGFS2023REMIND_LD,Global,Oil&Gas,Oil,Price,$/GJ,15.03605256
2081,NGFS2023REMIND_LD,Global,Oil&Gas,Oil,Price,$/GJ,15.005662134
2082,NGFS2023REMIND_LD,Global,Oil&Gas,Oil,Price,$/GJ,14.975271708
2083,NGFS2023REMIND_LD,Global,Oil&Gas,Oil,Price,$/GJ,14.944881282
2084,NGFS2023REMIND_LD,Global,Oil&Gas,Oil,Price,$/GJ,14.914490856
2085,NGFS2023REMIND_LD,Global,Oil&Gas,Oil,Price,$/GJ,14.88410043
2086,NGFS2023REMIND_LD,Global,Oil&Gas,Oil,Price,$/GJ,14.853710004
2087,NGFS2023REMIND_LD,Global,Oil&Gas,Oil,Price,$/GJ,14.823319578
2088,NGFS2023REMIND_LD,Global,Oil&Gas,Oil,Price,$/GJ,14.792929152
2089,NGFS2023REMIND_LD,Global,Oil&Gas,Oil,Price,$/GJ,14.762538726
2090,NGFS2023REMIND_LD,Global,Oil&Gas,Oil,Price,$/GJ,14.7321483
2091,NGFS2023REMIND_LD,Global,Oil&Gas,Oil,Price,$/GJ,14.813045766
2092,NGFS2023REMIND_LD,Global,Oil&Gas,Oil,Price,$/GJ,14.893943232
2093,NGFS2023REMIND_LD,Global,Oil&Gas,Oil,Price,$/GJ,14.974840698
2094,NGFS2023REMIND_LD,Global,Oil&Gas,Oil,Price,$/GJ,15.055738164
2095,NGFS2023REMIND_LD,Global,Oil&Gas,Oil,Price,$/GJ,15.13663563
2096,NGFS2023REMIND_LD,Global,Oil&Gas,Oil,Price,$/GJ,15.217533096
2097,NGFS2023REMIND_LD,Global,Oil&Gas,Oil,Price,$/GJ,15.298430562
2098,NGFS2023REMIND_LD,Global,Oil&Gas,Oil,Price,$/GJ,15.379328028
2099,NGFS2023REMIND_LD,Global,Oil&Gas,Oil,Price,$/GJ,15.460225494
2100,NGFS2023REMIND_LD,Global,Oil&Gas,Oil,Price,$/GJ,15.54112296
2022,NGFS2023GCAM_NDC,Global,Oil&Gas,Oil,Price,$/GJ,14.795247348
2023,NGFS2023GCAM_NDC,Global,Oil&Gas,Oil,Price,$/GJ,14.816561262
2024,NGFS2023GCAM_NDC,Global,Oil&Gas,Oil,Price,$/GJ,14.837875176
2025,NGFS2023GCAM_NDC,Global,Oil&Gas,Oil,Price,$/GJ,14.85918909
2026,NGFS2023GCAM_NDC,Global,Oil&Gas,Oil,Price,$/GJ,14.869422422
2027,NGFS2023GCAM_NDC,Global,Oil&Gas,Oil,Price,$/GJ,14.879655754
2028,NGFS2023GCAM_NDC,Global,Oil&Gas,Oil,Price,$/GJ,14.889889086
2029,NGFS2023GCAM_NDC,Global,Oil&Gas,Oil,Price,$/GJ,14.900122418
2030,NGFS2023GCAM_NDC,Global,Oil&Gas,Oil,Price,$/GJ,14.91035575
2031,NGFS2023GCAM_NDC,Global,Oil&Gas,Oil,Price,$/GJ,14.924438612
2032,NGFS2023GCAM_NDC,Global,Oil&Gas,Oil,Price,$/GJ,14.938521474
2033,NGFS2023GCAM_NDC,Global,Oil&Gas,Oil,Price,$/GJ,14.952604336
2034,NGFS2023GCAM_NDC,Global,Oil&Gas,Oil,Price,$/GJ,14.966687198
2035,NGFS2023GCAM_NDC,Global,Oil&Gas,Oil,Price,$/GJ,14.98077006
2036,NGFS2023GCAM_NDC,Global,Oil&Gas,Oil,Price,$/GJ,15.024864632
2037,NGFS2023GCAM_NDC,Global,Oil&Gas,Oil,Price,$/GJ,15.068959204
2038,NGFS2023GCAM_NDC,Global,Oil&Gas,Oil,Price,$/GJ,15.113053776
2039,NGFS2023GCAM_NDC,Global,Oil&Gas,Oil,Price,$/GJ,15.157148348
2040,NGFS2023GCAM_NDC,Global,Oil&Gas,Oil,Price,$/GJ,15.20124292
2041,NGFS2023GCAM_NDC,Global,Oil&Gas,Oil,Price,$/GJ,15.253107756
2042,NGFS2023GCAM_NDC,Global,Oil&Gas,Oil,Price,$/GJ,15.304972592
2043,NGFS2023GCAM_NDC,Global,Oil&Gas,Oil,Price,$/GJ,15.356837428
2044,NGFS2023GCAM_NDC,Global,Oil&Gas,Oil,Price,$/GJ,15.408702264
2045,NGFS2023GCAM_NDC,Global,Oil&Gas,Oil,Price,$/GJ,15.4605671
2046,NGFS2023GCAM_NDC,Global,Oil&Gas,Oil,Price,$/GJ,15.444988444
2047,NGFS2023GCAM_NDC,Global,Oil&Gas,Oil,Price,$/GJ,15.429409788
2048,NGFS2023GCAM_NDC,Global,Oil&Gas,Oil,Price,$/GJ,15.413831132
2049,NGFS2023GCAM_NDC,Global,Oil&Gas,Oil,Price,$/GJ,15.398252476
2050,NGFS2023GCAM_NDC,Global,Oil&Gas,Oil,Price,$/GJ,15.38267382
2051,NGFS2023GCAM_NDC,Global,Oil&Gas,Oil,Price,$/GJ,15.383834548
2052,NGFS2023GCAM_NDC,Global,Oil&Gas,Oil,Price,$/GJ,15.384995276
2053,NGFS2023GCAM_NDC,Global,Oil&Gas,Oil,Price,$/GJ,15.386156004
2054,NGFS2023GCAM_NDC,Global,Oil&Gas,Oil,Price,$/GJ,15.387316732
2055,NGFS2023GCAM_NDC,Global,Oil&Gas,Oil,Price,$/GJ,15.38847746
2056,NGFS2023GCAM_NDC,Global,Oil&Gas,Oil,Price,$/GJ,15.410810492
2057,NGFS2023GCAM_NDC,Global,Oil&Gas,Oil,Price,$/GJ,15.433143524
2058,NGFS2023GCAM_NDC,Global,Oil&Gas,Oil,Price,$/GJ,15.455476556
2059,NGFS2023GCAM_NDC,Global,Oil&Gas,Oil,Price,$/GJ,15.477809588
2060,NGFS2023GCAM_NDC,Global,Oil&Gas,Oil,Price,$/GJ,15.50014262
2061,NGFS2023GCAM_NDC,Global,Oil&Gas,Oil,Price,$/GJ,15.503587688
2062,NGFS2023GCAM_NDC,Global,Oil&Gas,Oil,Price,$/GJ,15.507032756
2063,NGFS2023GCAM_NDC,Global,Oil&Gas,Oil,Price,$/GJ,15.510477824
2064,NGFS2023GCAM_NDC,Global,Oil&Gas,Oil,Price,$/GJ,15.513922892
2065,NGFS2023GCAM_NDC,Global,Oil&Gas,Oil,Price,$/GJ,15.51736796
2066,NGFS2023GCAM_NDC,Global,Oil&Gas,Oil,Price,$/GJ,15.529315556
2067,NGFS2023GCAM_NDC,Global,Oil&Gas,Oil,Price,$/GJ,15.541263152
2068,NGFS2023GCAM_NDC,Global,Oil&Gas,Oil,Price,$/GJ,15.553210748
2069,NGFS2023GCAM_NDC,Global,Oil&Gas,Oil,Price,$/GJ,15.565158344
2070,NGFS2023GCAM_NDC,Global,Oil&Gas,Oil,Price,$/GJ,15.57710594
2071,NGFS2023GCAM_NDC,Global,Oil&Gas,Oil,Price,$/GJ,15.624710132
2072,NGFS2023GCAM_NDC,Global,Oil&Gas,Oil,Price,$/GJ,15.672314323999998
2073,NGFS2023GCAM_NDC,Global,Oil&Gas,Oil,Price,$/GJ,15.719918516
2074,NGFS2023GCAM_NDC,Global,Oil&Gas,Oil,Price,$/GJ,15.767522708
2075,NGFS2023GCAM_NDC,Global,Oil&Gas,Oil,Price,$/GJ,15.8151269
2076,NGFS2023GCAM_NDC,Global,Oil&Gas,Oil,Price,$/GJ,15.825652532
2077,NGFS2023GCAM_NDC,Global,Oil&Gas,Oil,Price,$/GJ,15.836178164
2078,NGFS2023GCAM_NDC,Global,Oil&Gas,Oil,Price,$/GJ,15.846703796
2079,NGFS2023GCAM_NDC,Global,Oil&Gas,Oil,Price,$/GJ,15.857229428
2080,NGFS2023GCAM_NDC,Global,Oil&Gas,Oil,Price,$/GJ,15.86775506
2081,NGFS2023GCAM_NDC,Global,Oil&Gas,Oil,Price,$/GJ,15.867549704
2082,NGFS2023GCAM_NDC,Global,Oil&Gas,Oil,Price,$/GJ,15.867344348
2083,NGFS2023GCAM_NDC,Global,Oil&Gas,Oil,Price,$/GJ,15.867138992
2084,NGFS2023GCAM_NDC,Global,Oil&Gas,Oil,Price,$/GJ,15.866933636
2085,NGFS2023GCAM_NDC,Global,Oil&Gas,Oil,Price,$/GJ,15.86672828
2086,NGFS2023GCAM_NDC,Global,Oil&Gas,Oil,Price,$/GJ,15.85262323
2087,NGFS2023GCAM_NDC,Global,Oil&Gas,Oil,Price,$/GJ,15.83851818
2088,NGFS2023GCAM_NDC,Global,Oil&Gas,Oil,Price,$/GJ,15.82441313
2089,NGFS2023GCAM_NDC,Global,Oil&Gas,Oil,Price,$/GJ,15.81030808
2090,NGFS2023GCAM_NDC,Global,Oil&Gas,Oil,Price,$/GJ,15.79620303
2091,NGFS2023GCAM_NDC,Global,Oil&Gas,Oil,Price,$/GJ,15.78496712
2092,NGFS2023GCAM_NDC,Global,Oil&Gas,Oil,Price,$/GJ,15.77373121
2093,NGFS2023GCAM_NDC,Global,Oil&Gas,Oil,Price,$/GJ,15.7624953
2094,NGFS2023GCAM_NDC,Global,Oil&Gas,Oil,Price,$/GJ,15.75125939
2095,NGFS2023GCAM_NDC,Global,Oil&Gas,Oil,Price,$/GJ,15.74002348
2096,NGFS2023GCAM_NDC,Global,Oil&Gas,Oil,Price,$/GJ,15.736553802
2097,NGFS2023GCAM_NDC,Global,Oil&Gas,Oil,Price,$/GJ,15.733084124
2098,NGFS2023GCAM_NDC,Global,Oil&Gas,Oil,Price,$/GJ,15.729614446
2099,NGFS2023GCAM_NDC,Global,Oil&Gas,Oil,Price,$/GJ,15.726144768
2100,NGFS2023GCAM_NDC,Global,Oil&Gas,Oil,Price,$/GJ,15.72267509
2022,NGFS2023MESSAGE_NDC,Global,Oil&Gas,Oil,Price,$/GJ,3.0813477696
2023,NGFS2023MESSAGE_NDC,Global,Oil&Gas,Oil,Price,$/GJ,3.2410116534
2024,NGFS2023MESSAGE_NDC,Global,Oil&Gas,Oil,Price,$/GJ,3.4006755372
2025,NGFS2023MESSAGE_NDC,Global,Oil&Gas,Oil,Price,$/GJ,3.560339421
2026,NGFS2023MESSAGE_NDC,Global,Oil&Gas,Oil,Price,$/GJ,3.6169704898
2027,NGFS2023MESSAGE_NDC,Global,Oil&Gas,Oil,Price,$/GJ,3.6736015586
2028,NGFS2023MESSAGE_NDC,Global,Oil&Gas,Oil,Price,$/GJ,3.7302326274
2029,NGFS2023MESSAGE_NDC,Global,Oil&Gas,Oil,Price,$/GJ,3.7868636962
2030,NGFS2023MESSAGE_NDC,Global,Oil&Gas,Oil,Price,$/GJ,3.843494765
2031,NGFS2023MESSAGE_NDC,Global,Oil&Gas,Oil,Price,$/GJ,3.8951806704
2032,NGFS2023MESSAGE_NDC,Global,Oil&Gas,Oil,Price,$/GJ,3.9468665758
2033,NGFS2023MESSAGE_NDC,Global,Oil&Gas,Oil,Price,$/GJ,3.9985524812
2034,NGFS2023MESSAGE_NDC,Global,Oil&Gas,Oil,Price,$/GJ,4.050238386599999
2035,NGFS2023MESSAGE_NDC,Global,Oil&Gas,Oil,Price,$/GJ,4.101924292
2036,NGFS2023MESSAGE_NDC,Global,Oil&Gas,Oil,Price,$/GJ,4.148259416
2037,NGFS2023MESSAGE_NDC,Global,Oil&Gas,Oil,Price,$/GJ,4.19459454
2038,NGFS2023MESSAGE_NDC,Global,Oil&Gas,Oil,Price,$/GJ,4.240929664
2039,NGFS2023MESSAGE_NDC,Global,Oil&Gas,Oil,Price,$/GJ,4.287264788
2040,NGFS2023MESSAGE_NDC,Global,Oil&Gas,Oil,Price,$/GJ,4.333599912
2041,NGFS2023MESSAGE_NDC,Global,Oil&Gas,Oil,Price,$/GJ,4.392377945600001
2042,NGFS2023MESSAGE_NDC,Global,Oil&Gas,Oil,Price,$/GJ,4.4511559792
2043,NGFS2023MESSAGE_NDC,Global,Oil&Gas,Oil,Price,$/GJ,4.5099340128000005
2044,NGFS2023MESSAGE_NDC,Global,Oil&Gas,Oil,Price,$/GJ,4.5687120464
2045,NGFS2023MESSAGE_NDC,Global,Oil&Gas,Oil,Price,$/GJ,4.62749008
2046,NGFS2023MESSAGE_NDC,Global,Oil&Gas,Oil,Price,$/GJ,4.7098900476
2047,NGFS2023MESSAGE_NDC,Global,Oil&Gas,Oil,Price,$/GJ,4.7922900152
2048,NGFS2023MESSAGE_NDC,Global,Oil&Gas,Oil,Price,$/GJ,4.8746899828000005
2049,NGFS2023MESSAGE_NDC,Global,Oil&Gas,Oil,Price,$/GJ,4.9570899504
2050,NGFS2023MESSAGE_NDC,Global,Oil&Gas,Oil,Price,$/GJ,5.039489918
2051,NGFS2023MESSAGE_NDC,Global,Oil&Gas,Oil,Price,$/GJ,5.072802198
2052,NGFS2023MESSAGE_NDC,Global,Oil&Gas,Oil,Price,$/GJ,5.106114478
2053,NGFS2023MESSAGE_NDC,Global,Oil&Gas,Oil,Price,$/GJ,5.139426758
2054,NGFS2023MESSAGE_NDC,Global,Oil&Gas,Oil,Price,$/GJ,5.1727390380000005
2055,NGFS2023MESSAGE_NDC,Global,Oil&Gas,Oil,Price,$/GJ,5.206051318
2056,NGFS2023MESSAGE_NDC,Global,Oil&Gas,Oil,Price,$/GJ,5.2903099492
2057,NGFS2023MESSAGE_NDC,Global,Oil&Gas,Oil,Price,$/GJ,5.3745685804
2058,NGFS2023MESSAGE_NDC,Global,Oil&Gas,Oil,Price,$/GJ,5.4588272116
2059,NGFS2023MESSAGE_NDC,Global,Oil&Gas,Oil,Price,$/GJ,5.5430858428
2060,NGFS2023MESSAGE_NDC,Global,Oil&Gas,Oil,Price,$/GJ,5.627344474
2061,NGFS2023MESSAGE_NDC,Global,Oil&Gas,Oil,Price,$/GJ,5.6470113798
2062,NGFS2023MESSAGE_NDC,Global,Oil&Gas,Oil,Price,$/GJ,5.6666782856
2063,NGFS2023MESSAGE_NDC,Global,Oil&Gas,Oil,Price,$/GJ,5.6863451914
2064,NGFS2023MESSAGE_NDC,Global,Oil&Gas,Oil,Price,$/GJ,5.7060120972
2065,NGFS2023MESSAGE_NDC,Global,Oil&Gas,Oil,Price,$/GJ,5.725679003
2066,NGFS2023MESSAGE_NDC,Global,Oil&Gas,Oil,Price,$/GJ,5.7453459088
2067,NGFS2023MESSAGE_NDC,Global,Oil&Gas,Oil,Price,$/GJ,5.7650128146
2068,NGFS2023MESSAGE_NDC,Global,Oil&Gas,Oil,Price,$/GJ,5.784679720400001
2069,NGFS2023MESSAGE_NDC,Global,Oil&Gas,Oil,Price,$/GJ,5.8043466262
2070,NGFS2023MESSAGE_NDC,Global,Oil&Gas,Oil,Price,$/GJ,5.824013532
2071,NGFS2023MESSAGE_NDC,Global,Oil&Gas,Oil,Price,$/GJ,5.9557363273
2072,NGFS2023MESSAGE_NDC,Global,Oil&Gas,Oil,Price,$/GJ,6.0874591226
2073,NGFS2023MESSAGE_NDC,Global,Oil&Gas,Oil,Price,$/GJ,6.2191819179
2074,NGFS2023MESSAGE_NDC,Global,Oil&Gas,Oil,Price,$/GJ,6.3509047132
2075,NGFS2023MESSAGE_NDC,Global,Oil&Gas,Oil,Price,$/GJ,6.4826275085
2076,NGFS2023MESSAGE_NDC,Global,Oil&Gas,Oil,Price,$/GJ,6.6143503038
2077,NGFS2023MESSAGE_NDC,Global,Oil&Gas,Oil,Price,$/GJ,6.7460730991
2078,NGFS2023MESSAGE_NDC,Global,Oil&Gas,Oil,Price,$/GJ,6.8777958944
2079,NGFS2023MESSAGE_NDC,Global,Oil&Gas,Oil,Price,$/GJ,7.0095186897
2080,NGFS2023MESSAGE_NDC,Global,Oil&Gas,Oil,Price,$/GJ,7.141241485
2081,NGFS2023MESSAGE_NDC,Global,Oil&Gas,Oil,Price,$/GJ,7.2590112704
2082,NGFS2023MESSAGE_NDC,Global,Oil&Gas,Oil,Price,$/GJ,7.3767810558
2083,NGFS2023MESSAGE_NDC,Global,Oil&Gas,Oil,Price,$/GJ,7.4945508412
2084,NGFS2023MESSAGE_NDC,Global,Oil&Gas,Oil,Price,$/GJ,7.6123206266
2085,NGFS2023MESSAGE_NDC,Global,Oil&Gas,Oil,Price,$/GJ,7.730090412
2086,NGFS2023MESSAGE_NDC,Global,Oil&Gas,Oil,Price,$/GJ,7.8478601974
2087,NGFS2023MESSAGE_NDC,Global,Oil&Gas,Oil,Price,$/GJ,7.9656299828
2088,NGFS2023MESSAGE_NDC,Global,Oil&Gas,Oil,Price,$/GJ,8.0833997682
2089,NGFS2023MESSAGE_NDC,Global,Oil&Gas,Oil,Price,$/GJ,8.2011695536
2090,NGFS2023MESSAGE_NDC,Global,Oil&Gas,Oil,Price,$/GJ,8.318939339
2091,NGFS2023MESSAGE_NDC,Global,Oil&Gas,Oil,Price,$/GJ,8.3970391368
2092,NGFS2023MESSAGE_NDC,Global,Oil&Gas,Oil,Price,$/GJ,8.4751389346
2093,NGFS2023MESSAGE_NDC,Global,Oil&Gas,Oil,Price,$/GJ,8.5532387324
2094,NGFS2023MESSAGE_NDC,Global,Oil&Gas,Oil,Price,$/GJ,8.6313385302
2095,NGFS2023MESSAGE_NDC,Global,Oil&Gas,Oil,Price,$/GJ,8.709438328000001
2096,NGFS2023MESSAGE_NDC,Global,Oil&Gas,Oil,Price,$/GJ,8.7875381258
2097,NGFS2023MESSAGE_NDC,Global,Oil&Gas,Oil,Price,$/GJ,8.8656379236
2098,NGFS2023MESSAGE_NDC,Global,Oil&Gas,Oil,Price,$/GJ,8.9437377214
2099,NGFS2023MESSAGE_NDC,Global,Oil&Gas,Oil,Price,$/GJ,9.0218375192
2100,NGFS2023MESSAGE_NDC,Global,Oil&Gas,Oil,Price,$/GJ,9.099937317
2022,NGFS2023REMIND_NDC,Global,Oil&Gas,Oil,Price,$/GJ,11.836369744
2023,NGFS2023REMIND_NDC,Global,Oil&Gas,Oil,Price,$/GJ,12.158668426
2024,NGFS2023REMIND_NDC,Global,Oil&Gas,Oil,Price,$/GJ,12.480967108
2025,NGFS2023REMIND_NDC,Global,Oil&Gas,Oil,Price,$/GJ,12.80326579
2026,NGFS2023REMIND_NDC,Global,Oil&Gas,Oil,Price,$/GJ,12.938321694
2027,NGFS2023REMIND_NDC,Global,Oil&Gas,Oil,Price,$/GJ,13.073377598
2028,NGFS2023REMIND_NDC,Global,Oil&Gas,Oil,Price,$/GJ,13.208433502
2029,NGFS2023REMIND_NDC,Global,Oil&Gas,Oil,Price,$/GJ,13.343489406
2030,NGFS2023REMIND_NDC,Global,Oil&Gas,Oil,Price,$/GJ,13.47854531
2031,NGFS2023REMIND_NDC,Global,Oil&Gas,Oil,Price,$/GJ,13.523837076
2032,NGFS2023REMIND_NDC,Global,Oil&Gas,Oil,Price,$/GJ,13.569128842
2033,NGFS2023REMIND_NDC,Global,Oil&Gas,Oil,Price,$/GJ,13.614420608
2034,NGFS2023REMIND_NDC,Global,Oil&Gas,Oil,Price,$/GJ,13.659712374
2035,NGFS2023REMIND_NDC,Global,Oil&Gas,Oil,Price,$/GJ,13.70500414
2036,NGFS2023REMIND_NDC,Global,Oil&Gas,Oil,Price,$/GJ,14.026469956
2037,NGFS2023REMIND_NDC,Global,Oil&Gas,Oil,Price,$/GJ,14.347935772
2038,NGFS2023REMIND_NDC,Global,Oil&Gas,Oil,Price,$/GJ,14.669401588
2039,NGFS2023REMIND_NDC,Global,Oil&Gas,Oil,Price,$/GJ,14.990867404
2040,NGFS2023REMIND_NDC,Global,Oil&Gas,Oil,Price,$/GJ,15.31233322
2041,NGFS2023REMIND_NDC,Global,Oil&Gas,Oil,Price,$/GJ,15.673844302
2042,NGFS2023REMIND_NDC,Global,Oil&Gas,Oil,Price,$/GJ,16.035355384
2043,NGFS2023REMIND_NDC,Global,Oil&Gas,Oil,Price,$/GJ,16.396866466
2044,NGFS2023REMIND_NDC,Global,Oil&Gas,Oil,Price,$/GJ,16.758377548
2045,NGFS2023REMIND_NDC,Global,Oil&Gas,Oil,Price,$/GJ,17.11988863
2046,NGFS2023REMIND_NDC,Global,Oil&Gas,Oil,Price,$/GJ,17.454730828
2047,NGFS2023REMIND_NDC,Global,Oil&Gas,Oil,Price,$/GJ,17.789573026
2048,NGFS2023REMIND_NDC,Global,Oil&Gas,Oil,Price,$/GJ,18.124415224
2049,NGFS2023REMIND_NDC,Global,Oil&Gas,Oil,Price,$/GJ,18.459257422
2050,NGFS2023REMIND_NDC,Global,Oil&Gas,Oil,Price,$/GJ,18.79409962
2051,NGFS2023REMIND_NDC,Global,Oil&Gas,Oil,Price,$/GJ,18.927079598
2052,NGFS2023REMIND_NDC,Global,Oil&Gas,Oil,Price,$/GJ,19.060059576
2053,NGFS2023REMIND_NDC,Global,Oil&Gas,Oil,Price,$/GJ,19.193039554
2054,NGFS2023REMIND_NDC,Global,Oil&Gas,Oil,Price,$/GJ,19.326019532
2055,NGFS2023REMIND_NDC,Global,Oil&Gas,Oil,Price,$/GJ,19.45899951
2056,NGFS2023REMIND_NDC,Global,Oil&Gas,Oil,Price,$/GJ,20.017793280000003
2057,NGFS2023REMIND_NDC,Global,Oil&Gas,Oil,Price,$/GJ,20.57658705
2058,NGFS2023REMIND_NDC,Global,Oil&Gas,Oil,Price,$/GJ,21.13538082
2059,NGFS2023REMIND_NDC,Global,Oil&Gas,Oil,Price,$/GJ,21.69417459
2060,NGFS2023REMIND_NDC,Global,Oil&Gas,Oil,Price,$/GJ,22.25296836
2061,NGFS2023REMIND_NDC,Global,Oil&Gas,Oil,Price,$/GJ,22.181321088
2062,NGFS2023REMIND_NDC,Global,Oil&Gas,Oil,Price,$/GJ,22.109673816
2063,NGFS2023REMIND_NDC,Global,Oil&Gas,Oil,Price,$/GJ,22.038026544
2064,NGFS2023REMIND_NDC,Global,Oil&Gas,Oil,Price,$/GJ,21.966379272
2065,NGFS2023REMIND_NDC,Global,Oil&Gas,Oil,Price,$/GJ,21.894732
2066,NGFS2023REMIND_NDC,Global,Oil&Gas,Oil,Price,$/GJ,21.823084728
2067,NGFS2023REMIND_NDC,Global,Oil&Gas,Oil,Price,$/GJ,21.751437456
2068,NGFS2023REMIND_NDC,Global,Oil&Gas,Oil,Price,$/GJ,21.679790184
2069,NGFS2023REMIND_NDC,Global,Oil&Gas,Oil,Price,$/GJ,21.608142912
2070,NGFS2023REMIND_NDC,Global,Oil&Gas,Oil,Price,$/GJ,21.53649564
2071,NGFS2023REMIND_NDC,Global,Oil&Gas,Oil,Price,$/GJ,21.601915119999997
2072,NGFS2023REMIND_NDC,Global,Oil&Gas,Oil,Price,$/GJ,21.6673346
2073,NGFS2023REMIND_NDC,Global,Oil&Gas,Oil,Price,$/GJ,21.73275408
2074,NGFS2023REMIND_NDC,Global,Oil&Gas,Oil,Price,$/GJ,21.79817356
2075,NGFS2023REMIND_NDC,Global,Oil&Gas,Oil,Price,$/GJ,21.86359304
2076,NGFS2023REMIND_NDC,Global,Oil&Gas,Oil,Price,$/GJ,21.92901252
2077,NGFS2023REMIND_NDC,Global,Oil&Gas,Oil,Price,$/GJ,21.994432
2078,NGFS2023REMIND_NDC,Global,Oil&Gas,Oil,Price,$/GJ,22.05985148
2079,NGFS2023REMIND_NDC,Global,Oil&Gas,Oil,Price,$/GJ,22.12527096
2080,NGFS2023REMIND_NDC,Global,Oil&Gas,Oil,Price,$/GJ,22.19069044
2081,NGFS2023REMIND_NDC,Global,Oil&Gas,Oil,Price,$/GJ,22.207978041
2082,NGFS2023REMIND_NDC,Global,Oil&Gas,Oil,Price,$/GJ,22.225265642
2083,NGFS2023REMIND_NDC,Global,Oil&Gas,Oil,Price,$/GJ,22.242553243
2084,NGFS2023REMIND_NDC,Global,Oil&Gas,Oil,Price,$/GJ,22.259840844
2085,NGFS2023REMIND_NDC,Global,Oil&Gas,Oil,Price,$/GJ,22.277128445
2086,NGFS2023REMIND_NDC,Global,Oil&Gas,Oil,Price,$/GJ,22.294416046
2087,NGFS2023REMIND_NDC,Global,Oil&Gas,Oil,Price,$/GJ,22.311703647
2088,NGFS2023REMIND_NDC,Global,Oil&Gas,Oil,Price,$/GJ,22.328991248
2089,NGFS2023REMIND_NDC,Global,Oil&Gas,Oil,Price,$/GJ,22.346278849
2090,NGFS2023REMIND_NDC,Global,Oil&Gas,Oil,Price,$/GJ,22.36356645
2091,NGFS2023REMIND_NDC,Global,Oil&Gas,Oil,Price,$/GJ,22.412811098
2092,NGFS2023REMIND_NDC,Global,Oil&Gas,Oil,Price,$/GJ,22.462055746
2093,NGFS2023REMIND_NDC,Global,Oil&Gas,Oil,Price,$/GJ,22.511300394
2094,NGFS2023REMIND_NDC,Global,Oil&Gas,Oil,Price,$/GJ,22.560545042
2095,NGFS2023REMIND_NDC,Global,Oil&Gas,Oil,Price,$/GJ,22.60978969
2096,NGFS2023REMIND_NDC,Global,Oil&Gas,Oil,Price,$/GJ,22.659034338
2097,NGFS2023REMIND_NDC,Global,Oil&Gas,Oil,Price,$/GJ,22.708278986
2098,NGFS2023REMIND_NDC,Global,Oil&Gas,Oil,Price,$/GJ,22.757523633999998
2099,NGFS2023REMIND_NDC,Global,Oil&Gas,Oil,Price,$/GJ,22.806768282
2100,NGFS2023REMIND_NDC,Global,Oil&Gas,Oil,Price,$/GJ,22.85601293
2022,NGFS2023GCAM_NZ2050,Global,Oil&Gas,Oil,Price,$/GJ,14.927178648
2023,NGFS2023GCAM_NZ2050,Global,Oil&Gas,Oil,Price,$/GJ,15.014458212
2024,NGFS2023GCAM_NZ2050,Global,Oil&Gas,Oil,Price,$/GJ,15.101737776
2025,NGFS2023GCAM_NZ2050,Global,Oil&Gas,Oil,Price,$/GJ,15.18901734
2026,NGFS2023GCAM_NZ2050,Global,Oil&Gas,Oil,Price,$/GJ,15.28660306
2027,NGFS2023GCAM_NZ2050,Global,Oil&Gas,Oil,Price,$/GJ,15.38418878
2028,NGFS2023GCAM_NZ2050,Global,Oil&Gas,Oil,Price,$/GJ,15.4817745
2029,NGFS2023GCAM_NZ2050,Global,Oil&Gas,Oil,Price,$/GJ,15.57936022
2030,NGFS2023GCAM_NZ2050,Global,Oil&Gas,Oil,Price,$/GJ,15.67694594
2031,NGFS2023GCAM_NZ2050,Global,Oil&Gas,Oil,Price,$/GJ,15.723842278
2032,NGFS2023GCAM_NZ2050,Global,Oil&Gas,Oil,Price,$/GJ,15.770738616
2033,NGFS2023GCAM_NZ2050,Global,Oil&Gas,Oil,Price,$/GJ,15.817634954
2034,NGFS2023GCAM_NZ2050,Global,Oil&Gas,Oil,Price,$/GJ,15.864531292
2035,NGFS2023GCAM_NZ2050,Global,Oil&Gas,Oil,Price,$/GJ,15.91142763
2036,NGFS2023GCAM_NZ2050,Global,Oil&Gas,Oil,Price,$/GJ,15.99622839
2037,NGFS2023GCAM_NZ2050,Global,Oil&Gas,Oil,Price,$/GJ,16.08102915
2038,NGFS2023GCAM_NZ2050,Global,Oil&Gas,Oil,Price,$/GJ,16.16582991
2039,NGFS2023GCAM_NZ2050,Global,Oil&Gas,Oil,Price,$/GJ,16.25063067
2040,NGFS2023GCAM_NZ2050,Global,Oil&Gas,Oil,Price,$/GJ,16.33543143
2041,NGFS2023GCAM_NZ2050,Global,Oil&Gas,Oil,Price,$/GJ,16.64033327
2042,NGFS2023GCAM_NZ2050,Global,Oil&Gas,Oil,Price,$/GJ,16.94523511
2043,NGFS2023GCAM_NZ2050,Global,Oil&Gas,Oil,Price,$/GJ,17.25013695
2044,NGFS2023GCAM_NZ2050,Global,Oil&Gas,Oil,Price,$/GJ,17.55503879
2045,NGFS2023GCAM_NZ2050,Global,Oil&Gas,Oil,Price,$/GJ,17.85994063
2046,NGFS2023GCAM_NZ2050,Global,Oil&Gas,Oil,Price,$/GJ,17.90506259
2047,NGFS2023GCAM_NZ2050,Global,Oil&Gas,Oil,Price,$/GJ,17.95018455
2048,NGFS2023GCAM_NZ2050,Global,Oil&Gas,Oil,Price,$/GJ,17.995306510000002
2049,NGFS2023GCAM_NZ2050,Global,Oil&Gas,Oil,Price,$/GJ,18.04042847
2050,NGFS2023GCAM_NZ2050,Global,Oil&Gas,Oil,Price,$/GJ,18.08555043
2051,NGFS2023GCAM_NZ2050,Global,Oil&Gas,Oil,Price,$/GJ,18.452865936
2052,NGFS2023GCAM_NZ2050,Global,Oil&Gas,Oil,Price,$/GJ,18.820181442000003
2053,NGFS2023GCAM_NZ2050,Global,Oil&Gas,Oil,Price,$/GJ,19.187496948
2054,NGFS2023GCAM_NZ2050,Global,Oil&Gas,Oil,Price,$/GJ,19.554812454
2055,NGFS2023GCAM_NZ2050,Global,Oil&Gas,Oil,Price,$/GJ,19.92212796
2056,NGFS2023GCAM_NZ2050,Global,Oil&Gas,Oil,Price,$/GJ,19.75032279
2057,NGFS2023GCAM_NZ2050,Global,Oil&Gas,Oil,Price,$/GJ,19.57851762
2058,NGFS2023GCAM_NZ2050,Global,Oil&Gas,Oil,Price,$/GJ,19.40671245
2059,NGFS2023GCAM_NZ2050,Global,Oil&Gas,Oil,Price,$/GJ,19.23490728
2060,NGFS2023GCAM_NZ2050,Global,Oil&Gas,Oil,Price,$/GJ,19.06310211
2061,NGFS2023GCAM_NZ2050,Global,Oil&Gas,Oil,Price,$/GJ,18.814488746
2062,NGFS2023GCAM_NZ2050,Global,Oil&Gas,Oil,Price,$/GJ,18.565875382
2063,NGFS2023GCAM_NZ2050,Global,Oil&Gas,Oil,Price,$/GJ,18.317262018
2064,NGFS2023GCAM_NZ2050,Global,Oil&Gas,Oil,Price,$/GJ,18.068648654
2065,NGFS2023GCAM_NZ2050,Global,Oil&Gas,Oil,Price,$/GJ,17.82003529
2066,NGFS2023GCAM_NZ2050,Global,Oil&Gas,Oil,Price,$/GJ,17.750277402
2067,NGFS2023GCAM_NZ2050,Global,Oil&Gas,Oil,Price,$/GJ,17.680519514
2068,NGFS2023GCAM_NZ2050,Global,Oil&Gas,Oil,Price,$/GJ,17.610761626
2069,NGFS2023GCAM_NZ2050,Global,Oil&Gas,Oil,Price,$/GJ,17.541003738
2070,NGFS2023GCAM_NZ2050,Global,Oil&Gas,Oil,Price,$/GJ,17.47124585
2071,NGFS2023GCAM_NZ2050,Global,Oil&Gas,Oil,Price,$/GJ,17.573503933999998
2072,NGFS2023GCAM_NZ2050,Global,Oil&Gas,Oil,Price,$/GJ,17.675762018
2073,NGFS2023GCAM_NZ2050,Global,Oil&Gas,Oil,Price,$/GJ,17.778020102
2074,NGFS2023GCAM_NZ2050,Global,Oil&Gas,Oil,Price,$/GJ,17.880278186
2075,NGFS2023GCAM_NZ2050,Global,Oil&Gas,Oil,Price,$/GJ,17.98253627
2076,NGFS2023GCAM_NZ2050,Global,Oil&Gas,Oil,Price,$/GJ,18.077109824
2077,NGFS2023GCAM_NZ2050,Global,Oil&Gas,Oil,Price,$/GJ,18.171683378
2078,NGFS2023GCAM_NZ2050,Global,Oil&Gas,Oil,Price,$/GJ,18.266256932
2079,NGFS2023GCAM_NZ2050,Global,Oil&Gas,Oil,Price,$/GJ,18.360830486
2080,NGFS2023GCAM_NZ2050,Global,Oil&Gas,Oil,Price,$/GJ,18.45540404
2081,NGFS2023GCAM_NZ2050,Global,Oil&Gas,Oil,Price,$/GJ,18.429390528000003
2082,NGFS2023GCAM_NZ2050,Global,Oil&Gas,Oil,Price,$/GJ,18.403377016
2083,NGFS2023GCAM_NZ2050,Global,Oil&Gas,Oil,Price,$/GJ,18.377363504
2084,NGFS2023GCAM_NZ2050,Global,Oil&Gas,Oil,Price,$/GJ,18.351349992
2085,NGFS2023GCAM_NZ2050,Global,Oil&Gas,Oil,Price,$/GJ,18.32533648
2086,NGFS2023GCAM_NZ2050,Global,Oil&Gas,Oil,Price,$/GJ,18.162896618
2087,NGFS2023GCAM_NZ2050,Global,Oil&Gas,Oil,Price,$/GJ,18.000456756000002
2088,NGFS2023GCAM_NZ2050,Global,Oil&Gas,Oil,Price,$/GJ,17.838016894
2089,NGFS2023GCAM_NZ2050,Global,Oil&Gas,Oil,Price,$/GJ,17.675577032
2090,NGFS2023GCAM_NZ2050,Global,Oil&Gas,Oil,Price,$/GJ,17.51313717
2091,NGFS2023GCAM_NZ2050,Global,Oil&Gas,Oil,Price,$/GJ,17.263514572000002
2092,NGFS2023GCAM_NZ2050,Global,Oil&Gas,Oil,Price,$/GJ,17.013891974
2093,NGFS2023GCAM_NZ2050,Global,Oil&Gas,Oil,Price,$/GJ,16.764269376
2094,NGFS2023GCAM_NZ2050,Global,Oil&Gas,Oil,Price,$/GJ,16.514646778
2095,NGFS2023GCAM_NZ2050,Global,Oil&Gas,Oil,Price,$/GJ,16.26502418
2096,NGFS2023GCAM_NZ2050,Global,Oil&Gas,Oil,Price,$/GJ,15.96642243
2097,NGFS2023GCAM_NZ2050,Global,Oil&Gas,Oil,Price,$/GJ,15.66782068
2098,NGFS2023GCAM_NZ2050,Global,Oil&Gas,Oil,Price,$/GJ,15.36921893
2099,NGFS2023GCAM_NZ2050,Global,Oil&Gas,Oil,Price,$/GJ,15.07061718
2100,NGFS2023GCAM_NZ2050,Global,Oil&Gas,Oil,Price,$/GJ,14.77201543
2022,NGFS2023MESSAGE_NZ2050,Global,Oil&Gas,Oil,Price,$/GJ,3.0813477696
2023,NGFS2023MESSAGE_NZ2050,Global,Oil&Gas,Oil,Price,$/GJ,3.2410116534
2024,NGFS2023MESSAGE_NZ2050,Global,Oil&Gas,Oil,Price,$/GJ,3.4006755372
2025,NGFS2023MESSAGE_NZ2050,Global,Oil&Gas,Oil,Price,$/GJ,3.560339421
2026,NGFS2023MESSAGE_NZ2050,Global,Oil&Gas,Oil,Price,$/GJ,3.7902513214
2027,NGFS2023MESSAGE_NZ2050,Global,Oil&Gas,Oil,Price,$/GJ,4.0201632218
2028,NGFS2023MESSAGE_NZ2050,Global,Oil&Gas,Oil,Price,$/GJ,4.2500751222
2029,NGFS2023MESSAGE_NZ2050,Global,Oil&Gas,Oil,Price,$/GJ,4.4799870226
2030,NGFS2023MESSAGE_NZ2050,Global,Oil&Gas,Oil,Price,$/GJ,4.709898923
2031,NGFS2023MESSAGE_NZ2050,Global,Oil&Gas,Oil,Price,$/GJ,4.711756462
2032,NGFS2023MESSAGE_NZ2050,Global,Oil&Gas,Oil,Price,$/GJ,4.713614001
2033,NGFS2023MESSAGE_NZ2050,Global,Oil&Gas,Oil,Price,$/GJ,4.71547154
2034,NGFS2023MESSAGE_NZ2050,Global,Oil&Gas,Oil,Price,$/GJ,4.717329079
2035,NGFS2023MESSAGE_NZ2050,Global,Oil&Gas,Oil,Price,$/GJ,4.719186618
2036,NGFS2023MESSAGE_NZ2050,Global,Oil&Gas,Oil,Price,$/GJ,5.5795931782
2037,NGFS2023MESSAGE_NZ2050,Global,Oil&Gas,Oil,Price,$/GJ,6.4399997384
2038,NGFS2023MESSAGE_NZ2050,Global,Oil&Gas,Oil,Price,$/GJ,7.3004062986
2039,NGFS2023MESSAGE_NZ2050,Global,Oil&Gas,Oil,Price,$/GJ,8.1608128588
2040,NGFS2023MESSAGE_NZ2050,Global,Oil&Gas,Oil,Price,$/GJ,9.021219419
2041,NGFS2023MESSAGE_NZ2050,Global,Oil&Gas,Oil,Price,$/GJ,7.8327427742
2042,NGFS2023MESSAGE_NZ2050,Global,Oil&Gas,Oil,Price,$/GJ,6.6442661294
2043,NGFS2023MESSAGE_NZ2050,Global,Oil&Gas,Oil,Price,$/GJ,5.4557894846
2044,NGFS2023MESSAGE_NZ2050,Global,Oil&Gas,Oil,Price,$/GJ,4.2673128398
2045,NGFS2023MESSAGE_NZ2050,Global,Oil&Gas,Oil,Price,$/GJ,3.078836195
2046,NGFS2023MESSAGE_NZ2050,Global,Oil&Gas,Oil,Price,$/GJ,3.3866075068
2047,NGFS2023MESSAGE_NZ2050,Global,Oil&Gas,Oil,Price,$/GJ,3.6943788186
2048,NGFS2023MESSAGE_NZ2050,Global,Oil&Gas,Oil,Price,$/GJ,4.0021501304
2049,NGFS2023MESSAGE_NZ2050,Global,Oil&Gas,Oil,Price,$/GJ,4.3099214422
2050,NGFS2023MESSAGE_NZ2050,Global,Oil&Gas,Oil,Price,$/GJ,4.617692754
2051,NGFS2023MESSAGE_NZ2050,Global,Oil&Gas,Oil,Price,$/GJ,4.4049132592
2052,NGFS2023MESSAGE_NZ2050,Global,Oil&Gas,Oil,Price,$/GJ,4.1921337644
2053,NGFS2023MESSAGE_NZ2050,Global,Oil&Gas,Oil,Price,$/GJ,3.9793542696
2054,NGFS2023MESSAGE_NZ2050,Global,Oil&Gas,Oil,Price,$/GJ,3.7665747748
2055,NGFS2023MESSAGE_NZ2050,Global,Oil&Gas,Oil,Price,$/GJ,3.55379528
2056,NGFS2023MESSAGE_NZ2050,Global,Oil&Gas,Oil,Price,$/GJ,3.526615524
2057,NGFS2023MESSAGE_NZ2050,Global,Oil&Gas,Oil,Price,$/GJ,3.499435768
2058,NGFS2023MESSAGE_NZ2050,Global,Oil&Gas,Oil,Price,$/GJ,3.472256012
2059,NGFS2023MESSAGE_NZ2050,Global,Oil&Gas,Oil,Price,$/GJ,3.445076256
2060,NGFS2023MESSAGE_NZ2050,Global,Oil&Gas,Oil,Price,$/GJ,3.4178965
2061,NGFS2023MESSAGE_NZ2050,Global,Oil&Gas,Oil,Price,$/GJ,3.4453924147999997
2062,NGFS2023MESSAGE_NZ2050,Global,Oil&Gas,Oil,Price,$/GJ,3.4728883296
2063,NGFS2023MESSAGE_NZ2050,Global,Oil&Gas,Oil,Price,$/GJ,3.5003842444
2064,NGFS2023MESSAGE_NZ2050,Global,Oil&Gas,Oil,Price,$/GJ,3.5278801592
2065,NGFS2023MESSAGE_NZ2050,Global,Oil&Gas,Oil,Price,$/GJ,3.555376074
2066,NGFS2023MESSAGE_NZ2050,Global,Oil&Gas,Oil,Price,$/GJ,3.5828719888
2067,NGFS2023MESSAGE_NZ2050,Global,Oil&Gas,Oil,Price,$/GJ,3.6103679036
2068,NGFS2023MESSAGE_NZ2050,Global,Oil&Gas,Oil,Price,$/GJ,3.6378638184
2069,NGFS2023MESSAGE_NZ2050,Global,Oil&Gas,Oil,Price,$/GJ,3.6653597332
2070,NGFS2023MESSAGE_NZ2050,Global,Oil&Gas,Oil,Price,$/GJ,3.692855648
2071,NGFS2023MESSAGE_NZ2050,Global,Oil&Gas,Oil,Price,$/GJ,3.7589926831
2072,NGFS2023MESSAGE_NZ2050,Global,Oil&Gas,Oil,Price,$/GJ,3.8251297182
2073,NGFS2023MESSAGE_NZ2050,Global,Oil&Gas,Oil,Price,$/GJ,3.8912667533
2074,NGFS2023MESSAGE_NZ2050,Global,Oil&Gas,Oil,Price,$/GJ,3.9574037884
2075,NGFS2023MESSAGE_NZ2050,Global,Oil&Gas,Oil,Price,$/GJ,4.023540823499999
2076,NGFS2023MESSAGE_NZ2050,Global,Oil&Gas,Oil,Price,$/GJ,4.0896778586
2077,NGFS2023MESSAGE_NZ2050,Global,Oil&Gas,Oil,Price,$/GJ,4.1558148937
2078,NGFS2023MESSAGE_NZ2050,Global,Oil&Gas,Oil,Price,$/GJ,4.221951928799999
2079,NGFS2023MESSAGE_NZ2050,Global,Oil&Gas,Oil,Price,$/GJ,4.2880889639
2080,NGFS2023MESSAGE_NZ2050,Global,Oil&Gas,Oil,Price,$/GJ,4.354225999
2081,NGFS2023MESSAGE_NZ2050,Global,Oil&Gas,Oil,Price,$/GJ,4.3562612685
2082,NGFS2023MESSAGE_NZ2050,Global,Oil&Gas,Oil,Price,$/GJ,4.358296537999999
2083,NGFS2023MESSAGE_NZ2050,Global,Oil&Gas,Oil,Price,$/GJ,4.3603318075
2084,NGFS2023MESSAGE_NZ2050,Global,Oil&Gas,Oil,Price,$/GJ,4.362367077
2085,NGFS2023MESSAGE_NZ2050,Global,Oil&Gas,Oil,Price,$/GJ,4.3644023465
2086,NGFS2023MESSAGE_NZ2050,Global,Oil&Gas,Oil,Price,$/GJ,4.366437616
2087,NGFS2023MESSAGE_NZ2050,Global,Oil&Gas,Oil,Price,$/GJ,4.3684728855
2088,NGFS2023MESSAGE_NZ2050,Global,Oil&Gas,Oil,Price,$/GJ,4.370508155
2089,NGFS2023MESSAGE_NZ2050,Global,Oil&Gas,Oil,Price,$/GJ,4.3725434245
2090,NGFS2023MESSAGE_NZ2050,Global,Oil&Gas,Oil,Price,$/GJ,4.374578694
2091,NGFS2023MESSAGE_NZ2050,Global,Oil&Gas,Oil,Price,$/GJ,4.4489546422
2092,NGFS2023MESSAGE_NZ2050,Global,Oil&Gas,Oil,Price,$/GJ,4.5233305904000005
2093,NGFS2023MESSAGE_NZ2050,Global,Oil&Gas,Oil,Price,$/GJ,4.5977065386
2094,NGFS2023MESSAGE_NZ2050,Global,Oil&Gas,Oil,Price,$/GJ,4.6720824868
2095,NGFS2023MESSAGE_NZ2050,Global,Oil&Gas,Oil,Price,$/GJ,4.746458435
2096,NGFS2023MESSAGE_NZ2050,Global,Oil&Gas,Oil,Price,$/GJ,4.8208343832
2097,NGFS2023MESSAGE_NZ2050,Global,Oil&Gas,Oil,Price,$/GJ,4.8952103314
2098,NGFS2023MESSAGE_NZ2050,Global,Oil&Gas,Oil,Price,$/GJ,4.9695862796
2099,NGFS2023MESSAGE_NZ2050,Global,Oil&Gas,Oil,Price,$/GJ,5.0439622278
2100,NGFS2023MESSAGE_NZ2050,Global,Oil&Gas,Oil,Price,$/GJ,5.118338176
2022,NGFS2023REMIND_NZ2050,Global,Oil&Gas,Oil,Price,$/GJ,11.564764924
2023,NGFS2023REMIND_NZ2050,Global,Oil&Gas,Oil,Price,$/GJ,11.751261196
2024,NGFS2023REMIND_NZ2050,Global,Oil&Gas,Oil,Price,$/GJ,11.937757468
2025,NGFS2023REMIND_NZ2050,Global,Oil&Gas,Oil,Price,$/GJ,12.12425374
2026,NGFS2023REMIND_NZ2050,Global,Oil&Gas,Oil,Price,$/GJ,12.226108748
2027,NGFS2023REMIND_NZ2050,Global,Oil&Gas,Oil,Price,$/GJ,12.327963756
2028,NGFS2023REMIND_NZ2050,Global,Oil&Gas,Oil,Price,$/GJ,12.429818764
2029,NGFS2023REMIND_NZ2050,Global,Oil&Gas,Oil,Price,$/GJ,12.531673772
2030,NGFS2023REMIND_NZ2050,Global,Oil&Gas,Oil,Price,$/GJ,12.63352878
2031,NGFS2023REMIND_NZ2050,Global,Oil&Gas,Oil,Price,$/GJ,12.564085712
2032,NGFS2023REMIND_NZ2050,Global,Oil&Gas,Oil,Price,$/GJ,12.494642644
2033,NGFS2023REMIND_NZ2050,Global,Oil&Gas,Oil,Price,$/GJ,12.425199576
2034,NGFS2023REMIND_NZ2050,Global,Oil&Gas,Oil,Price,$/GJ,12.355756508
2035,NGFS2023REMIND_NZ2050,Global,Oil&Gas,Oil,Price,$/GJ,12.28631344
2036,NGFS2023REMIND_NZ2050,Global,Oil&Gas,Oil,Price,$/GJ,12.422320096
2037,NGFS2023REMIND_NZ2050,Global,Oil&Gas,Oil,Price,$/GJ,12.558326752
2038,NGFS2023REMIND_NZ2050,Global,Oil&Gas,Oil,Price,$/GJ,12.694333408
2039,NGFS2023REMIND_NZ2050,Global,Oil&Gas,Oil,Price,$/GJ,12.830340064
2040,NGFS2023REMIND_NZ2050,Global,Oil&Gas,Oil,Price,$/GJ,12.96634672
2041,NGFS2023REMIND_NZ2050,Global,Oil&Gas,Oil,Price,$/GJ,13.138483334
2042,NGFS2023REMIND_NZ2050,Global,Oil&Gas,Oil,Price,$/GJ,13.310619948
2043,NGFS2023REMIND_NZ2050,Global,Oil&Gas,Oil,Price,$/GJ,13.482756562
2044,NGFS2023REMIND_NZ2050,Global,Oil&Gas,Oil,Price,$/GJ,13.654893176
2045,NGFS2023REMIND_NZ2050,Global,Oil&Gas,Oil,Price,$/GJ,13.82702979
2046,NGFS2023REMIND_NZ2050,Global,Oil&Gas,Oil,Price,$/GJ,13.962649312
2047,NGFS2023REMIND_NZ2050,Global,Oil&Gas,Oil,Price,$/GJ,14.098268834
2048,NGFS2023REMIND_NZ2050,Global,Oil&Gas,Oil,Price,$/GJ,14.233888356
2049,NGFS2023REMIND_NZ2050,Global,Oil&Gas,Oil,Price,$/GJ,14.369507878
2050,NGFS2023REMIND_NZ2050,Global,Oil&Gas,Oil,Price,$/GJ,14.5051274
2051,NGFS2023REMIND_NZ2050,Global,Oil&Gas,Oil,Price,$/GJ,14.594323446
2052,NGFS2023REMIND_NZ2050,Global,Oil&Gas,Oil,Price,$/GJ,14.683519492
2053,NGFS2023REMIND_NZ2050,Global,Oil&Gas,Oil,Price,$/GJ,14.772715538
2054,NGFS2023REMIND_NZ2050,Global,Oil&Gas,Oil,Price,$/GJ,14.861911584
2055,NGFS2023REMIND_NZ2050,Global,Oil&Gas,Oil,Price,$/GJ,14.95110763
2056,NGFS2023REMIND_NZ2050,Global,Oil&Gas,Oil,Price,$/GJ,15.304368796
2057,NGFS2023REMIND_NZ2050,Global,Oil&Gas,Oil,Price,$/GJ,15.657629962
2058,NGFS2023REMIND_NZ2050,Global,Oil&Gas,Oil,Price,$/GJ,16.010891128
2059,NGFS2023REMIND_NZ2050,Global,Oil&Gas,Oil,Price,$/GJ,16.364152294
2060,NGFS2023REMIND_NZ2050,Global,Oil&Gas,Oil,Price,$/GJ,16.71741346
2061,NGFS2023REMIND_NZ2050,Global,Oil&Gas,Oil,Price,$/GJ,16.604488705
2062,NGFS2023REMIND_NZ2050,Global,Oil&Gas,Oil,Price,$/GJ,16.49156395
2063,NGFS2023REMIND_NZ2050,Global,Oil&Gas,Oil,Price,$/GJ,16.378639194999998
2064,NGFS2023REMIND_NZ2050,Global,Oil&Gas,Oil,Price,$/GJ,16.26571444
2065,NGFS2023REMIND_NZ2050,Global,Oil&Gas,Oil,Price,$/GJ,16.152789685000002
2066,NGFS2023REMIND_NZ2050,Global,Oil&Gas,Oil,Price,$/GJ,16.03986493
2067,NGFS2023REMIND_NZ2050,Global,Oil&Gas,Oil,Price,$/GJ,15.926940175
2068,NGFS2023REMIND_NZ2050,Global,Oil&Gas,Oil,Price,$/GJ,15.81401542
2069,NGFS2023REMIND_NZ2050,Global,Oil&Gas,Oil,Price,$/GJ,15.701090665
2070,NGFS2023REMIND_NZ2050,Global,Oil&Gas,Oil,Price,$/GJ,15.58816591
2071,NGFS2023REMIND_NZ2050,Global,Oil&Gas,Oil,Price,$/GJ,15.590271414
2072,NGFS2023REMIND_NZ2050,Global,Oil&Gas,Oil,Price,$/GJ,15.592376918
2073,NGFS2023REMIND_NZ2050,Global,Oil&Gas,Oil,Price,$/GJ,15.594482422
2074,NGFS2023REMIND_NZ2050,Global,Oil&Gas,Oil,Price,$/GJ,15.596587926
2075,NGFS2023REMIND_NZ2050,Global,Oil&Gas,Oil,Price,$/GJ,15.59869343
2076,NGFS2023REMIND_NZ2050,Global,Oil&Gas,Oil,Price,$/GJ,15.600798934
2077,NGFS2023REMIND_NZ2050,Global,Oil&Gas,Oil,Price,$/GJ,15.602904438
2078,NGFS2023REMIND_NZ2050,Global,Oil&Gas,Oil,Price,$/GJ,15.605009942
2079,NGFS2023REMIND_NZ2050,Global,Oil&Gas,Oil,Price,$/GJ,15.607115446
2080,NGFS2023REMIND_NZ2050,Global,Oil&Gas,Oil,Price,$/GJ,15.60922095
2081,NGFS2023REMIND_NZ2050,Global,Oil&Gas,Oil,Price,$/GJ,15.597551562
2082,NGFS2023REMIND_NZ2050,Global,Oil&Gas,Oil,Price,$/GJ,15.585882174
2083,NGFS2023REMIND_NZ2050,Global,Oil&Gas,Oil,Price,$/GJ,15.574212786
2084,NGFS2023REMIND_NZ2050,Global,Oil&Gas,Oil,Price,$/GJ,15.562543398
2085,NGFS2023REMIND_NZ2050,Global,Oil&Gas,Oil,Price,$/GJ,15.55087401
2086,NGFS2023REMIND_NZ2050,Global,Oil&Gas,Oil,Price,$/GJ,15.539204622
2087,NGFS2023REMIND_NZ2050,Global,Oil&Gas,Oil,Price,$/GJ,15.527535234
2088,NGFS2023REMIND_NZ2050,Global,Oil&Gas,Oil,Price,$/GJ,15.515865846
2089,NGFS2023REMIND_NZ2050,Global,Oil&Gas,Oil,Price,$/GJ,15.504196458
2090,NGFS2023REMIND_NZ2050,Global,Oil&Gas,Oil,Price,$/GJ,15.49252707
2091,NGFS2023REMIND_NZ2050,Global,Oil&Gas,Oil,Price,$/GJ,15.518809254
2092,NGFS2023REMIND_NZ2050,Global,Oil&Gas,Oil,Price,$/GJ,15.545091438
2093,NGFS2023REMIND_NZ2050,Global,Oil&Gas,Oil,Price,$/GJ,15.571373622
2094,NGFS2023REMIND_NZ2050,Global,Oil&Gas,Oil,Price,$/GJ,15.597655806
2095,NGFS2023REMIND_NZ2050,Global,Oil&Gas,Oil,Price,$/GJ,15.62393799
2096,NGFS2023REMIND_NZ2050,Global,Oil&Gas,Oil,Price,$/GJ,15.650220174
2097,NGFS2023REMIND_NZ2050,Global,Oil&Gas,Oil,Price,$/GJ,15.676502358
2098,NGFS2023REMIND_NZ2050,Global,Oil&Gas,Oil,Price,$/GJ,15.702784542
2099,NGFS2023REMIND_NZ2050,Global,Oil&Gas,Oil,Price,$/GJ,15.729066726
2100,NGFS2023REMIND_NZ2050,Global,Oil&Gas,Oil,Price,$/GJ,15.75534891
2022,NGFS2023GCAM_B2DS,Global,Coal,Coal,Price,$/tonnes,59.22554127733156
2023,NGFS2023GCAM_B2DS,Global,Coal,Coal,Price,$/tonnes,60.63406922745292
2024,NGFS2023GCAM_B2DS,Global,Coal,Coal,Price,$/tonnes,62.04259717757429
2025,NGFS2023GCAM_B2DS,Global,Coal,Coal,Price,$/tonnes,63.451125127695654
2026,NGFS2023GCAM_B2DS,Global,Coal,Coal,Price,$/tonnes,64.08292345171931
2027,NGFS2023GCAM_B2DS,Global,Coal,Coal,Price,$/tonnes,64.71472177574296
2028,NGFS2023GCAM_B2DS,Global,Coal,Coal,Price,$/tonnes,65.34652009976664
2029,NGFS2023GCAM_B2DS,Global,Coal,Coal,Price,$/tonnes,65.97831842379028
2030,NGFS2023GCAM_B2DS,Global,Coal,Coal,Price,$/tonnes,66.61011674781393
2031,NGFS2023GCAM_B2DS,Global,Coal,Coal,Price,$/tonnes,66.90622246928274
2032,NGFS2023GCAM_B2DS,Global,Coal,Coal,Price,$/tonnes,67.20232819075154
2033,NGFS2023GCAM_B2DS,Global,Coal,Coal,Price,$/tonnes,67.49843391222035
2034,NGFS2023GCAM_B2DS,Global,Coal,Coal,Price,$/tonnes,67.79453963368915
2035,NGFS2023GCAM_B2DS,Global,Coal,Coal,Price,$/tonnes,68.09064535515796
2036,NGFS2023GCAM_B2DS,Global,Coal,Coal,Price,$/tonnes,68.41988331661965
2037,NGFS2023GCAM_B2DS,Global,Coal,Coal,Price,$/tonnes,68.74912127808133
2038,NGFS2023GCAM_B2DS,Global,Coal,Coal,Price,$/tonnes,69.07835923954302
2039,NGFS2023GCAM_B2DS,Global,Coal,Coal,Price,$/tonnes,69.40759720100469
2040,NGFS2023GCAM_B2DS,Global,Coal,Coal,Price,$/tonnes,69.73683516246638
2041,NGFS2023GCAM_B2DS,Global,Coal,Coal,Price,$/tonnes,70.81266357346367
2042,NGFS2023GCAM_B2DS,Global,Coal,Coal,Price,$/tonnes,71.88849198446096
2043,NGFS2023GCAM_B2DS,Global,Coal,Coal,Price,$/tonnes,72.96432039545824
2044,NGFS2023GCAM_B2DS,Global,Coal,Coal,Price,$/tonnes,74.04014880645555
2045,NGFS2023GCAM_B2DS,Global,Coal,Coal,Price,$/tonnes,75.11597721745284
2046,NGFS2023GCAM_B2DS,Global,Coal,Coal,Price,$/tonnes,76.41101341741721
2047,NGFS2023GCAM_B2DS,Global,Coal,Coal,Price,$/tonnes,77.70604961738161
2048,NGFS2023GCAM_B2DS,Global,Coal,Coal,Price,$/tonnes,79.00108581734598
2049,NGFS2023GCAM_B2DS,Global,Coal,Coal,Price,$/tonnes,80.29612201731038
2050,NGFS2023GCAM_B2DS,Global,Coal,Coal,Price,$/tonnes,81.59115821727475
2051,NGFS2023GCAM_B2DS,Global,Coal,Coal,Price,$/tonnes,82.68262014522159
2052,NGFS2023GCAM_B2DS,Global,Coal,Coal,Price,$/tonnes,83.77408207316843
2053,NGFS2023GCAM_B2DS,Global,Coal,Coal,Price,$/tonnes,84.86554400111528
2054,NGFS2023GCAM_B2DS,Global,Coal,Coal,Price,$/tonnes,85.95700592906212
2055,NGFS2023GCAM_B2DS,Global,Coal,Coal,Price,$/tonnes,87.04846785700896
2056,NGFS2023GCAM_B2DS,Global,Coal,Coal,Price,$/tonnes,88.47168165821608
2057,NGFS2023GCAM_B2DS,Global,Coal,Coal,Price,$/tonnes,89.89489545942322
2058,NGFS2023GCAM_B2DS,Global,Coal,Coal,Price,$/tonnes,91.31810926063037
2059,NGFS2023GCAM_B2DS,Global,Coal,Coal,Price,$/tonnes,92.7413230618375
2060,NGFS2023GCAM_B2DS,Global,Coal,Coal,Price,$/tonnes,94.16453686304465
2061,NGFS2023GCAM_B2DS,Global,Coal,Coal,Price,$/tonnes,95.95476228690052
2062,NGFS2023GCAM_B2DS,Global,Coal,Coal,Price,$/tonnes,97.74498771075642
2063,NGFS2023GCAM_B2DS,Global,Coal,Coal,Price,$/tonnes,99.5352131346123
2064,NGFS2023GCAM_B2DS,Global,Coal,Coal,Price,$/tonnes,101.3254385584682
2065,NGFS2023GCAM_B2DS,Global,Coal,Coal,Price,$/tonnes,103.11566398232412
2066,NGFS2023GCAM_B2DS,Global,Coal,Coal,Price,$/tonnes,104.18207660099908
2067,NGFS2023GCAM_B2DS,Global,Coal,Coal,Price,$/tonnes,105.24848921967404
2068,NGFS2023GCAM_B2DS,Global,Coal,Coal,Price,$/tonnes,106.314901838349
2069,NGFS2023GCAM_B2DS,Global,Coal,Coal,Price,$/tonnes,107.38131445702396
2070,NGFS2023GCAM_B2DS,Global,Coal,Coal,Price,$/tonnes,108.44772707569892
2071,NGFS2023GCAM_B2DS,Global,Coal,Coal,Price,$/tonnes,110.54950209233448
2072,NGFS2023GCAM_B2DS,Global,Coal,Coal,Price,$/tonnes,112.65127710897008
2073,NGFS2023GCAM_B2DS,Global,Coal,Coal,Price,$/tonnes,114.75305212560566
2074,NGFS2023GCAM_B2DS,Global,Coal,Coal,Price,$/tonnes,116.85482714224123
2075,NGFS2023GCAM_B2DS,Global,Coal,Coal,Price,$/tonnes,118.95660215887682
2076,NGFS2023GCAM_B2DS,Global,Coal,Coal,Price,$/tonnes,117.01672897004656
2077,NGFS2023GCAM_B2DS,Global,Coal,Coal,Price,$/tonnes,115.07685578121632
2078,NGFS2023GCAM_B2DS,Global,Coal,Coal,Price,$/tonnes,113.13698259238603
2079,NGFS2023GCAM_B2DS,Global,Coal,Coal,Price,$/tonnes,111.1971094035558
2080,NGFS2023GCAM_B2DS,Global,Coal,Coal,Price,$/tonnes,109.25723621472554
2081,NGFS2023GCAM_B2DS,Global,Coal,Coal,Price,$/tonnes,107.37994613351576
2082,NGFS2023GCAM_B2DS,Global,Coal,Coal,Price,$/tonnes,105.50265605230602
2083,NGFS2023GCAM_B2DS,Global,Coal,Coal,Price,$/tonnes,103.62536597109624
2084,NGFS2023GCAM_B2DS,Global,Coal,Coal,Price,$/tonnes,101.7480758898865
2085,NGFS2023GCAM_B2DS,Global,Coal,Coal,Price,$/tonnes,99.87078580867671
2086,NGFS2023GCAM_B2DS,Global,Coal,Coal,Price,$/tonnes,98.73499159434482
2087,NGFS2023GCAM_B2DS,Global,Coal,Coal,Price,$/tonnes,97.59919738001292
2088,NGFS2023GCAM_B2DS,Global,Coal,Coal,Price,$/tonnes,96.46340316568102
2089,NGFS2023GCAM_B2DS,Global,Coal,Coal,Price,$/tonnes,95.32760895134912
2090,NGFS2023GCAM_B2DS,Global,Coal,Coal,Price,$/tonnes,94.1918147370172
2091,NGFS2023GCAM_B2DS,Global,Coal,Coal,Price,$/tonnes,93.42633952169186
2092,NGFS2023GCAM_B2DS,Global,Coal,Coal,Price,$/tonnes,92.6608643063665
2093,NGFS2023GCAM_B2DS,Global,Coal,Coal,Price,$/tonnes,91.89538909104114
2094,NGFS2023GCAM_B2DS,Global,Coal,Coal,Price,$/tonnes,91.1299138757158
2095,NGFS2023GCAM_B2DS,Global,Coal,Coal,Price,$/tonnes,90.36443866039043
2096,NGFS2023GCAM_B2DS,Global,Coal,Coal,Price,$/tonnes,89.80759448893615
2097,NGFS2023GCAM_B2DS,Global,Coal,Coal,Price,$/tonnes,89.25075031748187
2098,NGFS2023GCAM_B2DS,Global,Coal,Coal,Price,$/tonnes,88.6939061460276
2099,NGFS2023GCAM_B2DS,Global,Coal,Coal,Price,$/tonnes,88.13706197457333
2100,NGFS2023GCAM_B2DS,Global,Coal,Coal,Price,$/tonnes,87.58021780311904
2022,NGFS2023MESSAGE_B2DS,Global,Coal,Coal,Price,$/tonnes,69.45393493027113
2023,NGFS2023MESSAGE_B2DS,Global,Coal,Coal,Price,$/tonnes,69.03817324318878
2024,NGFS2023MESSAGE_B2DS,Global,Coal,Coal,Price,$/tonnes,68.62241155610643
2025,NGFS2023MESSAGE_B2DS,Global,Coal,Coal,Price,$/tonnes,68.20664986902406
2026,NGFS2023MESSAGE_B2DS,Global,Coal,Coal,Price,$/tonnes,63.661292297725375
2027,NGFS2023MESSAGE_B2DS,Global,Coal,Coal,Price,$/tonnes,59.115934726426666
2028,NGFS2023MESSAGE_B2DS,Global,Coal,Coal,Price,$/tonnes,54.57057715512797
2029,NGFS2023MESSAGE_B2DS,Global,Coal,Coal,Price,$/tonnes,50.02521958382928
2030,NGFS2023MESSAGE_B2DS,Global,Coal,Coal,Price,$/tonnes,45.479862012530575
2031,NGFS2023MESSAGE_B2DS,Global,Coal,Coal,Price,$/tonnes,46.67303806150948
2032,NGFS2023MESSAGE_B2DS,Global,Coal,Coal,Price,$/tonnes,47.86621411048838
2033,NGFS2023MESSAGE_B2DS,Global,Coal,Coal,Price,$/tonnes,49.05939015946728
2034,NGFS2023MESSAGE_B2DS,Global,Coal,Coal,Price,$/tonnes,50.25256620844619
2035,NGFS2023MESSAGE_B2DS,Global,Coal,Coal,Price,$/tonnes,51.44574225742509
2036,NGFS2023MESSAGE_B2DS,Global,Coal,Coal,Price,$/tonnes,51.97202427506349
2037,NGFS2023MESSAGE_B2DS,Global,Coal,Coal,Price,$/tonnes,52.49830629270189
2038,NGFS2023MESSAGE_B2DS,Global,Coal,Coal,Price,$/tonnes,53.0245883103403
2039,NGFS2023MESSAGE_B2DS,Global,Coal,Coal,Price,$/tonnes,53.55087032797871
2040,NGFS2023MESSAGE_B2DS,Global,Coal,Coal,Price,$/tonnes,54.07715234561711
2041,NGFS2023MESSAGE_B2DS,Global,Coal,Coal,Price,$/tonnes,56.51518006260602
2042,NGFS2023MESSAGE_B2DS,Global,Coal,Coal,Price,$/tonnes,58.95320777959494
2043,NGFS2023MESSAGE_B2DS,Global,Coal,Coal,Price,$/tonnes,61.39123549658384
2044,NGFS2023MESSAGE_B2DS,Global,Coal,Coal,Price,$/tonnes,63.82926321357276
2045,NGFS2023MESSAGE_B2DS,Global,Coal,Coal,Price,$/tonnes,66.26729093056167
2046,NGFS2023MESSAGE_B2DS,Global,Coal,Coal,Price,$/tonnes,66.97909341933851
2047,NGFS2023MESSAGE_B2DS,Global,Coal,Coal,Price,$/tonnes,67.69089590811535
2048,NGFS2023MESSAGE_B2DS,Global,Coal,Coal,Price,$/tonnes,68.40269839689218
2049,NGFS2023MESSAGE_B2DS,Global,Coal,Coal,Price,$/tonnes,69.11450088566903
2050,NGFS2023MESSAGE_B2DS,Global,Coal,Coal,Price,$/tonnes,69.82630337444587
2051,NGFS2023MESSAGE_B2DS,Global,Coal,Coal,Price,$/tonnes,73.06364328039625
2052,NGFS2023MESSAGE_B2DS,Global,Coal,Coal,Price,$/tonnes,76.30098318634663
2053,NGFS2023MESSAGE_B2DS,Global,Coal,Coal,Price,$/tonnes,79.53832309229702
2054,NGFS2023MESSAGE_B2DS,Global,Coal,Coal,Price,$/tonnes,82.7756629982474
2055,NGFS2023MESSAGE_B2DS,Global,Coal,Coal,Price,$/tonnes,86.01300290419778
2056,NGFS2023MESSAGE_B2DS,Global,Coal,Coal,Price,$/tonnes,86.58224667054048
2057,NGFS2023MESSAGE_B2DS,Global,Coal,Coal,Price,$/tonnes,87.15149043688318
2058,NGFS2023MESSAGE_B2DS,Global,Coal,Coal,Price,$/tonnes,87.7207342032259
2059,NGFS2023MESSAGE_B2DS,Global,Coal,Coal,Price,$/tonnes,88.2899779695686
2060,NGFS2023MESSAGE_B2DS,Global,Coal,Coal,Price,$/tonnes,88.8592217359113
2061,NGFS2023MESSAGE_B2DS,Global,Coal,Coal,Price,$/tonnes,91.03101319775725
2062,NGFS2023MESSAGE_B2DS,Global,Coal,Coal,Price,$/tonnes,93.20280465960316
2063,NGFS2023MESSAGE_B2DS,Global,Coal,Coal,Price,$/tonnes,95.37459612144912
2064,NGFS2023MESSAGE_B2DS,Global,Coal,Coal,Price,$/tonnes,97.54638758329506
2065,NGFS2023MESSAGE_B2DS,Global,Coal,Coal,Price,$/tonnes,99.718179045141
2066,NGFS2023MESSAGE_B2DS,Global,Coal,Coal,Price,$/tonnes,101.88997050698694
2067,NGFS2023MESSAGE_B2DS,Global,Coal,Coal,Price,$/tonnes,104.06176196883288
2068,NGFS2023MESSAGE_B2DS,Global,Coal,Coal,Price,$/tonnes,106.23355343067882
2069,NGFS2023MESSAGE_B2DS,Global,Coal,Coal,Price,$/tonnes,108.40534489252477
2070,NGFS2023MESSAGE_B2DS,Global,Coal,Coal,Price,$/tonnes,110.5771363543707
2071,NGFS2023MESSAGE_B2DS,Global,Coal,Coal,Price,$/tonnes,111.59898733235548
2072,NGFS2023MESSAGE_B2DS,Global,Coal,Coal,Price,$/tonnes,112.6208383103403
2073,NGFS2023MESSAGE_B2DS,Global,Coal,Coal,Price,$/tonnes,113.6426892883251
2074,NGFS2023MESSAGE_B2DS,Global,Coal,Coal,Price,$/tonnes,114.6645402663099
2075,NGFS2023MESSAGE_B2DS,Global,Coal,Coal,Price,$/tonnes,115.6863912442947
2076,NGFS2023MESSAGE_B2DS,Global,Coal,Coal,Price,$/tonnes,116.7082422222795
2077,NGFS2023MESSAGE_B2DS,Global,Coal,Coal,Price,$/tonnes,117.73009320026428
2078,NGFS2023MESSAGE_B2DS,Global,Coal,Coal,Price,$/tonnes,118.7519441782491
2079,NGFS2023MESSAGE_B2DS,Global,Coal,Coal,Price,$/tonnes,119.7737951562339
2080,NGFS2023MESSAGE_B2DS,Global,Coal,Coal,Price,$/tonnes,120.79564613421869
2081,NGFS2023MESSAGE_B2DS,Global,Coal,Coal,Price,$/tonnes,119.15024419746204
2082,NGFS2023MESSAGE_B2DS,Global,Coal,Coal,Price,$/tonnes,117.50484226070536
2083,NGFS2023MESSAGE_B2DS,Global,Coal,Coal,Price,$/tonnes,115.85944032394868
2084,NGFS2023MESSAGE_B2DS,Global,Coal,Coal,Price,$/tonnes,114.214038387192
2085,NGFS2023MESSAGE_B2DS,Global,Coal,Coal,Price,$/tonnes,112.56863645043532
2086,NGFS2023MESSAGE_B2DS,Global,Coal,Coal,Price,$/tonnes,110.92323451367866
2087,NGFS2023MESSAGE_B2DS,Global,Coal,Coal,Price,$/tonnes,109.277832576922
2088,NGFS2023MESSAGE_B2DS,Global,Coal,Coal,Price,$/tonnes,107.63243064016532
2089,NGFS2023MESSAGE_B2DS,Global,Coal,Coal,Price,$/tonnes,105.98702870340864
2090,NGFS2023MESSAGE_B2DS,Global,Coal,Coal,Price,$/tonnes,104.34162676665196
2091,NGFS2023MESSAGE_B2DS,Global,Coal,Coal,Price,$/tonnes,106.28308743814377
2092,NGFS2023MESSAGE_B2DS,Global,Coal,Coal,Price,$/tonnes,108.2245481096355
2093,NGFS2023MESSAGE_B2DS,Global,Coal,Coal,Price,$/tonnes,110.16600878112727
2094,NGFS2023MESSAGE_B2DS,Global,Coal,Coal,Price,$/tonnes,112.10746945261904
2095,NGFS2023MESSAGE_B2DS,Global,Coal,Coal,Price,$/tonnes,114.0489301241108
2096,NGFS2023MESSAGE_B2DS,Global,Coal,Coal,Price,$/tonnes,115.99039079560256
2097,NGFS2023MESSAGE_B2DS,Global,Coal,Coal,Price,$/tonnes,117.93185146709432
2098,NGFS2023MESSAGE_B2DS,Global,Coal,Coal,Price,$/tonnes,119.8733121385861
2099,NGFS2023MESSAGE_B2DS,Global,Coal,Coal,Price,$/tonnes,121.81477281007788
2100,NGFS2023MESSAGE_B2DS,Global,Coal,Coal,Price,$/tonnes,123.75623348156964
2022,NGFS2023REMIND_B2DS,Global,Coal,Coal,Price,$/tonnes,61.066844077732675
2023,NGFS2023REMIND_B2DS,Global,Coal,Coal,Price,$/tonnes,61.80811219528768
2024,NGFS2023REMIND_B2DS,Global,Coal,Coal,Price,$/tonnes,62.549380312842665
2025,NGFS2023REMIND_B2DS,Global,Coal,Coal,Price,$/tonnes,63.29064843039765
2026,NGFS2023REMIND_B2DS,Global,Coal,Coal,Price,$/tonnes,61.07458314979522
2027,NGFS2023REMIND_B2DS,Global,Coal,Coal,Price,$/tonnes,58.85851786919277
2028,NGFS2023REMIND_B2DS,Global,Coal,Coal,Price,$/tonnes,56.64245258859033
2029,NGFS2023REMIND_B2DS,Global,Coal,Coal,Price,$/tonnes,54.42638730798789
2030,NGFS2023REMIND_B2DS,Global,Coal,Coal,Price,$/tonnes,52.210322027385445
2031,NGFS2023REMIND_B2DS,Global,Coal,Coal,Price,$/tonnes,51.22944319417239
2032,NGFS2023REMIND_B2DS,Global,Coal,Coal,Price,$/tonnes,50.248564360959335
2033,NGFS2023REMIND_B2DS,Global,Coal,Coal,Price,$/tonnes,49.26768552774627
2034,NGFS2023REMIND_B2DS,Global,Coal,Coal,Price,$/tonnes,48.28680669453322
2035,NGFS2023REMIND_B2DS,Global,Coal,Coal,Price,$/tonnes,47.30592786132016
2036,NGFS2023REMIND_B2DS,Global,Coal,Coal,Price,$/tonnes,46.15445728755658
2037,NGFS2023REMIND_B2DS,Global,Coal,Coal,Price,$/tonnes,45.00298671379301
2038,NGFS2023REMIND_B2DS,Global,Coal,Coal,Price,$/tonnes,43.851516140029425
2039,NGFS2023REMIND_B2DS,Global,Coal,Coal,Price,$/tonnes,42.70004556626585
2040,NGFS2023REMIND_B2DS,Global,Coal,Coal,Price,$/tonnes,41.548574992502274
2041,NGFS2023REMIND_B2DS,Global,Coal,Coal,Price,$/tonnes,41.57666067043739
2042,NGFS2023REMIND_B2DS,Global,Coal,Coal,Price,$/tonnes,41.60474634837252
2043,NGFS2023REMIND_B2DS,Global,Coal,Coal,Price,$/tonnes,41.632832026307646
2044,NGFS2023REMIND_B2DS,Global,Coal,Coal,Price,$/tonnes,41.66091770424278
2045,NGFS2023REMIND_B2DS,Global,Coal,Coal,Price,$/tonnes,41.689003382177894
2046,NGFS2023REMIND_B2DS,Global,Coal,Coal,Price,$/tonnes,42.10070862308925
2047,NGFS2023REMIND_B2DS,Global,Coal,Coal,Price,$/tonnes,42.5124138640006
2048,NGFS2023REMIND_B2DS,Global,Coal,Coal,Price,$/tonnes,42.924119104911945
2049,NGFS2023REMIND_B2DS,Global,Coal,Coal,Price,$/tonnes,43.3358243458233
2050,NGFS2023REMIND_B2DS,Global,Coal,Coal,Price,$/tonnes,43.74752958673464
2051,NGFS2023REMIND_B2DS,Global,Coal,Coal,Price,$/tonnes,42.90612400303658
2052,NGFS2023REMIND_B2DS,Global,Coal,Coal,Price,$/tonnes,42.06471841933851
2053,NGFS2023REMIND_B2DS,Global,Coal,Coal,Price,$/tonnes,41.22331283564044
2054,NGFS2023REMIND_B2DS,Global,Coal,Coal,Price,$/tonnes,40.38190725194237
2055,NGFS2023REMIND_B2DS,Global,Coal,Coal,Price,$/tonnes,39.54050166824431
2056,NGFS2023REMIND_B2DS,Global,Coal,Coal,Price,$/tonnes,43.05581565314576
2057,NGFS2023REMIND_B2DS,Global,Coal,Coal,Price,$/tonnes,46.57112963804722
2058,NGFS2023REMIND_B2DS,Global,Coal,Coal,Price,$/tonnes,50.086443622948664
2059,NGFS2023REMIND_B2DS,Global,Coal,Coal,Price,$/tonnes,53.60175760785012
2060,NGFS2023REMIND_B2DS,Global,Coal,Coal,Price,$/tonnes,57.11707159275157
2061,NGFS2023REMIND_B2DS,Global,Coal,Coal,Price,$/tonnes,57.026195767415814
2062,NGFS2023REMIND_B2DS,Global,Coal,Coal,Price,$/tonnes,56.935319942080056
2063,NGFS2023REMIND_B2DS,Global,Coal,Coal,Price,$/tonnes,56.8444441167443
2064,NGFS2023REMIND_B2DS,Global,Coal,Coal,Price,$/tonnes,56.75356829140854
2065,NGFS2023REMIND_B2DS,Global,Coal,Coal,Price,$/tonnes,56.662692466072784
2066,NGFS2023REMIND_B2DS,Global,Coal,Coal,Price,$/tonnes,56.57181664073702
2067,NGFS2023REMIND_B2DS,Global,Coal,Coal,Price,$/tonnes,56.48094081540126
2068,NGFS2023REMIND_B2DS,Global,Coal,Coal,Price,$/tonnes,56.390064990065504
2069,NGFS2023REMIND_B2DS,Global,Coal,Coal,Price,$/tonnes,56.299189164729746
2070,NGFS2023REMIND_B2DS,Global,Coal,Coal,Price,$/tonnes,56.20831333939399
2071,NGFS2023REMIND_B2DS,Global,Coal,Coal,Price,$/tonnes,56.11916772298709
2072,NGFS2023REMIND_B2DS,Global,Coal,Coal,Price,$/tonnes,56.03002210658019
2073,NGFS2023REMIND_B2DS,Global,Coal,Coal,Price,$/tonnes,55.94087649017328
2074,NGFS2023REMIND_B2DS,Global,Coal,Coal,Price,$/tonnes,55.851730873766385
2075,NGFS2023REMIND_B2DS,Global,Coal,Coal,Price,$/tonnes,55.76258525735948
2076,NGFS2023REMIND_B2DS,Global,Coal,Coal,Price,$/tonnes,55.67343964095258
2077,NGFS2023REMIND_B2DS,Global,Coal,Coal,Price,$/tonnes,55.58429402454568
2078,NGFS2023REMIND_B2DS,Global,Coal,Coal,Price,$/tonnes,55.495148408138775
2079,NGFS2023REMIND_B2DS,Global,Coal,Coal,Price,$/tonnes,55.40600279173188
2080,NGFS2023REMIND_B2DS,Global,Coal,Coal,Price,$/tonnes,55.31685717532497
2081,NGFS2023REMIND_B2DS,Global,Coal,Coal,Price,$/tonnes,55.50642868314136
2082,NGFS2023REMIND_B2DS,Global,Coal,Coal,Price,$/tonnes,55.69600019095773
2083,NGFS2023REMIND_B2DS,Global,Coal,Coal,Price,$/tonnes,55.885571698774115
2084,NGFS2023REMIND_B2DS,Global,Coal,Coal,Price,$/tonnes,56.07514320659049
2085,NGFS2023REMIND_B2DS,Global,Coal,Coal,Price,$/tonnes,56.26471471440688
2086,NGFS2023REMIND_B2DS,Global,Coal,Coal,Price,$/tonnes,56.45428622222326
2087,NGFS2023REMIND_B2DS,Global,Coal,Coal,Price,$/tonnes,56.643857730039635
2088,NGFS2023REMIND_B2DS,Global,Coal,Coal,Price,$/tonnes,56.833429237856016
2089,NGFS2023REMIND_B2DS,Global,Coal,Coal,Price,$/tonnes,57.0230007456724
2090,NGFS2023REMIND_B2DS,Global,Coal,Coal,Price,$/tonnes,57.21257225348878
2091,NGFS2023REMIND_B2DS,Global,Coal,Coal,Price,$/tonnes,56.60004637754336
2092,NGFS2023REMIND_B2DS,Global,Coal,Coal,Price,$/tonnes,55.98752050159795
2093,NGFS2023REMIND_B2DS,Global,Coal,Coal,Price,$/tonnes,55.37499462565253
2094,NGFS2023REMIND_B2DS,Global,Coal,Coal,Price,$/tonnes,54.76246874970711
2095,NGFS2023REMIND_B2DS,Global,Coal,Coal,Price,$/tonnes,54.149942873761695
2096,NGFS2023REMIND_B2DS,Global,Coal,Coal,Price,$/tonnes,53.53741699781629
2097,NGFS2023REMIND_B2DS,Global,Coal,Coal,Price,$/tonnes,52.924891121870864
2098,NGFS2023REMIND_B2DS,Global,Coal,Coal,Price,$/tonnes,52.31236524592545
2099,NGFS2023REMIND_B2DS,Global,Coal,Coal,Price,$/tonnes,51.69983936998003
2100,NGFS2023REMIND_B2DS,Global,Coal,Coal,Price,$/tonnes,51.08731349403462
2022,NGFS2023GCAM_CP,Global,Coal,Coal,Price,$/tonnes,57.03917297725376
2023,NGFS2023GCAM_CP,Global,Coal,Coal,Price,$/tonnes,57.35451381924854
2024,NGFS2023GCAM_CP,Global,Coal,Coal,Price,$/tonnes,57.6698546612433
2025,NGFS2023GCAM_CP,Global,Coal,Coal,Price,$/tonnes,57.985195503238074
2026,NGFS2023GCAM_CP,Global,Coal,Coal,Price,$/tonnes,58.417759673239665
2027,NGFS2023GCAM_CP,Global,Coal,Coal,Price,$/tonnes,58.85032384324127
2028,NGFS2023GCAM_CP,Global,Coal,Coal,Price,$/tonnes,59.282888013242854
2029,NGFS2023GCAM_CP,Global,Coal,Coal,Price,$/tonnes,59.715452183244444
2030,NGFS2023GCAM_CP,Global,Coal,Coal,Price,$/tonnes,60.14801635324604
2031,NGFS2023GCAM_CP,Global,Coal,Coal,Price,$/tonnes,60.539911866559194
2032,NGFS2023GCAM_CP,Global,Coal,Coal,Price,$/tonnes,60.931807379872346
2033,NGFS2023GCAM_CP,Global,Coal,Coal,Price,$/tonnes,61.3237028931855
2034,NGFS2023GCAM_CP,Global,Coal,Coal,Price,$/tonnes,61.71559840649866
2035,NGFS2023GCAM_CP,Global,Coal,Coal,Price,$/tonnes,62.10749391981181
2036,NGFS2023GCAM_CP,Global,Coal,Coal,Price,$/tonnes,62.28684010628028
2037,NGFS2023GCAM_CP,Global,Coal,Coal,Price,$/tonnes,62.466186292748766
2038,NGFS2023GCAM_CP,Global,Coal,Coal,Price,$/tonnes,62.64553247921724
2039,NGFS2023GCAM_CP,Global,Coal,Coal,Price,$/tonnes,62.82487866568571
2040,NGFS2023GCAM_CP,Global,Coal,Coal,Price,$/tonnes,63.00422485215419
2041,NGFS2023GCAM_CP,Global,Coal,Coal,Price,$/tonnes,63.11835290747805
2042,NGFS2023GCAM_CP,Global,Coal,Coal,Price,$/tonnes,63.232480962801894
2043,NGFS2023GCAM_CP,Global,Coal,Coal,Price,$/tonnes,63.346609018125754
2044,NGFS2023GCAM_CP,Global,Coal,Coal,Price,$/tonnes,63.4607370734496
2045,NGFS2023GCAM_CP,Global,Coal,Coal,Price,$/tonnes,63.57486512877346
2046,NGFS2023GCAM_CP,Global,Coal,Coal,Price,$/tonnes,63.60576704092821
2047,NGFS2023GCAM_CP,Global,Coal,Coal,Price,$/tonnes,63.636668953082975
2048,NGFS2023GCAM_CP,Global,Coal,Coal,Price,$/tonnes,63.66757086523772
2049,NGFS2023GCAM_CP,Global,Coal,Coal,Price,$/tonnes,63.69847277739248
2050,NGFS2023GCAM_CP,Global,Coal,Coal,Price,$/tonnes,63.72937468954723
2051,NGFS2023GCAM_CP,Global,Coal,Coal,Price,$/tonnes,63.73330005435852
2052,NGFS2023GCAM_CP,Global,Coal,Coal,Price,$/tonnes,63.73722541916982
2053,NGFS2023GCAM_CP,Global,Coal,Coal,Price,$/tonnes,63.7411507839811
2054,NGFS2023GCAM_CP,Global,Coal,Coal,Price,$/tonnes,63.745076148792386
2055,NGFS2023GCAM_CP,Global,Coal,Coal,Price,$/tonnes,63.74900151360368
2056,NGFS2023GCAM_CP,Global,Coal,Coal,Price,$/tonnes,63.660077572189046
2057,NGFS2023GCAM_CP,Global,Coal,Coal,Price,$/tonnes,63.57115363077441
2058,NGFS2023GCAM_CP,Global,Coal,Coal,Price,$/tonnes,63.48222968935979
2059,NGFS2023GCAM_CP,Global,Coal,Coal,Price,$/tonnes,63.39330574794515
2060,NGFS2023GCAM_CP,Global,Coal,Coal,Price,$/tonnes,63.30438180653052
2061,NGFS2023GCAM_CP,Global,Coal,Coal,Price,$/tonnes,63.18853980004499
2062,NGFS2023GCAM_CP,Global,Coal,Coal,Price,$/tonnes,63.07269779355945
2063,NGFS2023GCAM_CP,Global,Coal,Coal,Price,$/tonnes,62.95685578707392
2064,NGFS2023GCAM_CP,Global,Coal,Coal,Price,$/tonnes,62.841013780588376
2065,NGFS2023GCAM_CP,Global,Coal,Coal,Price,$/tonnes,62.72517177410285
2066,NGFS2023GCAM_CP,Global,Coal,Coal,Price,$/tonnes,62.58408371915389
2067,NGFS2023GCAM_CP,Global,Coal,Coal,Price,$/tonnes,62.44299566420491
2068,NGFS2023GCAM_CP,Global,Coal,Coal,Price,$/tonnes,62.30190760925594
2069,NGFS2023GCAM_CP,Global,Coal,Coal,Price,$/tonnes,62.16081955430697
2070,NGFS2023GCAM_CP,Global,Coal,Coal,Price,$/tonnes,62.019731499358
2071,NGFS2023GCAM_CP,Global,Coal,Coal,Price,$/tonnes,61.87447584443154
2072,NGFS2023GCAM_CP,Global,Coal,Coal,Price,$/tonnes,61.72922018950505
2073,NGFS2023GCAM_CP,Global,Coal,Coal,Price,$/tonnes,61.58396453457858
2074,NGFS2023GCAM_CP,Global,Coal,Coal,Price,$/tonnes,61.4387088796521
2075,NGFS2023GCAM_CP,Global,Coal,Coal,Price,$/tonnes,61.293453224725624
2076,NGFS2023GCAM_CP,Global,Coal,Coal,Price,$/tonnes,61.13923728783774
2077,NGFS2023GCAM_CP,Global,Coal,Coal,Price,$/tonnes,60.98502135094986
2078,NGFS2023GCAM_CP,Global,Coal,Coal,Price,$/tonnes,60.830805414061984
2079,NGFS2023GCAM_CP,Global,Coal,Coal,Price,$/tonnes,60.6765894771741
2080,NGFS2023GCAM_CP,Global,Coal,Coal,Price,$/tonnes,60.52237354028622
2081,NGFS2023GCAM_CP,Global,Coal,Coal,Price,$/tonnes,60.343185690587525
2082,NGFS2023GCAM_CP,Global,Coal,Coal,Price,$/tonnes,60.16399784088885
2083,NGFS2023GCAM_CP,Global,Coal,Coal,Price,$/tonnes,59.98480999119016
2084,NGFS2023GCAM_CP,Global,Coal,Coal,Price,$/tonnes,59.80562214149148
2085,NGFS2023GCAM_CP,Global,Coal,Coal,Price,$/tonnes,59.62643429179279
2086,NGFS2023GCAM_CP,Global,Coal,Coal,Price,$/tonnes,59.479108426508205
2087,NGFS2023GCAM_CP,Global,Coal,Coal,Price,$/tonnes,59.331782561223626
2088,NGFS2023GCAM_CP,Global,Coal,Coal,Price,$/tonnes,59.18445669593904
2089,NGFS2023GCAM_CP,Global,Coal,Coal,Price,$/tonnes,59.03713083065446
2090,NGFS2023GCAM_CP,Global,Coal,Coal,Price,$/tonnes,58.88980496536987
2091,NGFS2023GCAM_CP,Global,Coal,Coal,Price,$/tonnes,58.68684868180582
2092,NGFS2023GCAM_CP,Global,Coal,Coal,Price,$/tonnes,58.483892398241785
2093,NGFS2023GCAM_CP,Global,Coal,Coal,Price,$/tonnes,58.280936114677736
2094,NGFS2023GCAM_CP,Global,Coal,Coal,Price,$/tonnes,58.077979831113694
2095,NGFS2023GCAM_CP,Global,Coal,Coal,Price,$/tonnes,57.875023547549645
2096,NGFS2023GCAM_CP,Global,Coal,Coal,Price,$/tonnes,57.6370432419704
2097,NGFS2023GCAM_CP,Global,Coal,Coal,Price,$/tonnes,57.399062936391154
2098,NGFS2023GCAM_CP,Global,Coal,Coal,Price,$/tonnes,57.161082630811904
2099,NGFS2023GCAM_CP,Global,Coal,Coal,Price,$/tonnes,56.923102325232655
2100,NGFS2023GCAM_CP,Global,Coal,Coal,Price,$/tonnes,56.68512201965341
2022,NGFS2023MESSAGE_CP,Global,Coal,Coal,Price,$/tonnes,70.16125214973898
2023,NGFS2023MESSAGE_CP,Global,Coal,Coal,Price,$/tonnes,70.09914907239055
2024,NGFS2023MESSAGE_CP,Global,Coal,Coal,Price,$/tonnes,70.03704599504212
2025,NGFS2023MESSAGE_CP,Global,Coal,Coal,Price,$/tonnes,69.9749429176937
2026,NGFS2023MESSAGE_CP,Global,Coal,Coal,Price,$/tonnes,70.03836366203058
2027,NGFS2023MESSAGE_CP,Global,Coal,Coal,Price,$/tonnes,70.10178440636744
2028,NGFS2023MESSAGE_CP,Global,Coal,Coal,Price,$/tonnes,70.16520515070431
2029,NGFS2023MESSAGE_CP,Global,Coal,Coal,Price,$/tonnes,70.22862589504119
2030,NGFS2023MESSAGE_CP,Global,Coal,Coal,Price,$/tonnes,70.29204663937806
2031,NGFS2023MESSAGE_CP,Global,Coal,Coal,Price,$/tonnes,70.23860891971808
2032,NGFS2023MESSAGE_CP,Global,Coal,Coal,Price,$/tonnes,70.18517120005811
2033,NGFS2023MESSAGE_CP,Global,Coal,Coal,Price,$/tonnes,70.13173348039813
2034,NGFS2023MESSAGE_CP,Global,Coal,Coal,Price,$/tonnes,70.07829576073814
2035,NGFS2023MESSAGE_CP,Global,Coal,Coal,Price,$/tonnes,70.02485804107816
2036,NGFS2023MESSAGE_CP,Global,Coal,Coal,Price,$/tonnes,70.5431589565038
2037,NGFS2023MESSAGE_CP,Global,Coal,Coal,Price,$/tonnes,71.06145987192943
2038,NGFS2023MESSAGE_CP,Global,Coal,Coal,Price,$/tonnes,71.57976078735507
2039,NGFS2023MESSAGE_CP,Global,Coal,Coal,Price,$/tonnes,72.09806170278071
2040,NGFS2023MESSAGE_CP,Global,Coal,Coal,Price,$/tonnes,72.61636261820635
2041,NGFS2023MESSAGE_CP,Global,Coal,Coal,Price,$/tonnes,71.79637221295418
2042,NGFS2023MESSAGE_CP,Global,Coal,Coal,Price,$/tonnes,70.97638180770203
2043,NGFS2023MESSAGE_CP,Global,Coal,Coal,Price,$/tonnes,70.15639140244987
2044,NGFS2023MESSAGE_CP,Global,Coal,Coal,Price,$/tonnes,69.33640099719771
2045,NGFS2023MESSAGE_CP,Global,Coal,Coal,Price,$/tonnes,68.51641059194556
2046,NGFS2023MESSAGE_CP,Global,Coal,Coal,Price,$/tonnes,69.2456279229421
2047,NGFS2023MESSAGE_CP,Global,Coal,Coal,Price,$/tonnes,69.97484525393864
2048,NGFS2023MESSAGE_CP,Global,Coal,Coal,Price,$/tonnes,70.70406258493519
2049,NGFS2023MESSAGE_CP,Global,Coal,Coal,Price,$/tonnes,71.43327991593173
2050,NGFS2023MESSAGE_CP,Global,Coal,Coal,Price,$/tonnes,72.16249724692827
2051,NGFS2023MESSAGE_CP,Global,Coal,Coal,Price,$/tonnes,72.55631189139541
2052,NGFS2023MESSAGE_CP,Global,Coal,Coal,Price,$/tonnes,72.95012653586257
2053,NGFS2023MESSAGE_CP,Global,Coal,Coal,Price,$/tonnes,73.34394118032971
2054,NGFS2023MESSAGE_CP,Global,Coal,Coal,Price,$/tonnes,73.73775582479686
2055,NGFS2023MESSAGE_CP,Global,Coal,Coal,Price,$/tonnes,74.13157046926399
2056,NGFS2023MESSAGE_CP,Global,Coal,Coal,Price,$/tonnes,74.7331038716389
2057,NGFS2023MESSAGE_CP,Global,Coal,Coal,Price,$/tonnes,75.3346372740138
2058,NGFS2023MESSAGE_CP,Global,Coal,Coal,Price,$/tonnes,75.93617067638871
2059,NGFS2023MESSAGE_CP,Global,Coal,Coal,Price,$/tonnes,76.53770407876361
2060,NGFS2023MESSAGE_CP,Global,Coal,Coal,Price,$/tonnes,77.13923748113852
2061,NGFS2023MESSAGE_CP,Global,Coal,Coal,Price,$/tonnes,78.42141231993739
2062,NGFS2023MESSAGE_CP,Global,Coal,Coal,Price,$/tonnes,79.703587158736255
2063,NGFS2023MESSAGE_CP,Global,Coal,Coal,Price,$/tonnes,80.98576199753512
2064,NGFS2023MESSAGE_CP,Global,Coal,Coal,Price,$/tonnes,82.26793683633397
2065,NGFS2023MESSAGE_CP,Global,Coal,Coal,Price,$/tonnes,83.55011167513284
2066,NGFS2023MESSAGE_CP,Global,Coal,Coal,Price,$/tonnes,84.83228651393172
2067,NGFS2023MESSAGE_CP,Global,Coal,Coal,Price,$/tonnes,86.11446135273057
2068,NGFS2023MESSAGE_CP,Global,Coal,Coal,Price,$/tonnes,87.39663619152944
2069,NGFS2023MESSAGE_CP,Global,Coal,Coal,Price,$/tonnes,88.67881103032829
2070,NGFS2023MESSAGE_CP,Global,Coal,Coal,Price,$/tonnes,89.96098586912717
2071,NGFS2023MESSAGE_CP,Global,Coal,Coal,Price,$/tonnes,91.02662775951508
2072,NGFS2023MESSAGE_CP,Global,Coal,Coal,Price,$/tonnes,92.092269649903
2073,NGFS2023MESSAGE_CP,Global,Coal,Coal,Price,$/tonnes,93.15791154029093
2074,NGFS2023MESSAGE_CP,Global,Coal,Coal,Price,$/tonnes,94.22355343067882
2075,NGFS2023MESSAGE_CP,Global,Coal,Coal,Price,$/tonnes,95.28919532106674
2076,NGFS2023MESSAGE_CP,Global,Coal,Coal,Price,$/tonnes,96.35483721145464
2077,NGFS2023MESSAGE_CP,Global,Coal,Coal,Price,$/tonnes,97.42047910184256
2078,NGFS2023MESSAGE_CP,Global,Coal,Coal,Price,$/tonnes,98.48612099223048
2079,NGFS2023MESSAGE_CP,Global,Coal,Coal,Price,$/tonnes,99.55176288261838
2080,NGFS2023MESSAGE_CP,Global,Coal,Coal,Price,$/tonnes,100.6174047730063
2081,NGFS2023MESSAGE_CP,Global,Coal,Coal,Price,$/tonnes,102.57797352247913
2082,NGFS2023MESSAGE_CP,Global,Coal,Coal,Price,$/tonnes,104.53854227195193
2083,NGFS2023MESSAGE_CP,Global,Coal,Coal,Price,$/tonnes,106.49911102142477
2084,NGFS2023MESSAGE_CP,Global,Coal,Coal,Price,$/tonnes,108.45967977089757
2085,NGFS2023MESSAGE_CP,Global,Coal,Coal,Price,$/tonnes,110.42024852037038
2086,NGFS2023MESSAGE_CP,Global,Coal,Coal,Price,$/tonnes,112.3808172698432
2087,NGFS2023MESSAGE_CP,Global,Coal,Coal,Price,$/tonnes,114.341386019316
2088,NGFS2023MESSAGE_CP,Global,Coal,Coal,Price,$/tonnes,116.30195476878885
2089,NGFS2023MESSAGE_CP,Global,Coal,Coal,Price,$/tonnes,118.26252351826164
2090,NGFS2023MESSAGE_CP,Global,Coal,Coal,Price,$/tonnes,120.22309226773446
2091,NGFS2023MESSAGE_CP,Global,Coal,Coal,Price,$/tonnes,119.8490323743662
2092,NGFS2023MESSAGE_CP,Global,Coal,Coal,Price,$/tonnes,119.47497248099792
2093,NGFS2023MESSAGE_CP,Global,Coal,Coal,Price,$/tonnes,119.10091258762968
2094,NGFS2023MESSAGE_CP,Global,Coal,Coal,Price,$/tonnes,118.72685269426142
2095,NGFS2023MESSAGE_CP,Global,Coal,Coal,Price,$/tonnes,118.35279280089316
2096,NGFS2023MESSAGE_CP,Global,Coal,Coal,Price,$/tonnes,117.9787329075249
2097,NGFS2023MESSAGE_CP,Global,Coal,Coal,Price,$/tonnes,117.60467301415665
2098,NGFS2023MESSAGE_CP,Global,Coal,Coal,Price,$/tonnes,117.23061312078838
2099,NGFS2023MESSAGE_CP,Global,Coal,Coal,Price,$/tonnes,116.85655322742012
2100,NGFS2023MESSAGE_CP,Global,Coal,Coal,Price,$/tonnes,116.48249333405184
2022,NGFS2023REMIND_CP,Global,Coal,Coal,Price,$/tonnes,61.79167697213656
2023,NGFS2023REMIND_CP,Global,Coal,Coal,Price,$/tonnes,62.895361536893496
2024,NGFS2023REMIND_CP,Global,Coal,Coal,Price,$/tonnes,63.999046101650436
2025,NGFS2023REMIND_CP,Global,Coal,Coal,Price,$/tonnes,65.10273066640737
2026,NGFS2023REMIND_CP,Global,Coal,Coal,Price,$/tonnes,65.33640033528899
2027,NGFS2023REMIND_CP,Global,Coal,Coal,Price,$/tonnes,65.5700700041706
2028,NGFS2023REMIND_CP,Global,Coal,Coal,Price,$/tonnes,65.80373967305223
2029,NGFS2023REMIND_CP,Global,Coal,Coal,Price,$/tonnes,66.03740934193385
2030,NGFS2023REMIND_CP,Global,Coal,Coal,Price,$/tonnes,66.27107901081547
2031,NGFS2023REMIND_CP,Global,Coal,Coal,Price,$/tonnes,66.53051464282701
2032,NGFS2023REMIND_CP,Global,Coal,Coal,Price,$/tonnes,66.78995027483856
2033,NGFS2023REMIND_CP,Global,Coal,Coal,Price,$/tonnes,67.0493859068501
2034,NGFS2023REMIND_CP,Global,Coal,Coal,Price,$/tonnes,67.30882153886165
2035,NGFS2023REMIND_CP,Global,Coal,Coal,Price,$/tonnes,67.5682571708732
2036,NGFS2023REMIND_CP,Global,Coal,Coal,Price,$/tonnes,68.01970113942023
2037,NGFS2023REMIND_CP,Global,Coal,Coal,Price,$/tonnes,68.47114510796726
2038,NGFS2023REMIND_CP,Global,Coal,Coal,Price,$/tonnes,68.9225890765143
2039,NGFS2023REMIND_CP,Global,Coal,Coal,Price,$/tonnes,69.37403304506134
2040,NGFS2023REMIND_CP,Global,Coal,Coal,Price,$/tonnes,69.82547701360836
2041,NGFS2023REMIND_CP,Global,Coal,Coal,Price,$/tonnes,70.50205800897852
2042,NGFS2023REMIND_CP,Global,Coal,Coal,Price,$/tonnes,71.17863900434868
2043,NGFS2023REMIND_CP,Global,Coal,Coal,Price,$/tonnes,71.85521999971883
2044,NGFS2023REMIND_CP,Global,Coal,Coal,Price,$/tonnes,72.53180099508899
2045,NGFS2023REMIND_CP,Global,Coal,Coal,Price,$/tonnes,73.20838199045913
2046,NGFS2023REMIND_CP,Global,Coal,Coal,Price,$/tonnes,74.92574417286009
2047,NGFS2023REMIND_CP,Global,Coal,Coal,Price,$/tonnes,76.64310635526105
2048,NGFS2023REMIND_CP,Global,Coal,Coal,Price,$/tonnes,78.360468537662
2049,NGFS2023REMIND_CP,Global,Coal,Coal,Price,$/tonnes,80.07783072006296
2050,NGFS2023REMIND_CP,Global,Coal,Coal,Price,$/tonnes,81.79519290246394
2051,NGFS2023REMIND_CP,Global,Coal,Coal,Price,$/tonnes,81.36342785546256
2052,NGFS2023REMIND_CP,Global,Coal,Coal,Price,$/tonnes,80.93166280846118
2053,NGFS2023REMIND_CP,Global,Coal,Coal,Price,$/tonnes,80.4998977614598
2054,NGFS2023REMIND_CP,Global,Coal,Coal,Price,$/tonnes,80.06813271445843
2055,NGFS2023REMIND_CP,Global,Coal,Coal,Price,$/tonnes,79.63636766745705
2056,NGFS2023REMIND_CP,Global,Coal,Coal,Price,$/tonnes,84.01088184401915
2057,NGFS2023REMIND_CP,Global,Coal,Coal,Price,$/tonnes,88.38539602058127
2058,NGFS2023REMIND_CP,Global,Coal,Coal,Price,$/tonnes,92.75991019714336
2059,NGFS2023REMIND_CP,Global,Coal,Coal,Price,$/tonnes,97.13442437370549
2060,NGFS2023REMIND_CP,Global,Coal,Coal,Price,$/tonnes,101.50893855026756
2061,NGFS2023REMIND_CP,Global,Coal,Coal,Price,$/tonnes,102.5379385350378
2062,NGFS2023REMIND_CP,Global,Coal,Coal,Price,$/tonnes,103.56693851980803
2063,NGFS2023REMIND_CP,Global,Coal,Coal,Price,$/tonnes,104.59593850457829
2064,NGFS2023REMIND_CP,Global,Coal,Coal,Price,$/tonnes,105.62493848934854
2065,NGFS2023REMIND_CP,Global,Coal,Coal,Price,$/tonnes,106.65393847411876
2066,NGFS2023REMIND_CP,Global,Coal,Coal,Price,$/tonnes,107.68293845888904
2067,NGFS2023REMIND_CP,Global,Coal,Coal,Price,$/tonnes,108.71193844365926
2068,NGFS2023REMIND_CP,Global,Coal,Coal,Price,$/tonnes,109.7409384284295
2069,NGFS2023REMIND_CP,Global,Coal,Coal,Price,$/tonnes,110.76993841319974
2070,NGFS2023REMIND_CP,Global,Coal,Coal,Price,$/tonnes,111.79893839796998
2071,NGFS2023REMIND_CP,Global,Coal,Coal,Price,$/tonnes,112.56673198378148
2072,NGFS2023REMIND_CP,Global,Coal,Coal,Price,$/tonnes,113.33452556959296
2073,NGFS2023REMIND_CP,Global,Coal,Coal,Price,$/tonnes,114.10231915540444
2074,NGFS2023REMIND_CP,Global,Coal,Coal,Price,$/tonnes,114.87011274121592
2075,NGFS2023REMIND_CP,Global,Coal,Coal,Price,$/tonnes,115.6379063270274
2076,NGFS2023REMIND_CP,Global,Coal,Coal,Price,$/tonnes,116.40569991283893
2077,NGFS2023REMIND_CP,Global,Coal,Coal,Price,$/tonnes,117.1734934986504
2078,NGFS2023REMIND_CP,Global,Coal,Coal,Price,$/tonnes,117.94128708446188
2079,NGFS2023REMIND_CP,Global,Coal,Coal,Price,$/tonnes,118.70908067027337
2080,NGFS2023REMIND_CP,Global,Coal,Coal,Price,$/tonnes,119.47687425608486
2081,NGFS2023REMIND_CP,Global,Coal,Coal,Price,$/tonnes,120.5231085430744
2082,NGFS2023REMIND_CP,Global,Coal,Coal,Price,$/tonnes,121.569342830064
2083,NGFS2023REMIND_CP,Global,Coal,Coal,Price,$/tonnes,122.61557711705356
2084,NGFS2023REMIND_CP,Global,Coal,Coal,Price,$/tonnes,123.66181140404316
2085,NGFS2023REMIND_CP,Global,Coal,Coal,Price,$/tonnes,124.70804569103272
2086,NGFS2023REMIND_CP,Global,Coal,Coal,Price,$/tonnes,125.75427997802228
2087,NGFS2023REMIND_CP,Global,Coal,Coal,Price,$/tonnes,126.80051426501186
2088,NGFS2023REMIND_CP,Global,Coal,Coal,Price,$/tonnes,127.84674855200142
2089,NGFS2023REMIND_CP,Global,Coal,Coal,Price,$/tonnes,128.892982838991
2090,NGFS2023REMIND_CP,Global,Coal,Coal,Price,$/tonnes,129.93921712598058
2091,NGFS2023REMIND_CP,Global,Coal,Coal,Price,$/tonnes,129.92733794365458
2092,NGFS2023REMIND_CP,Global,Coal,Coal,Price,$/tonnes,129.9154587613286
2093,NGFS2023REMIND_CP,Global,Coal,Coal,Price,$/tonnes,129.90357957900264
2094,NGFS2023REMIND_CP,Global,Coal,Coal,Price,$/tonnes,129.89170039667664
2095,NGFS2023REMIND_CP,Global,Coal,Coal,Price,$/tonnes,129.87982121435064
2096,NGFS2023REMIND_CP,Global,Coal,Coal,Price,$/tonnes,129.86794203202467
2097,NGFS2023REMIND_CP,Global,Coal,Coal,Price,$/tonnes,129.8560628496987
2098,NGFS2023REMIND_CP,Global,Coal,Coal,Price,$/tonnes,129.8441836673727
2099,NGFS2023REMIND_CP,Global,Coal,Coal,Price,$/tonnes,129.8323044850467
2100,NGFS2023REMIND_CP,Global,Coal,Coal,Price,$/tonnes,129.82042530272074
2022,NGFS2023GCAM_DT,Global,Coal,Coal,Price,$/tonnes,57.039051268053115
2023,NGFS2023GCAM_DT,Global,Coal,Coal,Price,$/tonnes,57.3543519327735
2024,NGFS2023GCAM_DT,Global,Coal,Coal,Price,$/tonnes,57.66965259749388
2025,NGFS2023GCAM_DT,Global,Coal,Coal,Price,$/tonnes,57.98495326221426
2026,NGFS2023GCAM_DT,Global,Coal,Coal,Price,$/tonnes,58.4176562748948
2027,NGFS2023GCAM_DT,Global,Coal,Coal,Price,$/tonnes,58.85035928757532
2028,NGFS2023GCAM_DT,Global,Coal,Coal,Price,$/tonnes,59.28306230025585
2029,NGFS2023GCAM_DT,Global,Coal,Coal,Price,$/tonnes,59.71576531293639
2030,NGFS2023GCAM_DT,Global,Coal,Coal,Price,$/tonnes,60.148468325616925
2031,NGFS2023GCAM_DT,Global,Coal,Coal,Price,$/tonnes,61.78123070506752
2032,NGFS2023GCAM_DT,Global,Coal,Coal,Price,$/tonnes,63.413993084518125
2033,NGFS2023GCAM_DT,Global,Coal,Coal,Price,$/tonnes,65.04675546396874
2034,NGFS2023GCAM_DT,Global,Coal,Coal,Price,$/tonnes,66.67951784341933
2035,NGFS2023GCAM_DT,Global,Coal,Coal,Price,$/tonnes,68.31228022286994
2036,NGFS2023GCAM_DT,Global,Coal,Coal,Price,$/tonnes,68.3804837439901
2037,NGFS2023GCAM_DT,Global,Coal,Coal,Price,$/tonnes,68.44868726511025
2038,NGFS2023GCAM_DT,Global,Coal,Coal,Price,$/tonnes,68.51689078623042
2039,NGFS2023GCAM_DT,Global,Coal,Coal,Price,$/tonnes,68.58509430735057
2040,NGFS2023GCAM_DT,Global,Coal,Coal,Price,$/tonnes,68.65329782847074
2041,NGFS2023GCAM_DT,Global,Coal,Coal,Price,$/tonnes,69.82562677485261
2042,NGFS2023GCAM_DT,Global,Coal,Coal,Price,$/tonnes,70.99795572123449
2043,NGFS2023GCAM_DT,Global,Coal,Coal,Price,$/tonnes,72.17028466761639
2044,NGFS2023GCAM_DT,Global,Coal,Coal,Price,$/tonnes,73.34261361399825
2045,NGFS2023GCAM_DT,Global,Coal,Coal,Price,$/tonnes,74.51494256038013
2046,NGFS2023GCAM_DT,Global,Coal,Coal,Price,$/tonnes,77.63114096078688
2047,NGFS2023GCAM_DT,Global,Coal,Coal,Price,$/tonnes,80.74733936119364
2048,NGFS2023GCAM_DT,Global,Coal,Coal,Price,$/tonnes,83.86353776160038
2049,NGFS2023GCAM_DT,Global,Coal,Coal,Price,$/tonnes,86.97973616200714
2050,NGFS2023GCAM_DT,Global,Coal,Coal,Price,$/tonnes,90.09593456241387
2051,NGFS2023GCAM_DT,Global,Coal,Coal,Price,$/tonnes,91.18344808175334
2052,NGFS2023GCAM_DT,Global,Coal,Coal,Price,$/tonnes,92.2709616010928
2053,NGFS2023GCAM_DT,Global,Coal,Coal,Price,$/tonnes,93.35847512043225
2054,NGFS2023GCAM_DT,Global,Coal,Coal,Price,$/tonnes,94.4459886397717
2055,NGFS2023GCAM_DT,Global,Coal,Coal,Price,$/tonnes,95.53350215911114
2056,NGFS2023GCAM_DT,Global,Coal,Coal,Price,$/tonnes,97.79586917403162
2057,NGFS2023GCAM_DT,Global,Coal,Coal,Price,$/tonnes,100.0582361889521
2058,NGFS2023GCAM_DT,Global,Coal,Coal,Price,$/tonnes,102.32060320387258
2059,NGFS2023GCAM_DT,Global,Coal,Coal,Price,$/tonnes,104.58297021879304
2060,NGFS2023GCAM_DT,Global,Coal,Coal,Price,$/tonnes,106.84533723371352
2061,NGFS2023GCAM_DT,Global,Coal,Coal,Price,$/tonnes,106.76298786188248
2062,NGFS2023GCAM_DT,Global,Coal,Coal,Price,$/tonnes,106.68063849005144
2063,NGFS2023GCAM_DT,Global,Coal,Coal,Price,$/tonnes,106.59828911822042
2064,NGFS2023GCAM_DT,Global,Coal,Coal,Price,$/tonnes,106.51593974638938
2065,NGFS2023GCAM_DT,Global,Coal,Coal,Price,$/tonnes,106.43359037455834
2066,NGFS2023GCAM_DT,Global,Coal,Coal,Price,$/tonnes,106.64867310729248
2067,NGFS2023GCAM_DT,Global,Coal,Coal,Price,$/tonnes,106.8637558400266
2068,NGFS2023GCAM_DT,Global,Coal,Coal,Price,$/tonnes,107.07883857276076
2069,NGFS2023GCAM_DT,Global,Coal,Coal,Price,$/tonnes,107.29392130549488
2070,NGFS2023GCAM_DT,Global,Coal,Coal,Price,$/tonnes,107.50900403822902
2071,NGFS2023GCAM_DT,Global,Coal,Coal,Price,$/tonnes,107.65254338138126
2072,NGFS2023GCAM_DT,Global,Coal,Coal,Price,$/tonnes,107.79608272453348
2073,NGFS2023GCAM_DT,Global,Coal,Coal,Price,$/tonnes,107.93962206768572
2074,NGFS2023GCAM_DT,Global,Coal,Coal,Price,$/tonnes,108.08316141083796
2075,NGFS2023GCAM_DT,Global,Coal,Coal,Price,$/tonnes,108.2267007539902
2076,NGFS2023GCAM_DT,Global,Coal,Coal,Price,$/tonnes,108.69959976194716
2077,NGFS2023GCAM_DT,Global,Coal,Coal,Price,$/tonnes,109.17249876990412
2078,NGFS2023GCAM_DT,Global,Coal,Coal,Price,$/tonnes,109.64539777786108
2079,NGFS2023GCAM_DT,Global,Coal,Coal,Price,$/tonnes,110.11829678581805
2080,NGFS2023GCAM_DT,Global,Coal,Coal,Price,$/tonnes,110.591195793775
2081,NGFS2023GCAM_DT,Global,Coal,Coal,Price,$/tonnes,109.11381679420612
2082,NGFS2023GCAM_DT,Global,Coal,Coal,Price,$/tonnes,107.63643779463725
2083,NGFS2023GCAM_DT,Global,Coal,Coal,Price,$/tonnes,106.15905879506836
2084,NGFS2023GCAM_DT,Global,Coal,Coal,Price,$/tonnes,104.68167979549948
2085,NGFS2023GCAM_DT,Global,Coal,Coal,Price,$/tonnes,103.2043007959306
2086,NGFS2023GCAM_DT,Global,Coal,Coal,Price,$/tonnes,101.85692028510104
2087,NGFS2023GCAM_DT,Global,Coal,Coal,Price,$/tonnes,100.50953977427154
2088,NGFS2023GCAM_DT,Global,Coal,Coal,Price,$/tonnes,99.162159263442
2089,NGFS2023GCAM_DT,Global,Coal,Coal,Price,$/tonnes,97.81477875261248
2090,NGFS2023GCAM_DT,Global,Coal,Coal,Price,$/tonnes,96.46739824178294
2091,NGFS2023GCAM_DT,Global,Coal,Coal,Price,$/tonnes,95.53349271080327
2092,NGFS2023GCAM_DT,Global,Coal,Coal,Price,$/tonnes,94.5995871798236
2093,NGFS2023GCAM_DT,Global,Coal,Coal,Price,$/tonnes,93.66568164884394
2094,NGFS2023GCAM_DT,Global,Coal,Coal,Price,$/tonnes,92.73177611786426
2095,NGFS2023GCAM_DT,Global,Coal,Coal,Price,$/tonnes,91.797870586884585
2096,NGFS2023GCAM_DT,Global,Coal,Coal,Price,$/tonnes,91.13993348695864
2097,NGFS2023GCAM_DT,Global,Coal,Coal,Price,$/tonnes,90.48199638703268
2098,NGFS2023GCAM_DT,Global,Coal,Coal,Price,$/tonnes,89.8240592871067
2099,NGFS2023GCAM_DT,Global,Coal,Coal,Price,$/tonnes,89.16612218718075
2100,NGFS2023GCAM_DT,Global,Coal,Coal,Price,$/tonnes,88.50818508725479
2022,NGFS2023MESSAGE_DT,Global,Coal,Coal,Price,$/tonnes,70.16125214973898
2023,NGFS2023MESSAGE_DT,Global,Coal,Coal,Price,$/tonnes,70.09914907239055
2024,NGFS2023MESSAGE_DT,Global,Coal,Coal,Price,$/tonnes,70.03704599504212
2025,NGFS2023MESSAGE_DT,Global,Coal,Coal,Price,$/tonnes,69.9749429176937
2026,NGFS2023MESSAGE_DT,Global,Coal,Coal,Price,$/tonnes,70.03836366203058
2027,NGFS2023MESSAGE_DT,Global,Coal,Coal,Price,$/tonnes,70.10178440636744
2028,NGFS2023MESSAGE_DT,Global,Coal,Coal,Price,$/tonnes,70.16520515070431
2029,NGFS2023MESSAGE_DT,Global,Coal,Coal,Price,$/tonnes,70.22862589504119
2030,NGFS2023MESSAGE_DT,Global,Coal,Coal,Price,$/tonnes,70.29204663937806
2031,NGFS2023MESSAGE_DT,Global,Coal,Coal,Price,$/tonnes,66.6513970901789
2032,NGFS2023MESSAGE_DT,Global,Coal,Coal,Price,$/tonnes,63.01074754097976
2033,NGFS2023MESSAGE_DT,Global,Coal,Coal,Price,$/tonnes,59.370097991780625
2034,NGFS2023MESSAGE_DT,Global,Coal,Coal,Price,$/tonnes,55.729448442581464
2035,NGFS2023MESSAGE_DT,Global,Coal,Coal,Price,$/tonnes,52.08879889338232
2036,NGFS2023MESSAGE_DT,Global,Coal,Coal,Price,$/tonnes,52.494093290471326
2037,NGFS2023MESSAGE_DT,Global,Coal,Coal,Price,$/tonnes,52.89938768756033
2038,NGFS2023MESSAGE_DT,Global,Coal,Coal,Price,$/tonnes,53.304682084649336
2039,NGFS2023MESSAGE_DT,Global,Coal,Coal,Price,$/tonnes,53.709976481738344
2040,NGFS2023MESSAGE_DT,Global,Coal,Coal,Price,$/tonnes,54.11527087882735
2041,NGFS2023MESSAGE_DT,Global,Coal,Coal,Price,$/tonnes,57.12849830481072
2042,NGFS2023MESSAGE_DT,Global,Coal,Coal,Price,$/tonnes,60.14172573079409
2043,NGFS2023MESSAGE_DT,Global,Coal,Coal,Price,$/tonnes,63.154953156777474
2044,NGFS2023MESSAGE_DT,Global,Coal,Coal,Price,$/tonnes,66.16818058276084
2045,NGFS2023MESSAGE_DT,Global,Coal,Coal,Price,$/tonnes,69.18140800874421
2046,NGFS2023MESSAGE_DT,Global,Coal,Coal,Price,$/tonnes,72.13354366020299
2047,NGFS2023MESSAGE_DT,Global,Coal,Coal,Price,$/tonnes,75.08567931166176
2048,NGFS2023MESSAGE_DT,Global,Coal,Coal,Price,$/tonnes,78.03781496312055
2049,NGFS2023MESSAGE_DT,Global,Coal,Coal,Price,$/tonnes,80.98995061457933
2050,NGFS2023MESSAGE_DT,Global,Coal,Coal,Price,$/tonnes,83.9420862660381
2051,NGFS2023MESSAGE_DT,Global,Coal,Coal,Price,$/tonnes,85.49371930617906
2052,NGFS2023MESSAGE_DT,Global,Coal,Coal,Price,$/tonnes,87.04535234632002
2053,NGFS2023MESSAGE_DT,Global,Coal,Coal,Price,$/tonnes,88.59698538646097
2054,NGFS2023MESSAGE_DT,Global,Coal,Coal,Price,$/tonnes,90.14861842660191
2055,NGFS2023MESSAGE_DT,Global,Coal,Coal,Price,$/tonnes,91.70025146674288
2056,NGFS2023MESSAGE_DT,Global,Coal,Coal,Price,$/tonnes,94.82961390219216
2057,NGFS2023MESSAGE_DT,Global,Coal,Coal,Price,$/tonnes,97.9589763376414
2058,NGFS2023MESSAGE_DT,Global,Coal,Coal,Price,$/tonnes,101.08833877309064
2059,NGFS2023MESSAGE_DT,Global,Coal,Coal,Price,$/tonnes,104.2177012085399
2060,NGFS2023MESSAGE_DT,Global,Coal,Coal,Price,$/tonnes,107.34706364398916
2061,NGFS2023MESSAGE_DT,Global,Coal,Coal,Price,$/tonnes,108.6666115134631
2062,NGFS2023MESSAGE_DT,Global,Coal,Coal,Price,$/tonnes,109.98615938293705
2063,NGFS2023MESSAGE_DT,Global,Coal,Coal,Price,$/tonnes,111.30570725241098
2064,NGFS2023MESSAGE_DT,Global,Coal,Coal,Price,$/tonnes,112.62525512188492
2065,NGFS2023MESSAGE_DT,Global,Coal,Coal,Price,$/tonnes,113.94480299135888
2066,NGFS2023MESSAGE_DT,Global,Coal,Coal,Price,$/tonnes,115.2643508608328
2067,NGFS2023MESSAGE_DT,Global,Coal,Coal,Price,$/tonnes,116.58389873030674
2068,NGFS2023MESSAGE_DT,Global,Coal,Coal,Price,$/tonnes,117.9034465997807
2069,NGFS2023MESSAGE_DT,Global,Coal,Coal,Price,$/tonnes,119.22299446925464
2070,NGFS2023MESSAGE_DT,Global,Coal,Coal,Price,$/tonnes,120.54254233872857
2071,NGFS2023MESSAGE_DT,Global,Coal,Coal,Price,$/tonnes,119.64187854677644
2072,NGFS2023MESSAGE_DT,Global,Coal,Coal,Price,$/tonnes,118.74121475482433
2073,NGFS2023MESSAGE_DT,Global,Coal,Coal,Price,$/tonnes,117.84055096287216
2074,NGFS2023MESSAGE_DT,Global,Coal,Coal,Price,$/tonnes,116.93988717092006
2075,NGFS2023MESSAGE_DT,Global,Coal,Coal,Price,$/tonnes,116.03922337896792
2076,NGFS2023MESSAGE_DT,Global,Coal,Coal,Price,$/tonnes,115.1385595870158
2077,NGFS2023MESSAGE_DT,Global,Coal,Coal,Price,$/tonnes,114.23789579506368
2078,NGFS2023MESSAGE_DT,Global,Coal,Coal,Price,$/tonnes,113.33723200311154
2079,NGFS2023MESSAGE_DT,Global,Coal,Coal,Price,$/tonnes,112.4365682111594
2080,NGFS2023MESSAGE_DT,Global,Coal,Coal,Price,$/tonnes,111.53590441920728
2081,NGFS2023MESSAGE_DT,Global,Coal,Coal,Price,$/tonnes,110.39870644874831
2082,NGFS2023MESSAGE_DT,Global,Coal,Coal,Price,$/tonnes,109.26150847828936
2083,NGFS2023MESSAGE_DT,Global,Coal,Coal,Price,$/tonnes,108.12431050783044
2084,NGFS2023MESSAGE_DT,Global,Coal,Coal,Price,$/tonnes,106.98711253737147
2085,NGFS2023MESSAGE_DT,Global,Coal,Coal,Price,$/tonnes,105.84991456691252
2086,NGFS2023MESSAGE_DT,Global,Coal,Coal,Price,$/tonnes,104.71271659645356
2087,NGFS2023MESSAGE_DT,Global,Coal,Coal,Price,$/tonnes,103.57551862599462
2088,NGFS2023MESSAGE_DT,Global,Coal,Coal,Price,$/tonnes,102.43832065553566
2089,NGFS2023MESSAGE_DT,Global,Coal,Coal,Price,$/tonnes,101.3011226850767
2090,NGFS2023MESSAGE_DT,Global,Coal,Coal,Price,$/tonnes,100.16392471461776
2091,NGFS2023MESSAGE_DT,Global,Coal,Coal,Price,$/tonnes,101.46307970318372
2092,NGFS2023MESSAGE_DT,Global,Coal,Coal,Price,$/tonnes,102.76223469174968
2093,NGFS2023MESSAGE_DT,Global,Coal,Coal,Price,$/tonnes,104.06138968031564
2094,NGFS2023MESSAGE_DT,Global,Coal,Coal,Price,$/tonnes,105.36054466888162
2095,NGFS2023MESSAGE_DT,Global,Coal,Coal,Price,$/tonnes,106.65969965744756
2096,NGFS2023MESSAGE_DT,Global,Coal,Coal,Price,$/tonnes,107.95885464601352
2097,NGFS2023MESSAGE_DT,Global,Coal,Coal,Price,$/tonnes,109.25800963457952
2098,NGFS2023MESSAGE_DT,Global,Coal,Coal,Price,$/tonnes,110.55716462314548
2099,NGFS2023MESSAGE_DT,Global,Coal,Coal,Price,$/tonnes,111.85631961171144
2100,NGFS2023MESSAGE_DT,Global,Coal,Coal,Price,$/tonnes,113.1554746002774
2022,NGFS2023REMIND_DT,Global,Coal,Coal,Price,$/tonnes,61.79167697213656
2023,NGFS2023REMIND_DT,Global,Coal,Coal,Price,$/tonnes,62.895361536893496
2024,NGFS2023REMIND_DT,Global,Coal,Coal,Price,$/tonnes,63.999046101650436
2025,NGFS2023REMIND_DT,Global,Coal,Coal,Price,$/tonnes,65.10273066640737
2026,NGFS2023REMIND_DT,Global,Coal,Coal,Price,$/tonnes,65.33640033528899
2027,NGFS2023REMIND_DT,Global,Coal,Coal,Price,$/tonnes,65.5700700041706
2028,NGFS2023REMIND_DT,Global,Coal,Coal,Price,$/tonnes,65.80373967305223
2029,NGFS2023REMIND_DT,Global,Coal,Coal,Price,$/tonnes,66.03740934193385
2030,NGFS2023REMIND_DT,Global,Coal,Coal,Price,$/tonnes,66.27107901081547
2031,NGFS2023REMIND_DT,Global,Coal,Coal,Price,$/tonnes,66.48834200062794
2032,NGFS2023REMIND_DT,Global,Coal,Coal,Price,$/tonnes,66.70560499044039
2033,NGFS2023REMIND_DT,Global,Coal,Coal,Price,$/tonnes,66.92286798025286
2034,NGFS2023REMIND_DT,Global,Coal,Coal,Price,$/tonnes,67.14013097006531
2035,NGFS2023REMIND_DT,Global,Coal,Coal,Price,$/tonnes,67.35739395987778
2036,NGFS2023REMIND_DT,Global,Coal,Coal,Price,$/tonnes,64.93066534128717
2037,NGFS2023REMIND_DT,Global,Coal,Coal,Price,$/tonnes,62.50393672269655
2038,NGFS2023REMIND_DT,Global,Coal,Coal,Price,$/tonnes,60.07720810410593
2039,NGFS2023REMIND_DT,Global,Coal,Coal,Price,$/tonnes,57.650479485515326
2040,NGFS2023REMIND_DT,Global,Coal,Coal,Price,$/tonnes,55.22375086692471
2041,NGFS2023REMIND_DT,Global,Coal,Coal,Price,$/tonnes,52.53658735672312
2042,NGFS2023REMIND_DT,Global,Coal,Coal,Price,$/tonnes,49.84942384652152
2043,NGFS2023REMIND_DT,Global,Coal,Coal,Price,$/tonnes,47.162260336319925
2044,NGFS2023REMIND_DT,Global,Coal,Coal,Price,$/tonnes,44.475096826118325
2045,NGFS2023REMIND_DT,Global,Coal,Coal,Price,$/tonnes,41.78793331591673
2046,NGFS2023REMIND_DT,Global,Coal,Coal,Price,$/tonnes,42.08890828990899
2047,NGFS2023REMIND_DT,Global,Coal,Coal,Price,$/tonnes,42.389883263901254
2048,NGFS2023REMIND_DT,Global,Coal,Coal,Price,$/tonnes,42.69085823789351
2049,NGFS2023REMIND_DT,Global,Coal,Coal,Price,$/tonnes,42.99183321188577
2050,NGFS2023REMIND_DT,Global,Coal,Coal,Price,$/tonnes,43.29280818587803
2051,NGFS2023REMIND_DT,Global,Coal,Coal,Price,$/tonnes,43.96377256347294
2052,NGFS2023REMIND_DT,Global,Coal,Coal,Price,$/tonnes,44.634736941067864
2053,NGFS2023REMIND_DT,Global,Coal,Coal,Price,$/tonnes,45.30570131866278
2054,NGFS2023REMIND_DT,Global,Coal,Coal,Price,$/tonnes,45.97666569625769
2055,NGFS2023REMIND_DT,Global,Coal,Coal,Price,$/tonnes,46.64763007385261
2056,NGFS2023REMIND_DT,Global,Coal,Coal,Price,$/tonnes,50.21772878026035
2057,NGFS2023REMIND_DT,Global,Coal,Coal,Price,$/tonnes,53.78782748666811
2058,NGFS2023REMIND_DT,Global,Coal,Coal,Price,$/tonnes,57.35792619307585
2059,NGFS2023REMIND_DT,Global,Coal,Coal,Price,$/tonnes,60.92802489948359
2060,NGFS2023REMIND_DT,Global,Coal,Coal,Price,$/tonnes,64.49812360589134
2061,NGFS2023REMIND_DT,Global,Coal,Coal,Price,$/tonnes,64.33817657030525
2062,NGFS2023REMIND_DT,Global,Coal,Coal,Price,$/tonnes,64.17822953471916
2063,NGFS2023REMIND_DT,Global,Coal,Coal,Price,$/tonnes,64.01828249913306
2064,NGFS2023REMIND_DT,Global,Coal,Coal,Price,$/tonnes,63.858335463546986
2065,NGFS2023REMIND_DT,Global,Coal,Coal,Price,$/tonnes,63.69838842796089
2066,NGFS2023REMIND_DT,Global,Coal,Coal,Price,$/tonnes,63.5384413923748
2067,NGFS2023REMIND_DT,Global,Coal,Coal,Price,$/tonnes,63.37849435678872
2068,NGFS2023REMIND_DT,Global,Coal,Coal,Price,$/tonnes,63.21854732120263
2069,NGFS2023REMIND_DT,Global,Coal,Coal,Price,$/tonnes,63.05860028561654
2070,NGFS2023REMIND_DT,Global,Coal,Coal,Price,$/tonnes,62.89865325003045
2071,NGFS2023REMIND_DT,Global,Coal,Coal,Price,$/tonnes,62.44690982928611
2072,NGFS2023REMIND_DT,Global,Coal,Coal,Price,$/tonnes,61.995166408541785
2073,NGFS2023REMIND_DT,Global,Coal,Coal,Price,$/tonnes,61.54342298779745
2074,NGFS2023REMIND_DT,Global,Coal,Coal,Price,$/tonnes,61.0916795670531
2075,NGFS2023REMIND_DT,Global,Coal,Coal,Price,$/tonnes,60.63993614630877
2076,NGFS2023REMIND_DT,Global,Coal,Coal,Price,$/tonnes,60.188192725564434
2077,NGFS2023REMIND_DT,Global,Coal,Coal,Price,$/tonnes,59.7364493048201
2078,NGFS2023REMIND_DT,Global,Coal,Coal,Price,$/tonnes,59.28470588407576
2079,NGFS2023REMIND_DT,Global,Coal,Coal,Price,$/tonnes,58.83296246333143
2080,NGFS2023REMIND_DT,Global,Coal,Coal,Price,$/tonnes,58.38121904258709
2081,NGFS2023REMIND_DT,Global,Coal,Coal,Price,$/tonnes,59.012573495299854
2082,NGFS2023REMIND_DT,Global,Coal,Coal,Price,$/tonnes,59.64392794801263
2083,NGFS2023REMIND_DT,Global,Coal,Coal,Price,$/tonnes,60.2752824007254
2084,NGFS2023REMIND_DT,Global,Coal,Coal,Price,$/tonnes,60.90663685343818
2085,NGFS2023REMIND_DT,Global,Coal,Coal,Price,$/tonnes,61.53799130615094
2086,NGFS2023REMIND_DT,Global,Coal,Coal,Price,$/tonnes,62.16934575886371
2087,NGFS2023REMIND_DT,Global,Coal,Coal,Price,$/tonnes,62.80070021157649
2088,NGFS2023REMIND_DT,Global,Coal,Coal,Price,$/tonnes,63.43205466428925
2089,NGFS2023REMIND_DT,Global,Coal,Coal,Price,$/tonnes,64.06340911700202
2090,NGFS2023REMIND_DT,Global,Coal,Coal,Price,$/tonnes,64.6947635697148
2091,NGFS2023REMIND_DT,Global,Coal,Coal,Price,$/tonnes,63.385732829618824
2092,NGFS2023REMIND_DT,Global,Coal,Coal,Price,$/tonnes,62.07670208952286
2093,NGFS2023REMIND_DT,Global,Coal,Coal,Price,$/tonnes,60.76767134942688
2094,NGFS2023REMIND_DT,Global,Coal,Coal,Price,$/tonnes,59.45864060933092
2095,NGFS2023REMIND_DT,Global,Coal,Coal,Price,$/tonnes,58.14960986923494
2096,NGFS2023REMIND_DT,Global,Coal,Coal,Price,$/tonnes,56.84057912913898
2097,NGFS2023REMIND_DT,Global,Coal,Coal,Price,$/tonnes,55.531548389043
2098,NGFS2023REMIND_DT,Global,Coal,Coal,Price,$/tonnes,54.22251764894703
2099,NGFS2023REMIND_DT,Global,Coal,Coal,Price,$/tonnes,52.91348690885106
2100,NGFS2023REMIND_DT,Global,Coal,Coal,Price,$/tonnes,51.60445616875509
2022,NGFS2023GCAM_FW,Global,Coal,Coal,Price,$/tonnes,57.03919541771712
2023,NGFS2023GCAM_FW,Global,Coal,Coal,Price,$/tonnes,57.35454157841217
2024,NGFS2023GCAM_FW,Global,Coal,Coal,Price,$/tonnes,57.6698877391072
2025,NGFS2023GCAM_FW,Global,Coal,Coal,Price,$/tonnes,57.985233899802246
2026,NGFS2023GCAM_FW,Global,Coal,Coal,Price,$/tonnes,58.41777620924282
2027,NGFS2023GCAM_FW,Global,Coal,Coal,Price,$/tonnes,58.8503185186834
2028,NGFS2023GCAM_FW,Global,Coal,Coal,Price,$/tonnes,59.28286082812397
2029,NGFS2023GCAM_FW,Global,Coal,Coal,Price,$/tonnes,59.71540313756454
2030,NGFS2023GCAM_FW,Global,Coal,Coal,Price,$/tonnes,60.14794544700512
2031,NGFS2023GCAM_FW,Global,Coal,Coal,Price,$/tonnes,60.66021154720288
2032,NGFS2023GCAM_FW,Global,Coal,Coal,Price,$/tonnes,61.172477647400626
2033,NGFS2023GCAM_FW,Global,Coal,Coal,Price,$/tonnes,61.68474374759838
2034,NGFS2023GCAM_FW,Global,Coal,Coal,Price,$/tonnes,62.19700984779614
2035,NGFS2023GCAM_FW,Global,Coal,Coal,Price,$/tonnes,62.70927594799389
2036,NGFS2023GCAM_FW,Global,Coal,Coal,Price,$/tonnes,62.410739024030214
2037,NGFS2023GCAM_FW,Global,Coal,Coal,Price,$/tonnes,62.11220210006654
2038,NGFS2023GCAM_FW,Global,Coal,Coal,Price,$/tonnes,61.813665176102866
2039,NGFS2023GCAM_FW,Global,Coal,Coal,Price,$/tonnes,61.51512825213919
2040,NGFS2023GCAM_FW,Global,Coal,Coal,Price,$/tonnes,61.21659132817552
2041,NGFS2023GCAM_FW,Global,Coal,Coal,Price,$/tonnes,61.45097298826605
2042,NGFS2023GCAM_FW,Global,Coal,Coal,Price,$/tonnes,61.685354648356594
2043,NGFS2023GCAM_FW,Global,Coal,Coal,Price,$/tonnes,61.91973630844712
2044,NGFS2023GCAM_FW,Global,Coal,Coal,Price,$/tonnes,62.154117968537655
2045,NGFS2023GCAM_FW,Global,Coal,Coal,Price,$/tonnes,62.38849962862819
2046,NGFS2023GCAM_FW,Global,Coal,Coal,Price,$/tonnes,62.47575806708591
2047,NGFS2023GCAM_FW,Global,Coal,Coal,Price,$/tonnes,62.56301650554363
2048,NGFS2023GCAM_FW,Global,Coal,Coal,Price,$/tonnes,62.650274944001346
2049,NGFS2023GCAM_FW,Global,Coal,Coal,Price,$/tonnes,62.73753338245906
2050,NGFS2023GCAM_FW,Global,Coal,Coal,Price,$/tonnes,62.824791820916786
2051,NGFS2023GCAM_FW,Global,Coal,Coal,Price,$/tonnes,62.87298920913036
2052,NGFS2023GCAM_FW,Global,Coal,Coal,Price,$/tonnes,62.921186597343926
2053,NGFS2023GCAM_FW,Global,Coal,Coal,Price,$/tonnes,62.9693839855575
2054,NGFS2023GCAM_FW,Global,Coal,Coal,Price,$/tonnes,63.017581373771066
2055,NGFS2023GCAM_FW,Global,Coal,Coal,Price,$/tonnes,63.06577876198464
2056,NGFS2023GCAM_FW,Global,Coal,Coal,Price,$/tonnes,63.082392442759534
2057,NGFS2023GCAM_FW,Global,Coal,Coal,Price,$/tonnes,63.09900612353442
2058,NGFS2023GCAM_FW,Global,Coal,Coal,Price,$/tonnes,63.11561980430932
2059,NGFS2023GCAM_FW,Global,Coal,Coal,Price,$/tonnes,63.1322334850842
2060,NGFS2023GCAM_FW,Global,Coal,Coal,Price,$/tonnes,63.148847165859095
2061,NGFS2023GCAM_FW,Global,Coal,Coal,Price,$/tonnes,62.85376354862744
2062,NGFS2023GCAM_FW,Global,Coal,Coal,Price,$/tonnes,62.558679931395794
2063,NGFS2023GCAM_FW,Global,Coal,Coal,Price,$/tonnes,62.26359631416414
2064,NGFS2023GCAM_FW,Global,Coal,Coal,Price,$/tonnes,61.96851269693249
2065,NGFS2023GCAM_FW,Global,Coal,Coal,Price,$/tonnes,61.67342907970084
2066,NGFS2023GCAM_FW,Global,Coal,Coal,Price,$/tonnes,61.38926310813598
2067,NGFS2023GCAM_FW,Global,Coal,Coal,Price,$/tonnes,61.105097136571096
2068,NGFS2023GCAM_FW,Global,Coal,Coal,Price,$/tonnes,60.82093116500623
2069,NGFS2023GCAM_FW,Global,Coal,Coal,Price,$/tonnes,60.536765193441354
2070,NGFS2023GCAM_FW,Global,Coal,Coal,Price,$/tonnes,60.25259922187649
2071,NGFS2023GCAM_FW,Global,Coal,Coal,Price,$/tonnes,59.959269135605766
2072,NGFS2023GCAM_FW,Global,Coal,Coal,Price,$/tonnes,59.66593904933504
2073,NGFS2023GCAM_FW,Global,Coal,Coal,Price,$/tonnes,59.37260896306432
2074,NGFS2023GCAM_FW,Global,Coal,Coal,Price,$/tonnes,59.079278876793595
2075,NGFS2023GCAM_FW,Global,Coal,Coal,Price,$/tonnes,58.78594879052287
2076,NGFS2023GCAM_FW,Global,Coal,Coal,Price,$/tonnes,58.45147799534204
2077,NGFS2023GCAM_FW,Global,Coal,Coal,Price,$/tonnes,58.1170072001612
2078,NGFS2023GCAM_FW,Global,Coal,Coal,Price,$/tonnes,57.78253640498036
2079,NGFS2023GCAM_FW,Global,Coal,Coal,Price,$/tonnes,57.44806560979953
2080,NGFS2023GCAM_FW,Global,Coal,Coal,Price,$/tonnes,57.11359481461869
2081,NGFS2023GCAM_FW,Global,Coal,Coal,Price,$/tonnes,56.78597981822698
2082,NGFS2023GCAM_FW,Global,Coal,Coal,Price,$/tonnes,56.458364821835254
2083,NGFS2023GCAM_FW,Global,Coal,Coal,Price,$/tonnes,56.13074982544353
2084,NGFS2023GCAM_FW,Global,Coal,Coal,Price,$/tonnes,55.803134829051814
2085,NGFS2023GCAM_FW,Global,Coal,Coal,Price,$/tonnes,55.4755198326601
2086,NGFS2023GCAM_FW,Global,Coal,Coal,Price,$/tonnes,55.18371050220714
2087,NGFS2023GCAM_FW,Global,Coal,Coal,Price,$/tonnes,54.89190117175418
2088,NGFS2023GCAM_FW,Global,Coal,Coal,Price,$/tonnes,54.60009184130123
2089,NGFS2023GCAM_FW,Global,Coal,Coal,Price,$/tonnes,54.30828251084827
2090,NGFS2023GCAM_FW,Global,Coal,Coal,Price,$/tonnes,54.01647318039531
2091,NGFS2023GCAM_FW,Global,Coal,Coal,Price,$/tonnes,53.75289765485149
2092,NGFS2023GCAM_FW,Global,Coal,Coal,Price,$/tonnes,53.48932212930767
2093,NGFS2023GCAM_FW,Global,Coal,Coal,Price,$/tonnes,53.22574660376385
2094,NGFS2023GCAM_FW,Global,Coal,Coal,Price,$/tonnes,52.96217107822004
2095,NGFS2023GCAM_FW,Global,Coal,Coal,Price,$/tonnes,52.69859555267622
2096,NGFS2023GCAM_FW,Global,Coal,Coal,Price,$/tonnes,52.40436034428626
2097,NGFS2023GCAM_FW,Global,Coal,Coal,Price,$/tonnes,52.110125135896304
2098,NGFS2023GCAM_FW,Global,Coal,Coal,Price,$/tonnes,51.81588992750635
2099,NGFS2023GCAM_FW,Global,Coal,Coal,Price,$/tonnes,51.521654719116384
2100,NGFS2023GCAM_FW,Global,Coal,Coal,Price,$/tonnes,51.227419510726435
2022,NGFS2023MESSAGE_FW,Global,Coal,Coal,Price,$/tonnes,70.16125214973898
2023,NGFS2023MESSAGE_FW,Global,Coal,Coal,Price,$/tonnes,70.09914907239055
2024,NGFS2023MESSAGE_FW,Global,Coal,Coal,Price,$/tonnes,70.03704599504212
2025,NGFS2023MESSAGE_FW,Global,Coal,Coal,Price,$/tonnes,69.9749429176937
2026,NGFS2023MESSAGE_FW,Global,Coal,Coal,Price,$/tonnes,70.03836366203058
2027,NGFS2023MESSAGE_FW,Global,Coal,Coal,Price,$/tonnes,70.10178440636744
2028,NGFS2023MESSAGE_FW,Global,Coal,Coal,Price,$/tonnes,70.16520515070431
2029,NGFS2023MESSAGE_FW,Global,Coal,Coal,Price,$/tonnes,70.22862589504119
2030,NGFS2023MESSAGE_FW,Global,Coal,Coal,Price,$/tonnes,70.29204663937806
2031,NGFS2023MESSAGE_FW,Global,Coal,Coal,Price,$/tonnes,71.32222247865491
2032,NGFS2023MESSAGE_FW,Global,Coal,Coal,Price,$/tonnes,72.35239831793174
2033,NGFS2023MESSAGE_FW,Global,Coal,Coal,Price,$/tonnes,73.3825741572086
2034,NGFS2023MESSAGE_FW,Global,Coal,Coal,Price,$/tonnes,74.41274999648545
2035,NGFS2023MESSAGE_FW,Global,Coal,Coal,Price,$/tonnes,75.44292583576228
2036,NGFS2023MESSAGE_FW,Global,Coal,Coal,Price,$/tonnes,73.95034981583707
2037,NGFS2023MESSAGE_FW,Global,Coal,Coal,Price,$/tonnes,72.45777379591186
2038,NGFS2023MESSAGE_FW,Global,Coal,Coal,Price,$/tonnes,70.96519777598665
2039,NGFS2023MESSAGE_FW,Global,Coal,Coal,Price,$/tonnes,69.47262175606144
2040,NGFS2023MESSAGE_FW,Global,Coal,Coal,Price,$/tonnes,67.98004573613623
2041,NGFS2023MESSAGE_FW,Global,Coal,Coal,Price,$/tonnes,68.42517801244622
2042,NGFS2023MESSAGE_FW,Global,Coal,Coal,Price,$/tonnes,68.87031028875622
2043,NGFS2023MESSAGE_FW,Global,Coal,Coal,Price,$/tonnes,69.3154425650662
2044,NGFS2023MESSAGE_FW,Global,Coal,Coal,Price,$/tonnes,69.7605748413762
2045,NGFS2023MESSAGE_FW,Global,Coal,Coal,Price,$/tonnes,70.20570711768619
2046,NGFS2023MESSAGE_FW,Global,Coal,Coal,Price,$/tonnes,73.39364820663735
2047,NGFS2023MESSAGE_FW,Global,Coal,Coal,Price,$/tonnes,76.58158929558853
2048,NGFS2023MESSAGE_FW,Global,Coal,Coal,Price,$/tonnes,79.76953038453968
2049,NGFS2023MESSAGE_FW,Global,Coal,Coal,Price,$/tonnes,82.95747147349086
2050,NGFS2023MESSAGE_FW,Global,Coal,Coal,Price,$/tonnes,86.145412562442
2051,NGFS2023MESSAGE_FW,Global,Coal,Coal,Price,$/tonnes,83.19925488406638
2052,NGFS2023MESSAGE_FW,Global,Coal,Coal,Price,$/tonnes,80.25309720569078
2053,NGFS2023MESSAGE_FW,Global,Coal,Coal,Price,$/tonnes,77.30693952731515
2054,NGFS2023MESSAGE_FW,Global,Coal,Coal,Price,$/tonnes,74.36078184893952
2055,NGFS2023MESSAGE_FW,Global,Coal,Coal,Price,$/tonnes,71.41462417056391
2056,NGFS2023MESSAGE_FW,Global,Coal,Coal,Price,$/tonnes,74.07811010998229
2057,NGFS2023MESSAGE_FW,Global,Coal,Coal,Price,$/tonnes,76.74159604940066
2058,NGFS2023MESSAGE_FW,Global,Coal,Coal,Price,$/tonnes,79.405081988819
2059,NGFS2023MESSAGE_FW,Global,Coal,Coal,Price,$/tonnes,82.06856792823737
2060,NGFS2023MESSAGE_FW,Global,Coal,Coal,Price,$/tonnes,84.73205386765574
2061,NGFS2023MESSAGE_FW,Global,Coal,Coal,Price,$/tonnes,84.1364401991818
2062,NGFS2023MESSAGE_FW,Global,Coal,Coal,Price,$/tonnes,83.540826530707875
2063,NGFS2023MESSAGE_FW,Global,Coal,Coal,Price,$/tonnes,82.94521286223394
2064,NGFS2023MESSAGE_FW,Global,Coal,Coal,Price,$/tonnes,82.34959919376001
2065,NGFS2023MESSAGE_FW,Global,Coal,Coal,Price,$/tonnes,81.75398552528608
2066,NGFS2023MESSAGE_FW,Global,Coal,Coal,Price,$/tonnes,81.15837185681215
2067,NGFS2023MESSAGE_FW,Global,Coal,Coal,Price,$/tonnes,80.56275818833821
2068,NGFS2023MESSAGE_FW,Global,Coal,Coal,Price,$/tonnes,79.96714451986429
2069,NGFS2023MESSAGE_FW,Global,Coal,Coal,Price,$/tonnes,79.37153085139036
2070,NGFS2023MESSAGE_FW,Global,Coal,Coal,Price,$/tonnes,78.77591718291642
2071,NGFS2023MESSAGE_FW,Global,Coal,Coal,Price,$/tonnes,80.87431545457315
2072,NGFS2023MESSAGE_FW,Global,Coal,Coal,Price,$/tonnes,82.97271372622986
2073,NGFS2023MESSAGE_FW,Global,Coal,Coal,Price,$/tonnes,85.07111199788658
2074,NGFS2023MESSAGE_FW,Global,Coal,Coal,Price,$/tonnes,87.1695102695433
2075,NGFS2023MESSAGE_FW,Global,Coal,Coal,Price,$/tonnes,89.2679085412
2076,NGFS2023MESSAGE_FW,Global,Coal,Coal,Price,$/tonnes,91.36630681285672
2077,NGFS2023MESSAGE_FW,Global,Coal,Coal,Price,$/tonnes,93.46470508451344
2078,NGFS2023MESSAGE_FW,Global,Coal,Coal,Price,$/tonnes,95.56310335617016
2079,NGFS2023MESSAGE_FW,Global,Coal,Coal,Price,$/tonnes,97.66150162782688
2080,NGFS2023MESSAGE_FW,Global,Coal,Coal,Price,$/tonnes,99.7598998994836
2081,NGFS2023MESSAGE_FW,Global,Coal,Coal,Price,$/tonnes,99.94960851320069
2082,NGFS2023MESSAGE_FW,Global,Coal,Coal,Price,$/tonnes,100.13931712691776
2083,NGFS2023MESSAGE_FW,Global,Coal,Coal,Price,$/tonnes,100.32902574063486
2084,NGFS2023MESSAGE_FW,Global,Coal,Coal,Price,$/tonnes,100.51873435435196
2085,NGFS2023MESSAGE_FW,Global,Coal,Coal,Price,$/tonnes,100.70844296806904
2086,NGFS2023MESSAGE_FW,Global,Coal,Coal,Price,$/tonnes,100.89815158178617
2087,NGFS2023MESSAGE_FW,Global,Coal,Coal,Price,$/tonnes,101.08786019550324
2088,NGFS2023MESSAGE_FW,Global,Coal,Coal,Price,$/tonnes,101.27756880922033
2089,NGFS2023MESSAGE_FW,Global,Coal,Coal,Price,$/tonnes,101.4672774229374
2090,NGFS2023MESSAGE_FW,Global,Coal,Coal,Price,$/tonnes,101.65698603665452
2091,NGFS2023MESSAGE_FW,Global,Coal,Coal,Price,$/tonnes,102.20284788282927
2092,NGFS2023MESSAGE_FW,Global,Coal,Coal,Price,$/tonnes,102.74870972900402
2093,NGFS2023MESSAGE_FW,Global,Coal,Coal,Price,$/tonnes,103.29457157517876
2094,NGFS2023MESSAGE_FW,Global,Coal,Coal,Price,$/tonnes,103.84043342135352
2095,NGFS2023MESSAGE_FW,Global,Coal,Coal,Price,$/tonnes,104.38629526752828
2096,NGFS2023MESSAGE_FW,Global,Coal,Coal,Price,$/tonnes,104.93215711370304
2097,NGFS2023MESSAGE_FW,Global,Coal,Coal,Price,$/tonnes,105.47801895987776
2098,NGFS2023MESSAGE_FW,Global,Coal,Coal,Price,$/tonnes,106.02388080605252
2099,NGFS2023MESSAGE_FW,Global,Coal,Coal,Price,$/tonnes,106.56974265222728
2100,NGFS2023MESSAGE_FW,Global,Coal,Coal,Price,$/tonnes,107.11560449840204
2022,NGFS2023REMIND_FW,Global,Coal,Coal,Price,$/tonnes,61.79167697213656
2023,NGFS2023REMIND_FW,Global,Coal,Coal,Price,$/tonnes,62.895361536893496
2024,NGFS2023REMIND_FW,Global,Coal,Coal,Price,$/tonnes,63.999046101650436
2025,NGFS2023REMIND_FW,Global,Coal,Coal,Price,$/tonnes,65.10273066640737
2026,NGFS2023REMIND_FW,Global,Coal,Coal,Price,$/tonnes,65.33640033528899
2027,NGFS2023REMIND_FW,Global,Coal,Coal,Price,$/tonnes,65.5700700041706
2028,NGFS2023REMIND_FW,Global,Coal,Coal,Price,$/tonnes,65.80373967305223
2029,NGFS2023REMIND_FW,Global,Coal,Coal,Price,$/tonnes,66.03740934193385
2030,NGFS2023REMIND_FW,Global,Coal,Coal,Price,$/tonnes,66.27107901081547
2031,NGFS2023REMIND_FW,Global,Coal,Coal,Price,$/tonnes,66.17547519189496
2032,NGFS2023REMIND_FW,Global,Coal,Coal,Price,$/tonnes,66.07987137297444
2033,NGFS2023REMIND_FW,Global,Coal,Coal,Price,$/tonnes,65.98426755405391
2034,NGFS2023REMIND_FW,Global,Coal,Coal,Price,$/tonnes,65.8886637351334
2035,NGFS2023REMIND_FW,Global,Coal,Coal,Price,$/tonnes,65.79305991621288
2036,NGFS2023REMIND_FW,Global,Coal,Coal,Price,$/tonnes,64.97440305790118
2037,NGFS2023REMIND_FW,Global,Coal,Coal,Price,$/tonnes,64.15574619958949
2038,NGFS2023REMIND_FW,Global,Coal,Coal,Price,$/tonnes,63.33708934127779
2039,NGFS2023REMIND_FW,Global,Coal,Coal,Price,$/tonnes,62.5184324829661
2040,NGFS2023REMIND_FW,Global,Coal,Coal,Price,$/tonnes,61.6997756246544
2041,NGFS2023REMIND_FW,Global,Coal,Coal,Price,$/tonnes,61.28466057554428
2042,NGFS2023REMIND_FW,Global,Coal,Coal,Price,$/tonnes,60.86954552643417
2043,NGFS2023REMIND_FW,Global,Coal,Coal,Price,$/tonnes,60.45443047732405
2044,NGFS2023REMIND_FW,Global,Coal,Coal,Price,$/tonnes,60.039315428213946
2045,NGFS2023REMIND_FW,Global,Coal,Coal,Price,$/tonnes,59.624200379103826
2046,NGFS2023REMIND_FW,Global,Coal,Coal,Price,$/tonnes,62.20987093365448
2047,NGFS2023REMIND_FW,Global,Coal,Coal,Price,$/tonnes,64.79554148820513
2048,NGFS2023REMIND_FW,Global,Coal,Coal,Price,$/tonnes,67.38121204275578
2049,NGFS2023REMIND_FW,Global,Coal,Coal,Price,$/tonnes,69.96688259730644
2050,NGFS2023REMIND_FW,Global,Coal,Coal,Price,$/tonnes,72.55255315185708
2051,NGFS2023REMIND_FW,Global,Coal,Coal,Price,$/tonnes,71.57659599668224
2052,NGFS2023REMIND_FW,Global,Coal,Coal,Price,$/tonnes,70.6006388415074
2053,NGFS2023REMIND_FW,Global,Coal,Coal,Price,$/tonnes,69.62468168633256
2054,NGFS2023REMIND_FW,Global,Coal,Coal,Price,$/tonnes,68.64872453115774
2055,NGFS2023REMIND_FW,Global,Coal,Coal,Price,$/tonnes,67.6727673759829
2056,NGFS2023REMIND_FW,Global,Coal,Coal,Price,$/tonnes,71.28844463748487
2057,NGFS2023REMIND_FW,Global,Coal,Coal,Price,$/tonnes,74.90412189898686
2058,NGFS2023REMIND_FW,Global,Coal,Coal,Price,$/tonnes,78.51979916048884
2059,NGFS2023REMIND_FW,Global,Coal,Coal,Price,$/tonnes,82.13547642199082
2060,NGFS2023REMIND_FW,Global,Coal,Coal,Price,$/tonnes,85.7511536834928
2061,NGFS2023REMIND_FW,Global,Coal,Coal,Price,$/tonnes,85.75901766007647
2062,NGFS2023REMIND_FW,Global,Coal,Coal,Price,$/tonnes,85.76688163666013
2063,NGFS2023REMIND_FW,Global,Coal,Coal,Price,$/tonnes,85.7747456132438
2064,NGFS2023REMIND_FW,Global,Coal,Coal,Price,$/tonnes,85.78260958982744
2065,NGFS2023REMIND_FW,Global,Coal,Coal,Price,$/tonnes,85.79047356641111
2066,NGFS2023REMIND_FW,Global,Coal,Coal,Price,$/tonnes,85.79833754299477
2067,NGFS2023REMIND_FW,Global,Coal,Coal,Price,$/tonnes,85.80620151957844
2068,NGFS2023REMIND_FW,Global,Coal,Coal,Price,$/tonnes,85.8140654961621
2069,NGFS2023REMIND_FW,Global,Coal,Coal,Price,$/tonnes,85.82192947274575
2070,NGFS2023REMIND_FW,Global,Coal,Coal,Price,$/tonnes,85.82979344932942
2071,NGFS2023REMIND_FW,Global,Coal,Coal,Price,$/tonnes,86.44011965611205
2072,NGFS2023REMIND_FW,Global,Coal,Coal,Price,$/tonnes,87.05044586289469
2073,NGFS2023REMIND_FW,Global,Coal,Coal,Price,$/tonnes,87.66077206967731
2074,NGFS2023REMIND_FW,Global,Coal,Coal,Price,$/tonnes,88.27109827645994
2075,NGFS2023REMIND_FW,Global,Coal,Coal,Price,$/tonnes,88.88142448324258
2076,NGFS2023REMIND_FW,Global,Coal,Coal,Price,$/tonnes,89.4917506900252
2077,NGFS2023REMIND_FW,Global,Coal,Coal,Price,$/tonnes,90.10207689680784
2078,NGFS2023REMIND_FW,Global,Coal,Coal,Price,$/tonnes,90.71240310359046
2079,NGFS2023REMIND_FW,Global,Coal,Coal,Price,$/tonnes,91.32272931037308
2080,NGFS2023REMIND_FW,Global,Coal,Coal,Price,$/tonnes,91.93305551715572
2081,NGFS2023REMIND_FW,Global,Coal,Coal,Price,$/tonnes,92.77134360736744
2082,NGFS2023REMIND_FW,Global,Coal,Coal,Price,$/tonnes,93.60963169757916
2083,NGFS2023REMIND_FW,Global,Coal,Coal,Price,$/tonnes,94.44791978779088
2084,NGFS2023REMIND_FW,Global,Coal,Coal,Price,$/tonnes,95.2862078780026
2085,NGFS2023REMIND_FW,Global,Coal,Coal,Price,$/tonnes,96.1244959682143
2086,NGFS2023REMIND_FW,Global,Coal,Coal,Price,$/tonnes,96.96278405842602
2087,NGFS2023REMIND_FW,Global,Coal,Coal,Price,$/tonnes,97.80107214863774
2088,NGFS2023REMIND_FW,Global,Coal,Coal,Price,$/tonnes,98.63936023884946
2089,NGFS2023REMIND_FW,Global,Coal,Coal,Price,$/tonnes,99.47764832906118
2090,NGFS2023REMIND_FW,Global,Coal,Coal,Price,$/tonnes,100.3159364192729
2091,NGFS2023REMIND_FW,Global,Coal,Coal,Price,$/tonnes,100.4130446395936
2092,NGFS2023REMIND_FW,Global,Coal,Coal,Price,$/tonnes,100.51015285991431
2093,NGFS2023REMIND_FW,Global,Coal,Coal,Price,$/tonnes,100.60726108023503
2094,NGFS2023REMIND_FW,Global,Coal,Coal,Price,$/tonnes,100.70436930055575
2095,NGFS2023REMIND_FW,Global,Coal,Coal,Price,$/tonnes,100.80147752087647
2096,NGFS2023REMIND_FW,Global,Coal,Coal,Price,$/tonnes,100.89858574119718
2097,NGFS2023REMIND_FW,Global,Coal,Coal,Price,$/tonnes,100.9956939615179
2098,NGFS2023REMIND_FW,Global,Coal,Coal,Price,$/tonnes,101.09280218183862
2099,NGFS2023REMIND_FW,Global,Coal,Coal,Price,$/tonnes,101.18991040215934
2100,NGFS2023REMIND_FW,Global,Coal,Coal,Price,$/tonnes,101.28701862248006
2022,NGFS2023GCAM_LD,Global,Coal,Coal,Price,$/tonnes,58.86529446738019
2023,NGFS2023GCAM_LD,Global,Coal,Coal,Price,$/tonnes,60.09369457539432
2024,NGFS2023GCAM_LD,Global,Coal,Coal,Price,$/tonnes,61.32209468340846
2025,NGFS2023GCAM_LD,Global,Coal,Coal,Price,$/tonnes,62.550494791422594
2026,NGFS2023GCAM_LD,Global,Coal,Coal,Price,$/tonnes,62.95712992272654
2027,NGFS2023GCAM_LD,Global,Coal,Coal,Price,$/tonnes,63.363765054030495
2028,NGFS2023GCAM_LD,Global,Coal,Coal,Price,$/tonnes,63.77040018533444
2029,NGFS2023GCAM_LD,Global,Coal,Coal,Price,$/tonnes,64.1770353166384
2030,NGFS2023GCAM_LD,Global,Coal,Coal,Price,$/tonnes,64.58367044794234
2031,NGFS2023GCAM_LD,Global,Coal,Coal,Price,$/tonnes,64.92549864572301
2032,NGFS2023GCAM_LD,Global,Coal,Coal,Price,$/tonnes,65.2673268435037
2033,NGFS2023GCAM_LD,Global,Coal,Coal,Price,$/tonnes,65.60915504128435
2034,NGFS2023GCAM_LD,Global,Coal,Coal,Price,$/tonnes,65.95098323906502
2035,NGFS2023GCAM_LD,Global,Coal,Coal,Price,$/tonnes,66.29281143684571
2036,NGFS2023GCAM_LD,Global,Coal,Coal,Price,$/tonnes,67.28465274393388
2037,NGFS2023GCAM_LD,Global,Coal,Coal,Price,$/tonnes,68.27649405102204
2038,NGFS2023GCAM_LD,Global,Coal,Coal,Price,$/tonnes,69.26833535811019
2039,NGFS2023GCAM_LD,Global,Coal,Coal,Price,$/tonnes,70.26017666519836
2040,NGFS2023GCAM_LD,Global,Coal,Coal,Price,$/tonnes,71.25201797228652
2041,NGFS2023GCAM_LD,Global,Coal,Coal,Price,$/tonnes,74.96121832795995
2042,NGFS2023GCAM_LD,Global,Coal,Coal,Price,$/tonnes,78.6704186836334
2043,NGFS2023GCAM_LD,Global,Coal,Coal,Price,$/tonnes,82.37961903930683
2044,NGFS2023GCAM_LD,Global,Coal,Coal,Price,$/tonnes,86.08881939498028
2045,NGFS2023GCAM_LD,Global,Coal,Coal,Price,$/tonnes,89.7980197506537
2046,NGFS2023GCAM_LD,Global,Coal,Coal,Price,$/tonnes,91.70024039588
2047,NGFS2023GCAM_LD,Global,Coal,Coal,Price,$/tonnes,93.60246104110628
2048,NGFS2023GCAM_LD,Global,Coal,Coal,Price,$/tonnes,95.50468168633256
2049,NGFS2023GCAM_LD,Global,Coal,Coal,Price,$/tonnes,97.40690233155888
2050,NGFS2023GCAM_LD,Global,Coal,Coal,Price,$/tonnes,99.30912297678516
2051,NGFS2023GCAM_LD,Global,Coal,Coal,Price,$/tonnes,100.77761554700606
2052,NGFS2023GCAM_LD,Global,Coal,Coal,Price,$/tonnes,102.24610811722695
2053,NGFS2023GCAM_LD,Global,Coal,Coal,Price,$/tonnes,103.71460068744786
2054,NGFS2023GCAM_LD,Global,Coal,Coal,Price,$/tonnes,105.18309325766876
2055,NGFS2023GCAM_LD,Global,Coal,Coal,Price,$/tonnes,106.65158582788966
2056,NGFS2023GCAM_LD,Global,Coal,Coal,Price,$/tonnes,106.80989077920133
2057,NGFS2023GCAM_LD,Global,Coal,Coal,Price,$/tonnes,106.96819573051292
2058,NGFS2023GCAM_LD,Global,Coal,Coal,Price,$/tonnes,107.12650068182457
2059,NGFS2023GCAM_LD,Global,Coal,Coal,Price,$/tonnes,107.2848056331362
2060,NGFS2023GCAM_LD,Global,Coal,Coal,Price,$/tonnes,107.44311058444784
2061,NGFS2023GCAM_LD,Global,Coal,Coal,Price,$/tonnes,106.79037500937216
2062,NGFS2023GCAM_LD,Global,Coal,Coal,Price,$/tonnes,106.13763943429647
2063,NGFS2023GCAM_LD,Global,Coal,Coal,Price,$/tonnes,105.4849038592208
2064,NGFS2023GCAM_LD,Global,Coal,Coal,Price,$/tonnes,104.83216828414513
2065,NGFS2023GCAM_LD,Global,Coal,Coal,Price,$/tonnes,104.17943270906945
2066,NGFS2023GCAM_LD,Global,Coal,Coal,Price,$/tonnes,104.1099329480595
2067,NGFS2023GCAM_LD,Global,Coal,Coal,Price,$/tonnes,104.04043318704954
2068,NGFS2023GCAM_LD,Global,Coal,Coal,Price,$/tonnes,103.9709334260396
2069,NGFS2023GCAM_LD,Global,Coal,Coal,Price,$/tonnes,103.90143366502964
2070,NGFS2023GCAM_LD,Global,Coal,Coal,Price,$/tonnes,103.8319339040197
2071,NGFS2023GCAM_LD,Global,Coal,Coal,Price,$/tonnes,104.10502566800064
2072,NGFS2023GCAM_LD,Global,Coal,Coal,Price,$/tonnes,104.37811743198154
2073,NGFS2023GCAM_LD,Global,Coal,Coal,Price,$/tonnes,104.65120919596248
2074,NGFS2023GCAM_LD,Global,Coal,Coal,Price,$/tonnes,104.92430095994338
2075,NGFS2023GCAM_LD,Global,Coal,Coal,Price,$/tonnes,105.1973927239243
2076,NGFS2023GCAM_LD,Global,Coal,Coal,Price,$/tonnes,105.49603776160038
2077,NGFS2023GCAM_LD,Global,Coal,Coal,Price,$/tonnes,105.79468279927646
2078,NGFS2023GCAM_LD,Global,Coal,Coal,Price,$/tonnes,106.09332783695254
2079,NGFS2023GCAM_LD,Global,Coal,Coal,Price,$/tonnes,106.39197287462862
2080,NGFS2023GCAM_LD,Global,Coal,Coal,Price,$/tonnes,106.6906179123047
2081,NGFS2023GCAM_LD,Global,Coal,Coal,Price,$/tonnes,106.93598811258774
2082,NGFS2023GCAM_LD,Global,Coal,Coal,Price,$/tonnes,107.18135831287076
2083,NGFS2023GCAM_LD,Global,Coal,Coal,Price,$/tonnes,107.42672851315382
2084,NGFS2023GCAM_LD,Global,Coal,Coal,Price,$/tonnes,107.67209871343684
2085,NGFS2023GCAM_LD,Global,Coal,Coal,Price,$/tonnes,107.9174689137199
2086,NGFS2023GCAM_LD,Global,Coal,Coal,Price,$/tonnes,107.88480224158614
2087,NGFS2023GCAM_LD,Global,Coal,Coal,Price,$/tonnes,107.85213556945236
2088,NGFS2023GCAM_LD,Global,Coal,Coal,Price,$/tonnes,107.8194688973186
2089,NGFS2023GCAM_LD,Global,Coal,Coal,Price,$/tonnes,107.78680222518486
2090,NGFS2023GCAM_LD,Global,Coal,Coal,Price,$/tonnes,107.7541355530511
2091,NGFS2023GCAM_LD,Global,Coal,Coal,Price,$/tonnes,107.57902608623324
2092,NGFS2023GCAM_LD,Global,Coal,Coal,Price,$/tonnes,107.40391661941536
2093,NGFS2023GCAM_LD,Global,Coal,Coal,Price,$/tonnes,107.22880715259748
2094,NGFS2023GCAM_LD,Global,Coal,Coal,Price,$/tonnes,107.0536976857796
2095,NGFS2023GCAM_LD,Global,Coal,Coal,Price,$/tonnes,106.87858821896174
2096,NGFS2023GCAM_LD,Global,Coal,Coal,Price,$/tonnes,106.722890526153
2097,NGFS2023GCAM_LD,Global,Coal,Coal,Price,$/tonnes,106.56719283334424
2098,NGFS2023GCAM_LD,Global,Coal,Coal,Price,$/tonnes,106.41149514053552
2099,NGFS2023GCAM_LD,Global,Coal,Coal,Price,$/tonnes,106.25579744772678
2100,NGFS2023GCAM_LD,Global,Coal,Coal,Price,$/tonnes,106.10009975491802
2022,NGFS2023MESSAGE_LD,Global,Coal,Coal,Price,$/tonnes,69.45393493027113
2023,NGFS2023MESSAGE_LD,Global,Coal,Coal,Price,$/tonnes,69.03817324318878
2024,NGFS2023MESSAGE_LD,Global,Coal,Coal,Price,$/tonnes,68.62241155610643
2025,NGFS2023MESSAGE_LD,Global,Coal,Coal,Price,$/tonnes,68.20664986902406
2026,NGFS2023MESSAGE_LD,Global,Coal,Coal,Price,$/tonnes,48.48417186430987
2027,NGFS2023MESSAGE_LD,Global,Coal,Coal,Price,$/tonnes,28.76169385959567
2028,NGFS2023MESSAGE_LD,Global,Coal,Coal,Price,$/tonnes,9.039215854881489
2029,NGFS2023MESSAGE_LD,Global,Coal,Coal,Price,$/tonnes,-10.683262149832723
2030,NGFS2023MESSAGE_LD,Global,Coal,Coal,Price,$/tonnes,-30.4057401545469
2031,NGFS2023MESSAGE_LD,Global,Coal,Coal,Price,$/tonnes,-12.103098377210658
2032,NGFS2023MESSAGE_LD,Global,Coal,Coal,Price,$/tonnes,6.199543400125583
2033,NGFS2023MESSAGE_LD,Global,Coal,Coal,Price,$/tonnes,24.502185177461826
2034,NGFS2023MESSAGE_LD,Global,Coal,Coal,Price,$/tonnes,42.80482695479807
2035,NGFS2023MESSAGE_LD,Global,Coal,Coal,Price,$/tonnes,61.107468732134315
2036,NGFS2023MESSAGE_LD,Global,Coal,Coal,Price,$/tonnes,71.56612242734234
2037,NGFS2023MESSAGE_LD,Global,Coal,Coal,Price,$/tonnes,82.02477612255035
2038,NGFS2023MESSAGE_LD,Global,Coal,Coal,Price,$/tonnes,92.48342981775836
2039,NGFS2023MESSAGE_LD,Global,Coal,Coal,Price,$/tonnes,102.94208351296638
2040,NGFS2023MESSAGE_LD,Global,Coal,Coal,Price,$/tonnes,113.4007372081744
2041,NGFS2023MESSAGE_LD,Global,Coal,Coal,Price,$/tonnes,116.1523526462291
2042,NGFS2023MESSAGE_LD,Global,Coal,Coal,Price,$/tonnes,118.90396808428385
2043,NGFS2023MESSAGE_LD,Global,Coal,Coal,Price,$/tonnes,121.65558352233852
2044,NGFS2023MESSAGE_LD,Global,Coal,Coal,Price,$/tonnes,124.40719896039325
2045,NGFS2023MESSAGE_LD,Global,Coal,Coal,Price,$/tonnes,127.15881439844796
2046,NGFS2023MESSAGE_LD,Global,Coal,Coal,Price,$/tonnes,134.1560296839708
2047,NGFS2023MESSAGE_LD,Global,Coal,Coal,Price,$/tonnes,141.1532449694936
2048,NGFS2023MESSAGE_LD,Global,Coal,Coal,Price,$/tonnes,148.15046025501644
2049,NGFS2023MESSAGE_LD,Global,Coal,Coal,Price,$/tonnes,155.14767554053927
2050,NGFS2023MESSAGE_LD,Global,Coal,Coal,Price,$/tonnes,162.1448908260621
2051,NGFS2023MESSAGE_LD,Global,Coal,Coal,Price,$/tonnes,159.26507540487725
2052,NGFS2023MESSAGE_LD,Global,Coal,Coal,Price,$/tonnes,156.38525998369244
2053,NGFS2023MESSAGE_LD,Global,Coal,Coal,Price,$/tonnes,153.5054445625076
2054,NGFS2023MESSAGE_LD,Global,Coal,Coal,Price,$/tonnes,150.62562914132278
2055,NGFS2023MESSAGE_LD,Global,Coal,Coal,Price,$/tonnes,147.74581372013793
2056,NGFS2023MESSAGE_LD,Global,Coal,Coal,Price,$/tonnes,137.40286881203195
2057,NGFS2023MESSAGE_LD,Global,Coal,Coal,Price,$/tonnes,127.05992390392598
2058,NGFS2023MESSAGE_LD,Global,Coal,Coal,Price,$/tonnes,116.71697899582
2059,NGFS2023MESSAGE_LD,Global,Coal,Coal,Price,$/tonnes,106.37403408771402
2060,NGFS2023MESSAGE_LD,Global,Coal,Coal,Price,$/tonnes,96.03108917960805
2061,NGFS2023MESSAGE_LD,Global,Coal,Coal,Price,$/tonnes,93.30425504807916
2062,NGFS2023MESSAGE_LD,Global,Coal,Coal,Price,$/tonnes,90.5774209165503
2063,NGFS2023MESSAGE_LD,Global,Coal,Coal,Price,$/tonnes,87.8505867850214
2064,NGFS2023MESSAGE_LD,Global,Coal,Coal,Price,$/tonnes,85.12375265349253
2065,NGFS2023MESSAGE_LD,Global,Coal,Coal,Price,$/tonnes,82.39691852196366
2066,NGFS2023MESSAGE_LD,Global,Coal,Coal,Price,$/tonnes,79.67008439043477
2067,NGFS2023MESSAGE_LD,Global,Coal,Coal,Price,$/tonnes,76.94325025890589
2068,NGFS2023MESSAGE_LD,Global,Coal,Coal,Price,$/tonnes,74.216416127377
2069,NGFS2023MESSAGE_LD,Global,Coal,Coal,Price,$/tonnes,71.48958199584813
2070,NGFS2023MESSAGE_LD,Global,Coal,Coal,Price,$/tonnes,68.76274786431925
2071,NGFS2023MESSAGE_LD,Global,Coal,Coal,Price,$/tonnes,70.61380462504334
2072,NGFS2023MESSAGE_LD,Global,Coal,Coal,Price,$/tonnes,72.46486138576743
2073,NGFS2023MESSAGE_LD,Global,Coal,Coal,Price,$/tonnes,74.31591814649153
2074,NGFS2023MESSAGE_LD,Global,Coal,Coal,Price,$/tonnes,76.16697490721562
2075,NGFS2023MESSAGE_LD,Global,Coal,Coal,Price,$/tonnes,78.01803166793971
2076,NGFS2023MESSAGE_LD,Global,Coal,Coal,Price,$/tonnes,79.86908842866382
2077,NGFS2023MESSAGE_LD,Global,Coal,Coal,Price,$/tonnes,81.72014518938789
2078,NGFS2023MESSAGE_LD,Global,Coal,Coal,Price,$/tonnes,83.571201950112
2079,NGFS2023MESSAGE_LD,Global,Coal,Coal,Price,$/tonnes,85.42225871083609
2080,NGFS2023MESSAGE_LD,Global,Coal,Coal,Price,$/tonnes,87.27331547156018
2081,NGFS2023MESSAGE_LD,Global,Coal,Coal,Price,$/tonnes,85.76832568721356
2082,NGFS2023MESSAGE_LD,Global,Coal,Coal,Price,$/tonnes,84.26333590286694
2083,NGFS2023MESSAGE_LD,Global,Coal,Coal,Price,$/tonnes,82.75834611852032
2084,NGFS2023MESSAGE_LD,Global,Coal,Coal,Price,$/tonnes,81.2533563341737
2085,NGFS2023MESSAGE_LD,Global,Coal,Coal,Price,$/tonnes,79.74836654982708
2086,NGFS2023MESSAGE_LD,Global,Coal,Coal,Price,$/tonnes,78.24337676548046
2087,NGFS2023MESSAGE_LD,Global,Coal,Coal,Price,$/tonnes,76.73838698113384
2088,NGFS2023MESSAGE_LD,Global,Coal,Coal,Price,$/tonnes,75.23339719678722
2089,NGFS2023MESSAGE_LD,Global,Coal,Coal,Price,$/tonnes,73.7284074124406
2090,NGFS2023MESSAGE_LD,Global,Coal,Coal,Price,$/tonnes,72.22341762809398
2091,NGFS2023MESSAGE_LD,Global,Coal,Coal,Price,$/tonnes,72.5961898190236
2092,NGFS2023MESSAGE_LD,Global,Coal,Coal,Price,$/tonnes,72.96896200995323
2093,NGFS2023MESSAGE_LD,Global,Coal,Coal,Price,$/tonnes,73.34173420088285
2094,NGFS2023MESSAGE_LD,Global,Coal,Coal,Price,$/tonnes,73.71450639181249
2095,NGFS2023MESSAGE_LD,Global,Coal,Coal,Price,$/tonnes,74.0872785827421
2096,NGFS2023MESSAGE_LD,Global,Coal,Coal,Price,$/tonnes,74.46005077367172
2097,NGFS2023MESSAGE_LD,Global,Coal,Coal,Price,$/tonnes,74.83282296460135
2098,NGFS2023MESSAGE_LD,Global,Coal,Coal,Price,$/tonnes,75.20559515553097
2099,NGFS2023MESSAGE_LD,Global,Coal,Coal,Price,$/tonnes,75.57836734646061
2100,NGFS2023MESSAGE_LD,Global,Coal,Coal,Price,$/tonnes,75.95113953739022
2022,NGFS2023REMIND_LD,Global,Coal,Coal,Price,$/tonnes,63.02998124396667
2023,NGFS2023REMIND_LD,Global,Coal,Coal,Price,$/tonnes,64.75281794463865
2024,NGFS2023REMIND_LD,Global,Coal,Coal,Price,$/tonnes,66.47565464531064
2025,NGFS2023REMIND_LD,Global,Coal,Coal,Price,$/tonnes,68.19849134598263
2026,NGFS2023REMIND_LD,Global,Coal,Coal,Price,$/tonnes,64.09979027451054
2027,NGFS2023REMIND_LD,Global,Coal,Coal,Price,$/tonnes,60.001089203038454
2028,NGFS2023REMIND_LD,Global,Coal,Coal,Price,$/tonnes,55.90238813156637
2029,NGFS2023REMIND_LD,Global,Coal,Coal,Price,$/tonnes,51.80368706009428
2030,NGFS2023REMIND_LD,Global,Coal,Coal,Price,$/tonnes,47.70498598862219
2031,NGFS2023REMIND_LD,Global,Coal,Coal,Price,$/tonnes,45.314531778648345
2032,NGFS2023REMIND_LD,Global,Coal,Coal,Price,$/tonnes,42.92407756867449
2033,NGFS2023REMIND_LD,Global,Coal,Coal,Price,$/tonnes,40.53362335870064
2034,NGFS2023REMIND_LD,Global,Coal,Coal,Price,$/tonnes,38.143169148726784
2035,NGFS2023REMIND_LD,Global,Coal,Coal,Price,$/tonnes,35.75271493875294
2036,NGFS2023REMIND_LD,Global,Coal,Coal,Price,$/tonnes,35.98398573323086
2037,NGFS2023REMIND_LD,Global,Coal,Coal,Price,$/tonnes,36.21525652770879
2038,NGFS2023REMIND_LD,Global,Coal,Coal,Price,$/tonnes,36.44652732218671
2039,NGFS2023REMIND_LD,Global,Coal,Coal,Price,$/tonnes,36.67779811666463
2040,NGFS2023REMIND_LD,Global,Coal,Coal,Price,$/tonnes,36.909068911142555
2041,NGFS2023REMIND_LD,Global,Coal,Coal,Price,$/tonnes,36.51903592114265
2042,NGFS2023REMIND_LD,Global,Coal,Coal,Price,$/tonnes,36.12900293114275
2043,NGFS2023REMIND_LD,Global,Coal,Coal,Price,$/tonnes,35.73896994114284
2044,NGFS2023REMIND_LD,Global,Coal,Coal,Price,$/tonnes,35.34893695114294
2045,NGFS2023REMIND_LD,Global,Coal,Coal,Price,$/tonnes,34.95890396114303
2046,NGFS2023REMIND_LD,Global,Coal,Coal,Price,$/tonnes,37.08728422946794
2047,NGFS2023REMIND_LD,Global,Coal,Coal,Price,$/tonnes,39.21566449779286
2048,NGFS2023REMIND_LD,Global,Coal,Coal,Price,$/tonnes,41.34404476611777
2049,NGFS2023REMIND_LD,Global,Coal,Coal,Price,$/tonnes,43.47242503444268
2050,NGFS2023REMIND_LD,Global,Coal,Coal,Price,$/tonnes,45.6008053027676
2051,NGFS2023REMIND_LD,Global,Coal,Coal,Price,$/tonnes,45.39497474788892
2052,NGFS2023REMIND_LD,Global,Coal,Coal,Price,$/tonnes,45.18914419301024
2053,NGFS2023REMIND_LD,Global,Coal,Coal,Price,$/tonnes,44.98331363813156
2054,NGFS2023REMIND_LD,Global,Coal,Coal,Price,$/tonnes,44.77748308325289
2055,NGFS2023REMIND_LD,Global,Coal,Coal,Price,$/tonnes,44.57165252837421
2056,NGFS2023REMIND_LD,Global,Coal,Coal,Price,$/tonnes,44.301129011284075
2057,NGFS2023REMIND_LD,Global,Coal,Coal,Price,$/tonnes,44.03060549419394
2058,NGFS2023REMIND_LD,Global,Coal,Coal,Price,$/tonnes,43.760081977103816
2059,NGFS2023REMIND_LD,Global,Coal,Coal,Price,$/tonnes,43.48955846001368
2060,NGFS2023REMIND_LD,Global,Coal,Coal,Price,$/tonnes,43.21903494292355
2061,NGFS2023REMIND_LD,Global,Coal,Coal,Price,$/tonnes,44.0968028607344
2062,NGFS2023REMIND_LD,Global,Coal,Coal,Price,$/tonnes,44.97457077854525
2063,NGFS2023REMIND_LD,Global,Coal,Coal,Price,$/tonnes,45.85233869635611
2064,NGFS2023REMIND_LD,Global,Coal,Coal,Price,$/tonnes,46.73010661416696
2065,NGFS2023REMIND_LD,Global,Coal,Coal,Price,$/tonnes,47.60787453197781
2066,NGFS2023REMIND_LD,Global,Coal,Coal,Price,$/tonnes,48.485642449788656
2067,NGFS2023REMIND_LD,Global,Coal,Coal,Price,$/tonnes,49.363410367599506
2068,NGFS2023REMIND_LD,Global,Coal,Coal,Price,$/tonnes,50.24117828541036
2069,NGFS2023REMIND_LD,Global,Coal,Coal,Price,$/tonnes,51.118946203221206
2070,NGFS2023REMIND_LD,Global,Coal,Coal,Price,$/tonnes,51.996714121032056
2071,NGFS2023REMIND_LD,Global,Coal,Coal,Price,$/tonnes,52.26665949598871
2072,NGFS2023REMIND_LD,Global,Coal,Coal,Price,$/tonnes,52.53660487094537
2073,NGFS2023REMIND_LD,Global,Coal,Coal,Price,$/tonnes,52.806550245902024
2074,NGFS2023REMIND_LD,Global,Coal,Coal,Price,$/tonnes,53.07649562085867
2075,NGFS2023REMIND_LD,Global,Coal,Coal,Price,$/tonnes,53.34644099581532
2076,NGFS2023REMIND_LD,Global,Coal,Coal,Price,$/tonnes,53.616386370771984
2077,NGFS2023REMIND_LD,Global,Coal,Coal,Price,$/tonnes,53.88633174572864
2078,NGFS2023REMIND_LD,Global,Coal,Coal,Price,$/tonnes,54.15627712068529
2079,NGFS2023REMIND_LD,Global,Coal,Coal,Price,$/tonnes,54.42622249564194
2080,NGFS2023REMIND_LD,Global,Coal,Coal,Price,$/tonnes,54.69616787059859
2081,NGFS2023REMIND_LD,Global,Coal,Coal,Price,$/tonnes,54.55198350324276
2082,NGFS2023REMIND_LD,Global,Coal,Coal,Price,$/tonnes,54.40779913588693
2083,NGFS2023REMIND_LD,Global,Coal,Coal,Price,$/tonnes,54.2636147685311
2084,NGFS2023REMIND_LD,Global,Coal,Coal,Price,$/tonnes,54.119430401175265
2085,NGFS2023REMIND_LD,Global,Coal,Coal,Price,$/tonnes,53.97524603381943
2086,NGFS2023REMIND_LD,Global,Coal,Coal,Price,$/tonnes,53.8310616664636
2087,NGFS2023REMIND_LD,Global,Coal,Coal,Price,$/tonnes,53.68687729910777
2088,NGFS2023REMIND_LD,Global,Coal,Coal,Price,$/tonnes,53.54269293175193
2089,NGFS2023REMIND_LD,Global,Coal,Coal,Price,$/tonnes,53.3985085643961
2090,NGFS2023REMIND_LD,Global,Coal,Coal,Price,$/tonnes,53.25432419704027
2091,NGFS2023REMIND_LD,Global,Coal,Coal,Price,$/tonnes,52.35501250597475
2092,NGFS2023REMIND_LD,Global,Coal,Coal,Price,$/tonnes,51.45570081490923
2093,NGFS2023REMIND_LD,Global,Coal,Coal,Price,$/tonnes,50.55638912384371
2094,NGFS2023REMIND_LD,Global,Coal,Coal,Price,$/tonnes,49.65707743277819
2095,NGFS2023REMIND_LD,Global,Coal,Coal,Price,$/tonnes,48.75776574171267
2096,NGFS2023REMIND_LD,Global,Coal,Coal,Price,$/tonnes,47.85845405064715
2097,NGFS2023REMIND_LD,Global,Coal,Coal,Price,$/tonnes,46.95914235958163
2098,NGFS2023REMIND_LD,Global,Coal,Coal,Price,$/tonnes,46.059830668516106
2099,NGFS2023REMIND_LD,Global,Coal,Coal,Price,$/tonnes,45.160518977450586
2100,NGFS2023REMIND_LD,Global,Coal,Coal,Price,$/tonnes,44.261207286385066
2022,NGFS2023GCAM_NDC,Global,Coal,Coal,Price,$/tonnes,56.66507690442271
2023,NGFS2023GCAM_NDC,Global,Coal,Coal,Price,$/tonnes,56.79336380847056
2024,NGFS2023GCAM_NDC,Global,Coal,Coal,Price,$/tonnes,56.92165071251839
2025,NGFS2023GCAM_NDC,Global,Coal,Coal,Price,$/tonnes,57.049937616566226
2026,NGFS2023GCAM_NDC,Global,Coal,Coal,Price,$/tonnes,56.994239255991154
2027,NGFS2023GCAM_NDC,Global,Coal,Coal,Price,$/tonnes,56.938540895416075
2028,NGFS2023GCAM_NDC,Global,Coal,Coal,Price,$/tonnes,56.882842534841
2029,NGFS2023GCAM_NDC,Global,Coal,Coal,Price,$/tonnes,56.827144174265925
2030,NGFS2023GCAM_NDC,Global,Coal,Coal,Price,$/tonnes,56.771445813690846
2031,NGFS2023GCAM_NDC,Global,Coal,Coal,Price,$/tonnes,57.16633675104733
2032,NGFS2023GCAM_NDC,Global,Coal,Coal,Price,$/tonnes,57.561227688403825
2033,NGFS2023GCAM_NDC,Global,Coal,Coal,Price,$/tonnes,57.95611862576031
2034,NGFS2023GCAM_NDC,Global,Coal,Coal,Price,$/tonnes,58.3510095631168
2035,NGFS2023GCAM_NDC,Global,Coal,Coal,Price,$/tonnes,58.7459005004733
2036,NGFS2023GCAM_NDC,Global,Coal,Coal,Price,$/tonnes,58.82896239069719
2037,NGFS2023GCAM_NDC,Global,Coal,Coal,Price,$/tonnes,58.91202428092109
2038,NGFS2023GCAM_NDC,Global,Coal,Coal,Price,$/tonnes,58.995086171145005
2039,NGFS2023GCAM_NDC,Global,Coal,Coal,Price,$/tonnes,59.0781480613689
2040,NGFS2023GCAM_NDC,Global,Coal,Coal,Price,$/tonnes,59.1612099515928
2041,NGFS2023GCAM_NDC,Global,Coal,Coal,Price,$/tonnes,59.28677910523997
2042,NGFS2023GCAM_NDC,Global,Coal,Coal,Price,$/tonnes,59.41234825888716
2043,NGFS2023GCAM_NDC,Global,Coal,Coal,Price,$/tonnes,59.53791741253433
2044,NGFS2023GCAM_NDC,Global,Coal,Coal,Price,$/tonnes,59.663486566181504
2045,NGFS2023GCAM_NDC,Global,Coal,Coal,Price,$/tonnes,59.789055719828674
2046,NGFS2023GCAM_NDC,Global,Coal,Coal,Price,$/tonnes,59.70500185685901
2047,NGFS2023GCAM_NDC,Global,Coal,Coal,Price,$/tonnes,59.620947993889345
2048,NGFS2023GCAM_NDC,Global,Coal,Coal,Price,$/tonnes,59.53689413091969
2049,NGFS2023GCAM_NDC,Global,Coal,Coal,Price,$/tonnes,59.45284026795003
2050,NGFS2023GCAM_NDC,Global,Coal,Coal,Price,$/tonnes,59.36878640498036
2051,NGFS2023GCAM_NDC,Global,Coal,Coal,Price,$/tonnes,59.20605330181163
2052,NGFS2023GCAM_NDC,Global,Coal,Coal,Price,$/tonnes,59.04332019864291
2053,NGFS2023GCAM_NDC,Global,Coal,Coal,Price,$/tonnes,58.88058709547418
2054,NGFS2023GCAM_NDC,Global,Coal,Coal,Price,$/tonnes,58.71785399230546
2055,NGFS2023GCAM_NDC,Global,Coal,Coal,Price,$/tonnes,58.55512088913672
2056,NGFS2023GCAM_NDC,Global,Coal,Coal,Price,$/tonnes,58.354466413696464
2057,NGFS2023GCAM_NDC,Global,Coal,Coal,Price,$/tonnes,58.15381193825621
2058,NGFS2023GCAM_NDC,Global,Coal,Coal,Price,$/tonnes,57.95315746281595
2059,NGFS2023GCAM_NDC,Global,Coal,Coal,Price,$/tonnes,57.7525029873757
2060,NGFS2023GCAM_NDC,Global,Coal,Coal,Price,$/tonnes,57.55184851193544
2061,NGFS2023GCAM_NDC,Global,Coal,Coal,Price,$/tonnes,57.34061552240414
2062,NGFS2023GCAM_NDC,Global,Coal,Coal,Price,$/tonnes,57.12938253287284
2063,NGFS2023GCAM_NDC,Global,Coal,Coal,Price,$/tonnes,56.91814954334155
2064,NGFS2023GCAM_NDC,Global,Coal,Coal,Price,$/tonnes,56.706916553810245
2065,NGFS2023GCAM_NDC,Global,Coal,Coal,Price,$/tonnes,56.49568356427895
2066,NGFS2023GCAM_NDC,Global,Coal,Coal,Price,$/tonnes,56.239046546827986
2067,NGFS2023GCAM_NDC,Global,Coal,Coal,Price,$/tonnes,55.98240952937703
2068,NGFS2023GCAM_NDC,Global,Coal,Coal,Price,$/tonnes,55.72577251192607
2069,NGFS2023GCAM_NDC,Global,Coal,Coal,Price,$/tonnes,55.469135494475104
2070,NGFS2023GCAM_NDC,Global,Coal,Coal,Price,$/tonnes,55.21249847702415
2071,NGFS2023GCAM_NDC,Global,Coal,Coal,Price,$/tonnes,54.94204529213019
2072,NGFS2023GCAM_NDC,Global,Coal,Coal,Price,$/tonnes,54.67159210723624
2073,NGFS2023GCAM_NDC,Global,Coal,Coal,Price,$/tonnes,54.40113892234229
2074,NGFS2023GCAM_NDC,Global,Coal,Coal,Price,$/tonnes,54.13068573744833
2075,NGFS2023GCAM_NDC,Global,Coal,Coal,Price,$/tonnes,53.86023255255438
2076,NGFS2023GCAM_NDC,Global,Coal,Coal,Price,$/tonnes,53.588709986738394
2077,NGFS2023GCAM_NDC,Global,Coal,Coal,Price,$/tonnes,53.3171874209224
2078,NGFS2023GCAM_NDC,Global,Coal,Coal,Price,$/tonnes,53.045664855106416
2079,NGFS2023GCAM_NDC,Global,Coal,Coal,Price,$/tonnes,52.77414228929043
2080,NGFS2023GCAM_NDC,Global,Coal,Coal,Price,$/tonnes,52.502619723474446
2081,NGFS2023GCAM_NDC,Global,Coal,Coal,Price,$/tonnes,52.26879225086458
2082,NGFS2023GCAM_NDC,Global,Coal,Coal,Price,$/tonnes,52.03496477825471
2083,NGFS2023GCAM_NDC,Global,Coal,Coal,Price,$/tonnes,51.80113730564484
2084,NGFS2023GCAM_NDC,Global,Coal,Coal,Price,$/tonnes,51.56730983303498
2085,NGFS2023GCAM_NDC,Global,Coal,Coal,Price,$/tonnes,51.33348236042512
2086,NGFS2023GCAM_NDC,Global,Coal,Coal,Price,$/tonnes,51.07549179233169
2087,NGFS2023GCAM_NDC,Global,Coal,Coal,Price,$/tonnes,50.81750122423827
2088,NGFS2023GCAM_NDC,Global,Coal,Coal,Price,$/tonnes,50.55951065614485
2089,NGFS2023GCAM_NDC,Global,Coal,Coal,Price,$/tonnes,50.30152008805143
2090,NGFS2023GCAM_NDC,Global,Coal,Coal,Price,$/tonnes,50.04352951995801
2091,NGFS2023GCAM_NDC,Global,Coal,Coal,Price,$/tonnes,49.69453475430884
2092,NGFS2023GCAM_NDC,Global,Coal,Coal,Price,$/tonnes,49.34553998865968
2093,NGFS2023GCAM_NDC,Global,Coal,Coal,Price,$/tonnes,48.99654522301052
2094,NGFS2023GCAM_NDC,Global,Coal,Coal,Price,$/tonnes,48.64755045736136
2095,NGFS2023GCAM_NDC,Global,Coal,Coal,Price,$/tonnes,48.298555691712195
2096,NGFS2023GCAM_NDC,Global,Coal,Coal,Price,$/tonnes,47.927801256337915
2097,NGFS2023GCAM_NDC,Global,Coal,Coal,Price,$/tonnes,47.55704682096364
2098,NGFS2023GCAM_NDC,Global,Coal,Coal,Price,$/tonnes,47.18629238558936
2099,NGFS2023GCAM_NDC,Global,Coal,Coal,Price,$/tonnes,46.81553795021509
2100,NGFS2023GCAM_NDC,Global,Coal,Coal,Price,$/tonnes,46.44478351484081
2022,NGFS2023MESSAGE_NDC,Global,Coal,Coal,Price,$/tonnes,69.45393493027113
2023,NGFS2023MESSAGE_NDC,Global,Coal,Coal,Price,$/tonnes,69.03817324318878
2024,NGFS2023MESSAGE_NDC,Global,Coal,Coal,Price,$/tonnes,68.62241155610643
2025,NGFS2023MESSAGE_NDC,Global,Coal,Coal,Price,$/tonnes,68.20664986902406
2026,NGFS2023MESSAGE_NDC,Global,Coal,Coal,Price,$/tonnes,66.86698799895032
2027,NGFS2023MESSAGE_NDC,Global,Coal,Coal,Price,$/tonnes,65.52732612887655
2028,NGFS2023MESSAGE_NDC,Global,Coal,Coal,Price,$/tonnes,64.1876642588028
2029,NGFS2023MESSAGE_NDC,Global,Coal,Coal,Price,$/tonnes,62.84800238872904
2030,NGFS2023MESSAGE_NDC,Global,Coal,Coal,Price,$/tonnes,61.50834051865528
2031,NGFS2023MESSAGE_NDC,Global,Coal,Coal,Price,$/tonnes,62.14901203970983
2032,NGFS2023MESSAGE_NDC,Global,Coal,Coal,Price,$/tonnes,62.78968356076439
2033,NGFS2023MESSAGE_NDC,Global,Coal,Coal,Price,$/tonnes,63.43035508181894
2034,NGFS2023MESSAGE_NDC,Global,Coal,Coal,Price,$/tonnes,64.0710266028735
2035,NGFS2023MESSAGE_NDC,Global,Coal,Coal,Price,$/tonnes,64.71169812392804
2036,NGFS2023MESSAGE_NDC,Global,Coal,Coal,Price,$/tonnes,64.45308374492731
2037,NGFS2023MESSAGE_NDC,Global,Coal,Coal,Price,$/tonnes,64.19446936592657
2038,NGFS2023MESSAGE_NDC,Global,Coal,Coal,Price,$/tonnes,63.93585498692583
2039,NGFS2023MESSAGE_NDC,Global,Coal,Coal,Price,$/tonnes,63.67724060792509
2040,NGFS2023MESSAGE_NDC,Global,Coal,Coal,Price,$/tonnes,63.41862622892435
2041,NGFS2023MESSAGE_NDC,Global,Coal,Coal,Price,$/tonnes,62.169111009709546
2042,NGFS2023MESSAGE_NDC,Global,Coal,Coal,Price,$/tonnes,60.919595790494746
2043,NGFS2023MESSAGE_NDC,Global,Coal,Coal,Price,$/tonnes,59.670080571279954
2044,NGFS2023MESSAGE_NDC,Global,Coal,Coal,Price,$/tonnes,58.420565352065154
2045,NGFS2023MESSAGE_NDC,Global,Coal,Coal,Price,$/tonnes,57.17105013285035
2046,NGFS2023MESSAGE_NDC,Global,Coal,Coal,Price,$/tonnes,59.3912309276563
2047,NGFS2023MESSAGE_NDC,Global,Coal,Coal,Price,$/tonnes,61.61141172246224
2048,NGFS2023MESSAGE_NDC,Global,Coal,Coal,Price,$/tonnes,63.8315925172682
2049,NGFS2023MESSAGE_NDC,Global,Coal,Coal,Price,$/tonnes,66.05177331207415
2050,NGFS2023MESSAGE_NDC,Global,Coal,Coal,Price,$/tonnes,68.27195410688009
2051,NGFS2023MESSAGE_NDC,Global,Coal,Coal,Price,$/tonnes,67.23917518556874
2052,NGFS2023MESSAGE_NDC,Global,Coal,Coal,Price,$/tonnes,66.20639626425739
2053,NGFS2023MESSAGE_NDC,Global,Coal,Coal,Price,$/tonnes,65.17361734294603
2054,NGFS2023MESSAGE_NDC,Global,Coal,Coal,Price,$/tonnes,64.14083842163468
2055,NGFS2023MESSAGE_NDC,Global,Coal,Coal,Price,$/tonnes,63.10805950032333
2056,NGFS2023MESSAGE_NDC,Global,Coal,Coal,Price,$/tonnes,64.2110215770532
2057,NGFS2023MESSAGE_NDC,Global,Coal,Coal,Price,$/tonnes,65.31398365378307
2058,NGFS2023MESSAGE_NDC,Global,Coal,Coal,Price,$/tonnes,66.41694573051294
2059,NGFS2023MESSAGE_NDC,Global,Coal,Coal,Price,$/tonnes,67.5199078072428
2060,NGFS2023MESSAGE_NDC,Global,Coal,Coal,Price,$/tonnes,68.62286988397267
2061,NGFS2023MESSAGE_NDC,Global,Coal,Coal,Price,$/tonnes,69.30970135322261
2062,NGFS2023MESSAGE_NDC,Global,Coal,Coal,Price,$/tonnes,69.99653282247256
2063,NGFS2023MESSAGE_NDC,Global,Coal,Coal,Price,$/tonnes,70.68336429172251
2064,NGFS2023MESSAGE_NDC,Global,Coal,Coal,Price,$/tonnes,71.37019576097245
2065,NGFS2023MESSAGE_NDC,Global,Coal,Coal,Price,$/tonnes,72.0570272302224
2066,NGFS2023MESSAGE_NDC,Global,Coal,Coal,Price,$/tonnes,72.74385869947234
2067,NGFS2023MESSAGE_NDC,Global,Coal,Coal,Price,$/tonnes,73.4306901687223
2068,NGFS2023MESSAGE_NDC,Global,Coal,Coal,Price,$/tonnes,74.11752163797223
2069,NGFS2023MESSAGE_NDC,Global,Coal,Coal,Price,$/tonnes,74.80435310722218
2070,NGFS2023MESSAGE_NDC,Global,Coal,Coal,Price,$/tonnes,75.49118457647212
2071,NGFS2023MESSAGE_NDC,Global,Coal,Coal,Price,$/tonnes,76.49219157688918
2072,NGFS2023MESSAGE_NDC,Global,Coal,Coal,Price,$/tonnes,77.49319857730625
2073,NGFS2023MESSAGE_NDC,Global,Coal,Coal,Price,$/tonnes,78.4942055777233
2074,NGFS2023MESSAGE_NDC,Global,Coal,Coal,Price,$/tonnes,79.49521257814037
2075,NGFS2023MESSAGE_NDC,Global,Coal,Coal,Price,$/tonnes,80.49621957855743
2076,NGFS2023MESSAGE_NDC,Global,Coal,Coal,Price,$/tonnes,81.49722657897449
2077,NGFS2023MESSAGE_NDC,Global,Coal,Coal,Price,$/tonnes,82.49823357939155
2078,NGFS2023MESSAGE_NDC,Global,Coal,Coal,Price,$/tonnes,83.49924057980861
2079,NGFS2023MESSAGE_NDC,Global,Coal,Coal,Price,$/tonnes,84.50024758022566
2080,NGFS2023MESSAGE_NDC,Global,Coal,Coal,Price,$/tonnes,85.50125458064274
2081,NGFS2023MESSAGE_NDC,Global,Coal,Coal,Price,$/tonnes,86.78896053383818
2082,NGFS2023MESSAGE_NDC,Global,Coal,Coal,Price,$/tonnes,88.0766664870336
2083,NGFS2023MESSAGE_NDC,Global,Coal,Coal,Price,$/tonnes,89.36437244022905
2084,NGFS2023MESSAGE_NDC,Global,Coal,Coal,Price,$/tonnes,90.65207839342447
2085,NGFS2023MESSAGE_NDC,Global,Coal,Coal,Price,$/tonnes,91.93978434661992
2086,NGFS2023MESSAGE_NDC,Global,Coal,Coal,Price,$/tonnes,93.22749029981536
2087,NGFS2023MESSAGE_NDC,Global,Coal,Coal,Price,$/tonnes,94.5151962530108
2088,NGFS2023MESSAGE_NDC,Global,Coal,Coal,Price,$/tonnes,95.80290220620624
2089,NGFS2023MESSAGE_NDC,Global,Coal,Coal,Price,$/tonnes,97.09060815940168
2090,NGFS2023MESSAGE_NDC,Global,Coal,Coal,Price,$/tonnes,98.37831411259712
2091,NGFS2023MESSAGE_NDC,Global,Coal,Coal,Price,$/tonnes,100.020643015047
2092,NGFS2023MESSAGE_NDC,Global,Coal,Coal,Price,$/tonnes,101.66297191749688
2093,NGFS2023MESSAGE_NDC,Global,Coal,Coal,Price,$/tonnes,103.30530081994677
2094,NGFS2023MESSAGE_NDC,Global,Coal,Coal,Price,$/tonnes,104.94762972239664
2095,NGFS2023MESSAGE_NDC,Global,Coal,Coal,Price,$/tonnes,106.58995862484652
2096,NGFS2023MESSAGE_NDC,Global,Coal,Coal,Price,$/tonnes,108.2322875272964
2097,NGFS2023MESSAGE_NDC,Global,Coal,Coal,Price,$/tonnes,109.87461642974628
2098,NGFS2023MESSAGE_NDC,Global,Coal,Coal,Price,$/tonnes,111.51694533219616
2099,NGFS2023MESSAGE_NDC,Global,Coal,Coal,Price,$/tonnes,113.15927423464603
2100,NGFS2023MESSAGE_NDC,Global,Coal,Coal,Price,$/tonnes,114.80160313709594
2022,NGFS2023REMIND_NDC,Global,Coal,Coal,Price,$/tonnes,60.73231800438616
2023,NGFS2023REMIND_NDC,Global,Coal,Coal,Price,$/tonnes,61.3063230852679
2024,NGFS2023REMIND_NDC,Global,Coal,Coal,Price,$/tonnes,61.88032816614963
2025,NGFS2023REMIND_NDC,Global,Coal,Coal,Price,$/tonnes,62.45433324703136
2026,NGFS2023REMIND_NDC,Global,Coal,Coal,Price,$/tonnes,62.194296109851074
2027,NGFS2023REMIND_NDC,Global,Coal,Coal,Price,$/tonnes,61.93425897267078
2028,NGFS2023REMIND_NDC,Global,Coal,Coal,Price,$/tonnes,61.67422183549048
2029,NGFS2023REMIND_NDC,Global,Coal,Coal,Price,$/tonnes,61.41418469831019
2030,NGFS2023REMIND_NDC,Global,Coal,Coal,Price,$/tonnes,61.1541475611299
2031,NGFS2023REMIND_NDC,Global,Coal,Coal,Price,$/tonnes,61.106390752256345
2032,NGFS2023REMIND_NDC,Global,Coal,Coal,Price,$/tonnes,61.05863394338278
2033,NGFS2023REMIND_NDC,Global,Coal,Coal,Price,$/tonnes,61.01087713450922
2034,NGFS2023REMIND_NDC,Global,Coal,Coal,Price,$/tonnes,60.96312032563566
2035,NGFS2023REMIND_NDC,Global,Coal,Coal,Price,$/tonnes,60.9153635167621
2036,NGFS2023REMIND_NDC,Global,Coal,Coal,Price,$/tonnes,60.14618556640642
2037,NGFS2023REMIND_NDC,Global,Coal,Coal,Price,$/tonnes,59.377007616050754
2038,NGFS2023REMIND_NDC,Global,Coal,Coal,Price,$/tonnes,58.60782966569508
2039,NGFS2023REMIND_NDC,Global,Coal,Coal,Price,$/tonnes,57.8386517153394
2040,NGFS2023REMIND_NDC,Global,Coal,Coal,Price,$/tonnes,57.069473764983734
2041,NGFS2023REMIND_NDC,Global,Coal,Coal,Price,$/tonnes,56.402152784937066
2042,NGFS2023REMIND_NDC,Global,Coal,Coal,Price,$/tonnes,55.73483180489038
2043,NGFS2023REMIND_NDC,Global,Coal,Coal,Price,$/tonnes,55.067510824843716
2044,NGFS2023REMIND_NDC,Global,Coal,Coal,Price,$/tonnes,54.40018984479704
2045,NGFS2023REMIND_NDC,Global,Coal,Coal,Price,$/tonnes,53.73286886475037
2046,NGFS2023REMIND_NDC,Global,Coal,Coal,Price,$/tonnes,54.263955103843514
2047,NGFS2023REMIND_NDC,Global,Coal,Coal,Price,$/tonnes,54.79504134293666
2048,NGFS2023REMIND_NDC,Global,Coal,Coal,Price,$/tonnes,55.32612758202982
2049,NGFS2023REMIND_NDC,Global,Coal,Coal,Price,$/tonnes,55.85721382112297
2050,NGFS2023REMIND_NDC,Global,Coal,Coal,Price,$/tonnes,56.38830006021612
2051,NGFS2023REMIND_NDC,Global,Coal,Coal,Price,$/tonnes,56.10218680001687
2052,NGFS2023REMIND_NDC,Global,Coal,Coal,Price,$/tonnes,55.81607353981761
2053,NGFS2023REMIND_NDC,Global,Coal,Coal,Price,$/tonnes,55.529960279618365
2054,NGFS2023REMIND_NDC,Global,Coal,Coal,Price,$/tonnes,55.24384701941911
2055,NGFS2023REMIND_NDC,Global,Coal,Coal,Price,$/tonnes,54.957733759219856
2056,NGFS2023REMIND_NDC,Global,Coal,Coal,Price,$/tonnes,57.962561821104224
2057,NGFS2023REMIND_NDC,Global,Coal,Coal,Price,$/tonnes,60.96738988298859
2058,NGFS2023REMIND_NDC,Global,Coal,Coal,Price,$/tonnes,63.972217944872966
2059,NGFS2023REMIND_NDC,Global,Coal,Coal,Price,$/tonnes,66.97704600675732
2060,NGFS2023REMIND_NDC,Global,Coal,Coal,Price,$/tonnes,69.98187406864169
2061,NGFS2023REMIND_NDC,Global,Coal,Coal,Price,$/tonnes,69.21220070888668
2062,NGFS2023REMIND_NDC,Global,Coal,Coal,Price,$/tonnes,68.44252734913167
2063,NGFS2023REMIND_NDC,Global,Coal,Coal,Price,$/tonnes,67.67285398937666
2064,NGFS2023REMIND_NDC,Global,Coal,Coal,Price,$/tonnes,66.90318062962164
2065,NGFS2023REMIND_NDC,Global,Coal,Coal,Price,$/tonnes,66.13350726986664
2066,NGFS2023REMIND_NDC,Global,Coal,Coal,Price,$/tonnes,65.36383391011161
2067,NGFS2023REMIND_NDC,Global,Coal,Coal,Price,$/tonnes,64.5941605503566
2068,NGFS2023REMIND_NDC,Global,Coal,Coal,Price,$/tonnes,63.82448719060159
2069,NGFS2023REMIND_NDC,Global,Coal,Coal,Price,$/tonnes,63.05481383084658
2070,NGFS2023REMIND_NDC,Global,Coal,Coal,Price,$/tonnes,62.285140471091566
2071,NGFS2023REMIND_NDC,Global,Coal,Coal,Price,$/tonnes,62.94023057561457
2072,NGFS2023REMIND_NDC,Global,Coal,Coal,Price,$/tonnes,63.59532068013757
2073,NGFS2023REMIND_NDC,Global,Coal,Coal,Price,$/tonnes,64.25041078466057
2074,NGFS2023REMIND_NDC,Global,Coal,Coal,Price,$/tonnes,64.90550088918357
2075,NGFS2023REMIND_NDC,Global,Coal,Coal,Price,$/tonnes,65.5605909937066
2076,NGFS2023REMIND_NDC,Global,Coal,Coal,Price,$/tonnes,66.2156810982296
2077,NGFS2023REMIND_NDC,Global,Coal,Coal,Price,$/tonnes,66.870771202752593
2078,NGFS2023REMIND_NDC,Global,Coal,Coal,Price,$/tonnes,67.5258613072756
2079,NGFS2023REMIND_NDC,Global,Coal,Coal,Price,$/tonnes,68.1809514117986
2080,NGFS2023REMIND_NDC,Global,Coal,Coal,Price,$/tonnes,68.8360415163216
2081,NGFS2023REMIND_NDC,Global,Coal,Coal,Price,$/tonnes,68.88678929453414
2082,NGFS2023REMIND_NDC,Global,Coal,Coal,Price,$/tonnes,68.9375370727467
2083,NGFS2023REMIND_NDC,Global,Coal,Coal,Price,$/tonnes,68.98828485095923
2084,NGFS2023REMIND_NDC,Global,Coal,Coal,Price,$/tonnes,69.03903262917177
2085,NGFS2023REMIND_NDC,Global,Coal,Coal,Price,$/tonnes,69.08978040738431
2086,NGFS2023REMIND_NDC,Global,Coal,Coal,Price,$/tonnes,69.14052818559686
2087,NGFS2023REMIND_NDC,Global,Coal,Coal,Price,$/tonnes,69.1912759638094
2088,NGFS2023REMIND_NDC,Global,Coal,Coal,Price,$/tonnes,69.24202374202194
2089,NGFS2023REMIND_NDC,Global,Coal,Coal,Price,$/tonnes,69.29277152023448
2090,NGFS2023REMIND_NDC,Global,Coal,Coal,Price,$/tonnes,69.34351929844702
2091,NGFS2023REMIND_NDC,Global,Coal,Coal,Price,$/tonnes,69.51333823712031
2092,NGFS2023REMIND_NDC,Global,Coal,Coal,Price,$/tonnes,69.68315717579358
2093,NGFS2023REMIND_NDC,Global,Coal,Coal,Price,$/tonnes,69.85297611446686
2094,NGFS2023REMIND_NDC,Global,Coal,Coal,Price,$/tonnes,70.02279505314014
2095,NGFS2023REMIND_NDC,Global,Coal,Coal,Price,$/tonnes,70.1926139918134
2096,NGFS2023REMIND_NDC,Global,Coal,Coal,Price,$/tonnes,70.36243293048669
2097,NGFS2023REMIND_NDC,Global,Coal,Coal,Price,$/tonnes,70.53225186915996
2098,NGFS2023REMIND_NDC,Global,Coal,Coal,Price,$/tonnes,70.70207080783325
2099,NGFS2023REMIND_NDC,Global,Coal,Coal,Price,$/tonnes,70.87188974650651
2100,NGFS2023REMIND_NDC,Global,Coal,Coal,Price,$/tonnes,71.0417086851798
2022,NGFS2023GCAM_NZ2050,Global,Coal,Coal,Price,$/tonnes,59.10459877787046
2023,NGFS2023GCAM_NZ2050,Global,Coal,Coal,Price,$/tonnes,60.452642181510605
2024,NGFS2023GCAM_NZ2050,Global,Coal,Coal,Price,$/tonnes,61.800685585150745
2025,NGFS2023GCAM_NZ2050,Global,Coal,Coal,Price,$/tonnes,63.1487289887909
2026,NGFS2023GCAM_NZ2050,Global,Coal,Coal,Price,$/tonnes,63.70663425852164
2027,NGFS2023GCAM_NZ2050,Global,Coal,Coal,Price,$/tonnes,64.26453952825237
2028,NGFS2023GCAM_NZ2050,Global,Coal,Coal,Price,$/tonnes,64.82244479798311
2029,NGFS2023GCAM_NZ2050,Global,Coal,Coal,Price,$/tonnes,65.38035006771383
2030,NGFS2023GCAM_NZ2050,Global,Coal,Coal,Price,$/tonnes,65.93825533744459
2031,NGFS2023GCAM_NZ2050,Global,Coal,Coal,Price,$/tonnes,67.00391879844234
2032,NGFS2023GCAM_NZ2050,Global,Coal,Coal,Price,$/tonnes,68.0695822594401
2033,NGFS2023GCAM_NZ2050,Global,Coal,Coal,Price,$/tonnes,69.13524572043787
2034,NGFS2023GCAM_NZ2050,Global,Coal,Coal,Price,$/tonnes,70.20090918143562
2035,NGFS2023GCAM_NZ2050,Global,Coal,Coal,Price,$/tonnes,71.26657264243339
2036,NGFS2023GCAM_NZ2050,Global,Coal,Coal,Price,$/tonnes,73.37115757293883
2037,NGFS2023GCAM_NZ2050,Global,Coal,Coal,Price,$/tonnes,75.47574250344427
2038,NGFS2023GCAM_NZ2050,Global,Coal,Coal,Price,$/tonnes,77.5803274339497
2039,NGFS2023GCAM_NZ2050,Global,Coal,Coal,Price,$/tonnes,79.68491236445516
2040,NGFS2023GCAM_NZ2050,Global,Coal,Coal,Price,$/tonnes,81.78949729496058
2041,NGFS2023GCAM_NZ2050,Global,Coal,Coal,Price,$/tonnes,85.7389904017376
2042,NGFS2023GCAM_NZ2050,Global,Coal,Coal,Price,$/tonnes,89.68848350851461
2043,NGFS2023GCAM_NZ2050,Global,Coal,Coal,Price,$/tonnes,93.6379766152916
2044,NGFS2023GCAM_NZ2050,Global,Coal,Coal,Price,$/tonnes,97.58746972206862
2045,NGFS2023GCAM_NZ2050,Global,Coal,Coal,Price,$/tonnes,101.53696282884562
2046,NGFS2023GCAM_NZ2050,Global,Coal,Coal,Price,$/tonnes,103.92139488186392
2047,NGFS2023GCAM_NZ2050,Global,Coal,Coal,Price,$/tonnes,106.30582693488223
2048,NGFS2023GCAM_NZ2050,Global,Coal,Coal,Price,$/tonnes,108.69025898790052
2049,NGFS2023GCAM_NZ2050,Global,Coal,Coal,Price,$/tonnes,111.07469104091884
2050,NGFS2023GCAM_NZ2050,Global,Coal,Coal,Price,$/tonnes,113.45912309393714
2051,NGFS2023GCAM_NZ2050,Global,Coal,Coal,Price,$/tonnes,115.1976481972652
2052,NGFS2023GCAM_NZ2050,Global,Coal,Coal,Price,$/tonnes,116.93617330059324
2053,NGFS2023GCAM_NZ2050,Global,Coal,Coal,Price,$/tonnes,118.67469840392133
2054,NGFS2023GCAM_NZ2050,Global,Coal,Coal,Price,$/tonnes,120.41322350724936
2055,NGFS2023GCAM_NZ2050,Global,Coal,Coal,Price,$/tonnes,122.1517486105774
2056,NGFS2023GCAM_NZ2050,Global,Coal,Coal,Price,$/tonnes,122.50049759721271
2057,NGFS2023GCAM_NZ2050,Global,Coal,Coal,Price,$/tonnes,122.84924658384804
2058,NGFS2023GCAM_NZ2050,Global,Coal,Coal,Price,$/tonnes,123.1979955704833
2059,NGFS2023GCAM_NZ2050,Global,Coal,Coal,Price,$/tonnes,123.5467445571186
2060,NGFS2023GCAM_NZ2050,Global,Coal,Coal,Price,$/tonnes,123.89549354375391
2061,NGFS2023GCAM_NZ2050,Global,Coal,Coal,Price,$/tonnes,123.1436968481429
2062,NGFS2023GCAM_NZ2050,Global,Coal,Coal,Price,$/tonnes,122.39190015253187
2063,NGFS2023GCAM_NZ2050,Global,Coal,Coal,Price,$/tonnes,121.64010345692084
2064,NGFS2023GCAM_NZ2050,Global,Coal,Coal,Price,$/tonnes,120.88830676130983
2065,NGFS2023GCAM_NZ2050,Global,Coal,Coal,Price,$/tonnes,120.1365100656988
2066,NGFS2023GCAM_NZ2050,Global,Coal,Coal,Price,$/tonnes,120.0729343878574
2067,NGFS2023GCAM_NZ2050,Global,Coal,Coal,Price,$/tonnes,120.00935871001602
2068,NGFS2023GCAM_NZ2050,Global,Coal,Coal,Price,$/tonnes,119.9457830321746
2069,NGFS2023GCAM_NZ2050,Global,Coal,Coal,Price,$/tonnes,119.8822073543332
2070,NGFS2023GCAM_NZ2050,Global,Coal,Coal,Price,$/tonnes,119.8186316764918
2071,NGFS2023GCAM_NZ2050,Global,Coal,Coal,Price,$/tonnes,120.16996547530904
2072,NGFS2023GCAM_NZ2050,Global,Coal,Coal,Price,$/tonnes,120.52129927412626
2073,NGFS2023GCAM_NZ2050,Global,Coal,Coal,Price,$/tonnes,120.87263307294351
2074,NGFS2023GCAM_NZ2050,Global,Coal,Coal,Price,$/tonnes,121.22396687176077
2075,NGFS2023GCAM_NZ2050,Global,Coal,Coal,Price,$/tonnes,121.57530067057796
2076,NGFS2023GCAM_NZ2050,Global,Coal,Coal,Price,$/tonnes,121.95722266024048
2077,NGFS2023GCAM_NZ2050,Global,Coal,Coal,Price,$/tonnes,122.339144649903
2078,NGFS2023GCAM_NZ2050,Global,Coal,Coal,Price,$/tonnes,122.72106663956548
2079,NGFS2023GCAM_NZ2050,Global,Coal,Coal,Price,$/tonnes,123.102988629228
2080,NGFS2023GCAM_NZ2050,Global,Coal,Coal,Price,$/tonnes,123.48491061889052
2081,NGFS2023GCAM_NZ2050,Global,Coal,Coal,Price,$/tonnes,123.80083695723482
2082,NGFS2023GCAM_NZ2050,Global,Coal,Coal,Price,$/tonnes,124.11676329557916
2083,NGFS2023GCAM_NZ2050,Global,Coal,Coal,Price,$/tonnes,124.43268963392345
2084,NGFS2023GCAM_NZ2050,Global,Coal,Coal,Price,$/tonnes,124.74861597226776
2085,NGFS2023GCAM_NZ2050,Global,Coal,Coal,Price,$/tonnes,125.06454231061208
2086,NGFS2023GCAM_NZ2050,Global,Coal,Coal,Price,$/tonnes,125.04743352796184
2087,NGFS2023GCAM_NZ2050,Global,Coal,Coal,Price,$/tonnes,125.03032474531156
2088,NGFS2023GCAM_NZ2050,Global,Coal,Coal,Price,$/tonnes,125.0132159626613
2089,NGFS2023GCAM_NZ2050,Global,Coal,Coal,Price,$/tonnes,124.99610718001104
2090,NGFS2023GCAM_NZ2050,Global,Coal,Coal,Price,$/tonnes,124.97899839736078
2091,NGFS2023GCAM_NZ2050,Global,Coal,Coal,Price,$/tonnes,124.7809695029944
2092,NGFS2023GCAM_NZ2050,Global,Coal,Coal,Price,$/tonnes,124.582940608628
2093,NGFS2023GCAM_NZ2050,Global,Coal,Coal,Price,$/tonnes,124.3849117142616
2094,NGFS2023GCAM_NZ2050,Global,Coal,Coal,Price,$/tonnes,124.1868828198952
2095,NGFS2023GCAM_NZ2050,Global,Coal,Coal,Price,$/tonnes,123.98885392552882
2096,NGFS2023GCAM_NZ2050,Global,Coal,Coal,Price,$/tonnes,123.8142348335036
2097,NGFS2023GCAM_NZ2050,Global,Coal,Coal,Price,$/tonnes,123.63961574147837
2098,NGFS2023GCAM_NZ2050,Global,Coal,Coal,Price,$/tonnes,123.46499664945314
2099,NGFS2023GCAM_NZ2050,Global,Coal,Coal,Price,$/tonnes,123.2903775574279
2100,NGFS2023GCAM_NZ2050,Global,Coal,Coal,Price,$/tonnes,123.11575846540268
2022,NGFS2023MESSAGE_NZ2050,Global,Coal,Coal,Price,$/tonnes,69.45393493027113
2023,NGFS2023MESSAGE_NZ2050,Global,Coal,Coal,Price,$/tonnes,69.03817324318878
2024,NGFS2023MESSAGE_NZ2050,Global,Coal,Coal,Price,$/tonnes,68.62241155610643
2025,NGFS2023MESSAGE_NZ2050,Global,Coal,Coal,Price,$/tonnes,68.20664986902406
2026,NGFS2023MESSAGE_NZ2050,Global,Coal,Coal,Price,$/tonnes,37.443517013983254
2027,NGFS2023MESSAGE_NZ2050,Global,Coal,Coal,Price,$/tonnes,6.680384158942444
2028,NGFS2023MESSAGE_NZ2050,Global,Coal,Coal,Price,$/tonnes,-24.082748696098367
2029,NGFS2023MESSAGE_NZ2050,Global,Coal,Coal,Price,$/tonnes,-54.84588155113918
2030,NGFS2023MESSAGE_NZ2050,Global,Coal,Coal,Price,$/tonnes,-85.60901440618
2031,NGFS2023MESSAGE_NZ2050,Global,Coal,Coal,Price,$/tonnes,-41.48753913462168
2032,NGFS2023MESSAGE_NZ2050,Global,Coal,Coal,Price,$/tonnes,2.6339361369366165
2033,NGFS2023MESSAGE_NZ2050,Global,Coal,Coal,Price,$/tonnes,46.7554114084949
2034,NGFS2023MESSAGE_NZ2050,Global,Coal,Coal,Price,$/tonnes,90.87688668005322
2035,NGFS2023MESSAGE_NZ2050,Global,Coal,Coal,Price,$/tonnes,134.9983619516115
2036,NGFS2023MESSAGE_NZ2050,Global,Coal,Coal,Price,$/tonnes,148.58117895903428
2037,NGFS2023MESSAGE_NZ2050,Global,Coal,Coal,Price,$/tonnes,162.16399596645704
2038,NGFS2023MESSAGE_NZ2050,Global,Coal,Coal,Price,$/tonnes,175.74681297387977
2039,NGFS2023MESSAGE_NZ2050,Global,Coal,Coal,Price,$/tonnes,189.32962998130253
2040,NGFS2023MESSAGE_NZ2050,Global,Coal,Coal,Price,$/tonnes,202.9124469887253
2041,NGFS2023MESSAGE_NZ2050,Global,Coal,Coal,Price,$/tonnes,211.8283975130976
2042,NGFS2023MESSAGE_NZ2050,Global,Coal,Coal,Price,$/tonnes,220.74434803746988
2043,NGFS2023MESSAGE_NZ2050,Global,Coal,Coal,Price,$/tonnes,229.66029856184215
2044,NGFS2023MESSAGE_NZ2050,Global,Coal,Coal,Price,$/tonnes,238.57624908621452
2045,NGFS2023MESSAGE_NZ2050,Global,Coal,Coal,Price,$/tonnes,247.4921996105868
2046,NGFS2023MESSAGE_NZ2050,Global,Coal,Coal,Price,$/tonnes,253.9639532469845
2047,NGFS2023MESSAGE_NZ2050,Global,Coal,Coal,Price,$/tonnes,260.4357068833822
2048,NGFS2023MESSAGE_NZ2050,Global,Coal,Coal,Price,$/tonnes,266.90746051977993
2049,NGFS2023MESSAGE_NZ2050,Global,Coal,Coal,Price,$/tonnes,273.3792141561776
2050,NGFS2023MESSAGE_NZ2050,Global,Coal,Coal,Price,$/tonnes,279.8509677925754
2051,NGFS2023MESSAGE_NZ2050,Global,Coal,Coal,Price,$/tonnes,274.99556033210246
2052,NGFS2023MESSAGE_NZ2050,Global,Coal,Coal,Price,$/tonnes,270.14015287162954
2053,NGFS2023MESSAGE_NZ2050,Global,Coal,Coal,Price,$/tonnes,265.28474541115656
2054,NGFS2023MESSAGE_NZ2050,Global,Coal,Coal,Price,$/tonnes,260.42933795068365
2055,NGFS2023MESSAGE_NZ2050,Global,Coal,Coal,Price,$/tonnes,255.57393049021076
2056,NGFS2023MESSAGE_NZ2050,Global,Coal,Coal,Price,$/tonnes,236.0972422187649
2057,NGFS2023MESSAGE_NZ2050,Global,Coal,Coal,Price,$/tonnes,216.62055394731908
2058,NGFS2023MESSAGE_NZ2050,Global,Coal,Coal,Price,$/tonnes,197.14386567587323
2059,NGFS2023MESSAGE_NZ2050,Global,Coal,Coal,Price,$/tonnes,177.6671774044274
2060,NGFS2023MESSAGE_NZ2050,Global,Coal,Coal,Price,$/tonnes,158.19048913298155
2061,NGFS2023MESSAGE_NZ2050,Global,Coal,Coal,Price,$/tonnes,151.63596510100842
2062,NGFS2023MESSAGE_NZ2050,Global,Coal,Coal,Price,$/tonnes,145.0814410690353
2063,NGFS2023MESSAGE_NZ2050,Global,Coal,Coal,Price,$/tonnes,138.5269170370622
2064,NGFS2023MESSAGE_NZ2050,Global,Coal,Coal,Price,$/tonnes,131.97239300508906
2065,NGFS2023MESSAGE_NZ2050,Global,Coal,Coal,Price,$/tonnes,125.41786897311596
2066,NGFS2023MESSAGE_NZ2050,Global,Coal,Coal,Price,$/tonnes,118.86334494114284
2067,NGFS2023MESSAGE_NZ2050,Global,Coal,Coal,Price,$/tonnes,112.30882090916973
2068,NGFS2023MESSAGE_NZ2050,Global,Coal,Coal,Price,$/tonnes,105.75429687719658
2069,NGFS2023MESSAGE_NZ2050,Global,Coal,Coal,Price,$/tonnes,99.19977284522348
2070,NGFS2023MESSAGE_NZ2050,Global,Coal,Coal,Price,$/tonnes,92.64524881325036
2071,NGFS2023MESSAGE_NZ2050,Global,Coal,Coal,Price,$/tonnes,93.9022855122822
2072,NGFS2023MESSAGE_NZ2050,Global,Coal,Coal,Price,$/tonnes,95.15932221131406
2073,NGFS2023MESSAGE_NZ2050,Global,Coal,Coal,Price,$/tonnes,96.41635891034592
2074,NGFS2023MESSAGE_NZ2050,Global,Coal,Coal,Price,$/tonnes,97.67339560937778
2075,NGFS2023MESSAGE_NZ2050,Global,Coal,Coal,Price,$/tonnes,98.93043230840964
2076,NGFS2023MESSAGE_NZ2050,Global,Coal,Coal,Price,$/tonnes,100.18746900744148
2077,NGFS2023MESSAGE_NZ2050,Global,Coal,Coal,Price,$/tonnes,101.44450570647334
2078,NGFS2023MESSAGE_NZ2050,Global,Coal,Coal,Price,$/tonnes,102.7015424055052
2079,NGFS2023MESSAGE_NZ2050,Global,Coal,Coal,Price,$/tonnes,103.95857910453708
2080,NGFS2023MESSAGE_NZ2050,Global,Coal,Coal,Price,$/tonnes,105.21561580356892
2081,NGFS2023MESSAGE_NZ2050,Global,Coal,Coal,Price,$/tonnes,104.72454348213196
2082,NGFS2023MESSAGE_NZ2050,Global,Coal,Coal,Price,$/tonnes,104.23347116069505
2083,NGFS2023MESSAGE_NZ2050,Global,Coal,Coal,Price,$/tonnes,103.74239883925809
2084,NGFS2023MESSAGE_NZ2050,Global,Coal,Coal,Price,$/tonnes,103.25132651782116
2085,NGFS2023MESSAGE_NZ2050,Global,Coal,Coal,Price,$/tonnes,102.7602541963842
2086,NGFS2023MESSAGE_NZ2050,Global,Coal,Coal,Price,$/tonnes,102.26918187494726
2087,NGFS2023MESSAGE_NZ2050,Global,Coal,Coal,Price,$/tonnes,101.77810955351032
2088,NGFS2023MESSAGE_NZ2050,Global,Coal,Coal,Price,$/tonnes,101.2870372320734
2089,NGFS2023MESSAGE_NZ2050,Global,Coal,Coal,Price,$/tonnes,100.79596491063646
2090,NGFS2023MESSAGE_NZ2050,Global,Coal,Coal,Price,$/tonnes,100.30489258919953
2091,NGFS2023MESSAGE_NZ2050,Global,Coal,Coal,Price,$/tonnes,101.0277441857468
2092,NGFS2023MESSAGE_NZ2050,Global,Coal,Coal,Price,$/tonnes,101.75059578229413
2093,NGFS2023MESSAGE_NZ2050,Global,Coal,Coal,Price,$/tonnes,102.4734473788414
2094,NGFS2023MESSAGE_NZ2050,Global,Coal,Coal,Price,$/tonnes,103.1962989753887
2095,NGFS2023MESSAGE_NZ2050,Global,Coal,Coal,Price,$/tonnes,103.919150571936
2096,NGFS2023MESSAGE_NZ2050,Global,Coal,Coal,Price,$/tonnes,104.64200216848327
2097,NGFS2023MESSAGE_NZ2050,Global,Coal,Coal,Price,$/tonnes,105.3648537650306
2098,NGFS2023MESSAGE_NZ2050,Global,Coal,Coal,Price,$/tonnes,106.08770536157787
2099,NGFS2023MESSAGE_NZ2050,Global,Coal,Coal,Price,$/tonnes,106.8105569581252
2100,NGFS2023MESSAGE_NZ2050,Global,Coal,Coal,Price,$/tonnes,107.53340855467248
2022,NGFS2023REMIND_NZ2050,Global,Coal,Coal,Price,$/tonnes,66.40617366376442
2023,NGFS2023REMIND_NZ2050,Global,Coal,Coal,Price,$/tonnes,69.81710657433527
2024,NGFS2023REMIND_NZ2050,Global,Coal,Coal,Price,$/tonnes,73.22803948490613
2025,NGFS2023REMIND_NZ2050,Global,Coal,Coal,Price,$/tonnes,76.638972395477
2026,NGFS2023REMIND_NZ2050,Global,Coal,Coal,Price,$/tonnes,71.72213032104331
2027,NGFS2023REMIND_NZ2050,Global,Coal,Coal,Price,$/tonnes,66.80528824660962
2028,NGFS2023REMIND_NZ2050,Global,Coal,Coal,Price,$/tonnes,61.88844617217593
2029,NGFS2023REMIND_NZ2050,Global,Coal,Coal,Price,$/tonnes,56.97160409774224
2030,NGFS2023REMIND_NZ2050,Global,Coal,Coal,Price,$/tonnes,52.054762023308555
2031,NGFS2023REMIND_NZ2050,Global,Coal,Coal,Price,$/tonnes,50.102375332711645
2032,NGFS2023REMIND_NZ2050,Global,Coal,Coal,Price,$/tonnes,48.14998864211473
2033,NGFS2023REMIND_NZ2050,Global,Coal,Coal,Price,$/tonnes,46.19760195151782
2034,NGFS2023REMIND_NZ2050,Global,Coal,Coal,Price,$/tonnes,44.2452152609209
2035,NGFS2023REMIND_NZ2050,Global,Coal,Coal,Price,$/tonnes,42.29282857032399
2036,NGFS2023REMIND_NZ2050,Global,Coal,Coal,Price,$/tonnes,41.879623139626425
2037,NGFS2023REMIND_NZ2050,Global,Coal,Coal,Price,$/tonnes,41.46641770892885
2038,NGFS2023REMIND_NZ2050,Global,Coal,Coal,Price,$/tonnes,41.053212278231285
2039,NGFS2023REMIND_NZ2050,Global,Coal,Coal,Price,$/tonnes,40.64000684753371
2040,NGFS2023REMIND_NZ2050,Global,Coal,Coal,Price,$/tonnes,40.226801416836146
2041,NGFS2023REMIND_NZ2050,Global,Coal,Coal,Price,$/tonnes,40.62931866160882
2042,NGFS2023REMIND_NZ2050,Global,Coal,Coal,Price,$/tonnes,41.031835906381495
2043,NGFS2023REMIND_NZ2050,Global,Coal,Coal,Price,$/tonnes,41.434353151154184
2044,NGFS2023REMIND_NZ2050,Global,Coal,Coal,Price,$/tonnes,41.83687039592686
2045,NGFS2023REMIND_NZ2050,Global,Coal,Coal,Price,$/tonnes,42.23938764069953
2046,NGFS2023REMIND_NZ2050,Global,Coal,Coal,Price,$/tonnes,43.98018440894479
2047,NGFS2023REMIND_NZ2050,Global,Coal,Coal,Price,$/tonnes,45.72098117719004
2048,NGFS2023REMIND_NZ2050,Global,Coal,Coal,Price,$/tonnes,47.46177794543529
2049,NGFS2023REMIND_NZ2050,Global,Coal,Coal,Price,$/tonnes,49.20257471368054
2050,NGFS2023REMIND_NZ2050,Global,Coal,Coal,Price,$/tonnes,50.94337148192579
2051,NGFS2023REMIND_NZ2050,Global,Coal,Coal,Price,$/tonnes,50.67010908021631
2052,NGFS2023REMIND_NZ2050,Global,Coal,Coal,Price,$/tonnes,50.396846678506826
2053,NGFS2023REMIND_NZ2050,Global,Coal,Coal,Price,$/tonnes,50.12358427679734
2054,NGFS2023REMIND_NZ2050,Global,Coal,Coal,Price,$/tonnes,49.85032187508786
2055,NGFS2023REMIND_NZ2050,Global,Coal,Coal,Price,$/tonnes,49.57705947337838
2056,NGFS2023REMIND_NZ2050,Global,Coal,Coal,Price,$/tonnes,50.93738174678301
2057,NGFS2023REMIND_NZ2050,Global,Coal,Coal,Price,$/tonnes,52.29770402018763
2058,NGFS2023REMIND_NZ2050,Global,Coal,Coal,Price,$/tonnes,53.65802629359225
2059,NGFS2023REMIND_NZ2050,Global,Coal,Coal,Price,$/tonnes,55.01834856699687
2060,NGFS2023REMIND_NZ2050,Global,Coal,Coal,Price,$/tonnes,56.3786708404015
2061,NGFS2023REMIND_NZ2050,Global,Coal,Coal,Price,$/tonnes,56.46620758219383
2062,NGFS2023REMIND_NZ2050,Global,Coal,Coal,Price,$/tonnes,56.55374432398616
2063,NGFS2023REMIND_NZ2050,Global,Coal,Coal,Price,$/tonnes,56.64128106577849
2064,NGFS2023REMIND_NZ2050,Global,Coal,Coal,Price,$/tonnes,56.72881780757082
2065,NGFS2023REMIND_NZ2050,Global,Coal,Coal,Price,$/tonnes,56.81635454936316
2066,NGFS2023REMIND_NZ2050,Global,Coal,Coal,Price,$/tonnes,56.90389129115549
2067,NGFS2023REMIND_NZ2050,Global,Coal,Coal,Price,$/tonnes,56.99142803294782
2068,NGFS2023REMIND_NZ2050,Global,Coal,Coal,Price,$/tonnes,57.07896477474016
2069,NGFS2023REMIND_NZ2050,Global,Coal,Coal,Price,$/tonnes,57.166501516532485
2070,NGFS2023REMIND_NZ2050,Global,Coal,Coal,Price,$/tonnes,57.25403825832482
2071,NGFS2023REMIND_NZ2050,Global,Coal,Coal,Price,$/tonnes,57.753669563444824
2072,NGFS2023REMIND_NZ2050,Global,Coal,Coal,Price,$/tonnes,58.253300868564835
2073,NGFS2023REMIND_NZ2050,Global,Coal,Coal,Price,$/tonnes,58.75293217368485
2074,NGFS2023REMIND_NZ2050,Global,Coal,Coal,Price,$/tonnes,59.25256347880486
2075,NGFS2023REMIND_NZ2050,Global,Coal,Coal,Price,$/tonnes,59.752194783924864
2076,NGFS2023REMIND_NZ2050,Global,Coal,Coal,Price,$/tonnes,60.25182608904488
2077,NGFS2023REMIND_NZ2050,Global,Coal,Coal,Price,$/tonnes,60.75145739416489
2078,NGFS2023REMIND_NZ2050,Global,Coal,Coal,Price,$/tonnes,61.251088699284885
2079,NGFS2023REMIND_NZ2050,Global,Coal,Coal,Price,$/tonnes,61.750720004404904
2080,NGFS2023REMIND_NZ2050,Global,Coal,Coal,Price,$/tonnes,62.25035130952491
2081,NGFS2023REMIND_NZ2050,Global,Coal,Coal,Price,$/tonnes,62.13084345917018
2082,NGFS2023REMIND_NZ2050,Global,Coal,Coal,Price,$/tonnes,62.01133560881545
2083,NGFS2023REMIND_NZ2050,Global,Coal,Coal,Price,$/tonnes,61.8918277584607
2084,NGFS2023REMIND_NZ2050,Global,Coal,Coal,Price,$/tonnes,61.77231990810597
2085,NGFS2023REMIND_NZ2050,Global,Coal,Coal,Price,$/tonnes,61.652812057751234
2086,NGFS2023REMIND_NZ2050,Global,Coal,Coal,Price,$/tonnes,61.533304207396505
2087,NGFS2023REMIND_NZ2050,Global,Coal,Coal,Price,$/tonnes,61.41379635704177
2088,NGFS2023REMIND_NZ2050,Global,Coal,Coal,Price,$/tonnes,61.294288506687025
2089,NGFS2023REMIND_NZ2050,Global,Coal,Coal,Price,$/tonnes,61.17478065633229
2090,NGFS2023REMIND_NZ2050,Global,Coal,Coal,Price,$/tonnes,61.05527280597756
2091,NGFS2023REMIND_NZ2050,Global,Coal,Coal,Price,$/tonnes,60.229976707255915
2092,NGFS2023REMIND_NZ2050,Global,Coal,Coal,Price,$/tonnes,59.404680608534285
2093,NGFS2023REMIND_NZ2050,Global,Coal,Coal,Price,$/tonnes,58.57938450981264
2094,NGFS2023REMIND_NZ2050,Global,Coal,Coal,Price,$/tonnes,57.75408841109101
2095,NGFS2023REMIND_NZ2050,Global,Coal,Coal,Price,$/tonnes,56.92879231236937
2096,NGFS2023REMIND_NZ2050,Global,Coal,Coal,Price,$/tonnes,56.10349621364773
2097,NGFS2023REMIND_NZ2050,Global,Coal,Coal,Price,$/tonnes,55.27820011492609
2098,NGFS2023REMIND_NZ2050,Global,Coal,Coal,Price,$/tonnes,54.45290401620446
2099,NGFS2023REMIND_NZ2050,Global,Coal,Coal,Price,$/tonnes,53.62760791748282
2100,NGFS2023REMIND_NZ2050,Global,Coal,Coal,Price,$/tonnes,52.80231181876119
2022,NGFS2023GCAM_NZ2050,Global,Power,CoalCap,price,$/MWh,67.55714270056497
2022,NGFS2023GCAM_LD,Global,Power,CoalCap,price,$/MWh,67.55714270056497
2022,NGFS2023GCAM_B2DS,Global,Power,CoalCap,price,$/MWh,67.55714270056497
2022,NGFS2023GCAM_DT,Global,Power,CoalCap,price,$/MWh,67.55714270056497
2022,NGFS2023REMIND_NZ2050,Global,Power,CoalCap,price,$/MWh,67.55714270056497
2022,NGFS2023REMIND_LD,Global,Power,CoalCap,price,$/MWh,67.55714270056497
2022,NGFS2023REMIND_B2DS,Global,Power,CoalCap,price,$/MWh,67.55714270056497
2022,NGFS2023REMIND_DT,Global,Power,CoalCap,price,$/MWh,67.55714270056497
2022,NGFS2023MESSAGE_NZ2050,Global,Power,CoalCap,price,$/MWh,67.55714270056497
2022,NGFS2023MESSAGE_LD,Global,Power,CoalCap,price,$/MWh,67.55714270056497
2022,NGFS2023MESSAGE_B2DS,Global,Power,CoalCap,price,$/MWh,67.55714270056497
2022,NGFS2023MESSAGE_DT,Global,Power,CoalCap,price,$/MWh,67.55714270056497
2023,NGFS2023GCAM_NZ2050,Global,Power,CoalCap,price,$/MWh,67.61631631615985
2023,NGFS2023GCAM_LD,Global,Power,CoalCap,price,$/MWh,67.61631631615985
2023,NGFS2023GCAM_B2DS,Global,Power,CoalCap,price,$/MWh,67.61631631615985
2023,NGFS2023GCAM_DT,Global,Power,CoalCap,price,$/MWh,67.61631631615985
2023,NGFS2023REMIND_NZ2050,Global,Power,CoalCap,price,$/MWh,67.61631631615985
2023,NGFS2023REMIND_LD,Global,Power,CoalCap,price,$/MWh,67.61631631615985
2023,NGFS2023REMIND_B2DS,Global,Power,CoalCap,price,$/MWh,67.61631631615985
2023,NGFS2023REMIND_DT,Global,Power,CoalCap,price,$/MWh,67.61631631615985
2023,NGFS2023MESSAGE_NZ2050,Global,Power,CoalCap,price,$/MWh,67.61631631615985
2023,NGFS2023MESSAGE_LD,Global,Power,CoalCap,price,$/MWh,67.61631631615985
2023,NGFS2023MESSAGE_B2DS,Global,Power,CoalCap,price,$/MWh,67.61631631615985
2023,NGFS2023MESSAGE_DT,Global,Power,CoalCap,price,$/MWh,67.61631631615985
2024,NGFS2023GCAM_NZ2050,Global,Power,CoalCap,price,$/MWh,67.67118695247022
2024,NGFS2023GCAM_LD,Global,Power,CoalCap,price,$/MWh,67.67118695247022
2024,NGFS2023GCAM_B2DS,Global,Power,CoalCap,price,$/MWh,67.67118695247022
2024,NGFS2023GCAM_DT,Global,Power,CoalCap,price,$/MWh,67.67118695247022
2024,NGFS2023REMIND_NZ2050,Global,Power,CoalCap,price,$/MWh,67.67118695247022
2024,NGFS2023REMIND_LD,Global,Power,CoalCap,price,$/MWh,67.67118695247022
2024,NGFS2023REMIND_B2DS,Global,Power,CoalCap,price,$/MWh,67.67118695247022
2024,NGFS2023REMIND_DT,Global,Power,CoalCap,price,$/MWh,67.67118695247022
2024,NGFS2023MESSAGE_NZ2050,Global,Power,CoalCap,price,$/MWh,67.67118695247022
2024,NGFS2023MESSAGE_LD,Global,Power,CoalCap,price,$/MWh,67.67118695247022
2024,NGFS2023MESSAGE_B2DS,Global,Power,CoalCap,price,$/MWh,67.67118695247022
2024,NGFS2023MESSAGE_DT,Global,Power,CoalCap,price,$/MWh,67.67118695247022
2025,NGFS2023GCAM_NZ2050,Global,Power,CoalCap,price,$/MWh,67.72206435225557
2025,NGFS2023GCAM_LD,Global,Power,CoalCap,price,$/MWh,67.72206435225557
2025,NGFS2023GCAM_B2DS,Global,Power,CoalCap,price,$/MWh,67.72206435225557
2025,NGFS2023GCAM_DT,Global,Power,CoalCap,price,$/MWh,67.72206435225557
2025,NGFS2023REMIND_NZ2050,Global,Power,CoalCap,price,$/MWh,67.72206435225557
2025,NGFS2023REMIND_LD,Global,Power,CoalCap,price,$/MWh,67.72206435225557
2025,NGFS2023REMIND_B2DS,Global,Power,CoalCap,price,$/MWh,67.72206435225557
2025,NGFS2023REMIND_DT,Global,Power,CoalCap,price,$/MWh,67.72206435225557
2025,NGFS2023MESSAGE_NZ2050,Global,Power,CoalCap,price,$/MWh,67.72206435225557
2025,NGFS2023MESSAGE_LD,Global,Power,CoalCap,price,$/MWh,67.72206435225557
2025,NGFS2023MESSAGE_B2DS,Global,Power,CoalCap,price,$/MWh,67.72206435225557
2025,NGFS2023MESSAGE_DT,Global,Power,CoalCap,price,$/MWh,67.72206435225557
2026,NGFS2023GCAM_NZ2050,Global,Power,CoalCap,price,$/MWh,67.7692364223423
2026,NGFS2023GCAM_LD,Global,Power,CoalCap,price,$/MWh,67.7692364223423
2026,NGFS2023GCAM_B2DS,Global,Power,CoalCap,price,$/MWh,67.7692364223423
2026,NGFS2023GCAM_DT,Global,Power,CoalCap,price,$/MWh,67.7692364223423
2026,NGFS2023REMIND_NZ2050,Global,Power,CoalCap,price,$/MWh,67.7692364223423
2026,NGFS2023REMIND_LD,Global,Power,CoalCap,price,$/MWh,67.7692364223423
2026,NGFS2023REMIND_B2DS,Global,Power,CoalCap,price,$/MWh,67.7692364223423
2026,NGFS2023REMIND_DT,Global,Power,CoalCap,price,$/MWh,67.7692364223423
2026,NGFS2023MESSAGE_NZ2050,Global,Power,CoalCap,price,$/MWh,67.7692364223423
2026,NGFS2023MESSAGE_LD,Global,Power,CoalCap,price,$/MWh,67.7692364223423
2026,NGFS2023MESSAGE_B2DS,Global,Power,CoalCap,price,$/MWh,67.7692364223423
2026,NGFS2023MESSAGE_DT,Global,Power,CoalCap,price,$/MWh,67.7692364223423
2027,NGFS2023GCAM_NZ2050,Global,Power,CoalCap,price,$/MWh,67.81297068378626
2027,NGFS2023GCAM_LD,Global,Power,CoalCap,price,$/MWh,67.81297068378626
2027,NGFS2023GCAM_B2DS,Global,Power,CoalCap,price,$/MWh,67.81297068378626
2027,NGFS2023GCAM_DT,Global,Power,CoalCap,price,$/MWh,67.81297068378626
2027,NGFS2023REMIND_NZ2050,Global,Power,CoalCap,price,$/MWh,67.81297068378626
2027,NGFS2023REMIND_LD,Global,Power,CoalCap,price,$/MWh,67.81297068378626
2027,NGFS2023REMIND_B2DS,Global,Power,CoalCap,price,$/MWh,67.81297068378626
2027,NGFS2023REMIND_DT,Global,Power,CoalCap,price,$/MWh,67.81297068378626
2027,NGFS2023MESSAGE_NZ2050,Global,Power,CoalCap,price,$/MWh,67.81297068378626
2027,NGFS2023MESSAGE_LD,Global,Power,CoalCap,price,$/MWh,67.81297068378626
2027,NGFS2023MESSAGE_B2DS,Global,Power,CoalCap,price,$/MWh,67.81297068378626
2027,NGFS2023MESSAGE_DT,Global,Power,CoalCap,price,$/MWh,67.81297068378626
2028,NGFS2023GCAM_NZ2050,Global,Power,CoalCap,price,$/MWh,67.8535156949254
2028,NGFS2023GCAM_LD,Global,Power,CoalCap,price,$/MWh,67.8535156949254
2028,NGFS2023GCAM_B2DS,Global,Power,CoalCap,price,$/MWh,67.8535156949254
2028,NGFS2023GCAM_DT,Global,Power,CoalCap,price,$/MWh,67.8535156949254
2028,NGFS2023REMIND_NZ2050,Global,Power,CoalCap,price,$/MWh,67.8535156949254
2028,NGFS2023REMIND_LD,Global,Power,CoalCap,price,$/MWh,67.8535156949254
2028,NGFS2023REMIND_B2DS,Global,Power,CoalCap,price,$/MWh,67.8535156949254
2028,NGFS2023REMIND_DT,Global,Power,CoalCap,price,$/MWh,67.8535156949254
2028,NGFS2023MESSAGE_NZ2050,Global,Power,CoalCap,price,$/MWh,67.8535156949254
2028,NGFS2023MESSAGE_LD,Global,Power,CoalCap,price,$/MWh,67.8535156949254
2028,NGFS2023MESSAGE_B2DS,Global,Power,CoalCap,price,$/MWh,67.8535156949254
2028,NGFS2023MESSAGE_DT,Global,Power,CoalCap,price,$/MWh,67.8535156949254
2029,NGFS2023GCAM_NZ2050,Global,Power,CoalCap,price,$/MWh,67.89110228865361
2029,NGFS2023GCAM_LD,Global,Power,CoalCap,price,$/MWh,67.89110228865361
2029,NGFS2023GCAM_B2DS,Global,Power,CoalCap,price,$/MWh,67.89110228865361
2029,NGFS2023GCAM_DT,Global,Power,CoalCap,price,$/MWh,67.89110228865361
2029,NGFS2023REMIND_NZ2050,Global,Power,CoalCap,price,$/MWh,67.89110228865361
2029,NGFS2023REMIND_LD,Global,Power,CoalCap,price,$/MWh,67.89110228865361
2029,NGFS2023REMIND_B2DS,Global,Power,CoalCap,price,$/MWh,67.89110228865361
2029,NGFS2023REMIND_DT,Global,Power,CoalCap,price,$/MWh,67.89110228865361
2029,NGFS2023MESSAGE_NZ2050,Global,Power,CoalCap,price,$/MWh,67.89110228865361
2029,NGFS2023MESSAGE_LD,Global,Power,CoalCap,price,$/MWh,67.89110228865361
2029,NGFS2023MESSAGE_B2DS,Global,Power,CoalCap,price,$/MWh,67.89110228865361
2029,NGFS2023MESSAGE_DT,Global,Power,CoalCap,price,$/MWh,67.89110228865361
2030,NGFS2023GCAM_NZ2050,Global,Power,CoalCap,price,$/MWh,67.92594486511082
2030,NGFS2023GCAM_LD,Global,Power,CoalCap,price,$/MWh,67.92594486511082
2030,NGFS2023GCAM_B2DS,Global,Power,CoalCap,price,$/MWh,67.92594486511082
2030,NGFS2023GCAM_DT,Global,Power,CoalCap,price,$/MWh,67.92594486511082
2030,NGFS2023REMIND_NZ2050,Global,Power,CoalCap,price,$/MWh,67.92594486511082
2030,NGFS2023REMIND_LD,Global,Power,CoalCap,price,$/MWh,67.92594486511082
2030,NGFS2023REMIND_B2DS,Global,Power,CoalCap,price,$/MWh,67.92594486511082
2030,NGFS2023REMIND_DT,Global,Power,CoalCap,price,$/MWh,67.92594486511082
2030,NGFS2023MESSAGE_NZ2050,Global,Power,CoalCap,price,$/MWh,67.92594486511082
2030,NGFS2023MESSAGE_LD,Global,Power,CoalCap,price,$/MWh,67.92594486511082
2030,NGFS2023MESSAGE_B2DS,Global,Power,CoalCap,price,$/MWh,67.92594486511082
2030,NGFS2023MESSAGE_DT,Global,Power,CoalCap,price,$/MWh,67.92594486511082
2031,NGFS2023GCAM_NZ2050,Global,Power,CoalCap,price,$/MWh,67.9582424812491
2031,NGFS2023GCAM_LD,Global,Power,CoalCap,price,$/MWh,67.9582424812491
2031,NGFS2023GCAM_B2DS,Global,Power,CoalCap,price,$/MWh,67.9582424812491
2031,NGFS2023GCAM_DT,Global,Power,CoalCap,price,$/MWh,67.9582424812491
2031,NGFS2023REMIND_NZ2050,Global,Power,CoalCap,price,$/MWh,67.9582424812491
2031,NGFS2023REMIND_LD,Global,Power,CoalCap,price,$/MWh,67.9582424812491
2031,NGFS2023REMIND_B2DS,Global,Power,CoalCap,price,$/MWh,67.9582424812491
2031,NGFS2023REMIND_DT,Global,Power,CoalCap,price,$/MWh,67.9582424812491
2031,NGFS2023MESSAGE_NZ2050,Global,Power,CoalCap,price,$/MWh,67.9582424812491
2031,NGFS2023MESSAGE_LD,Global,Power,CoalCap,price,$/MWh,67.9582424812491
2031,NGFS2023MESSAGE_B2DS,Global,Power,CoalCap,price,$/MWh,67.9582424812491
2031,NGFS2023MESSAGE_DT,Global,Power,CoalCap,price,$/MWh,67.9582424812491
2032,NGFS2023GCAM_NZ2050,Global,Power,CoalCap,price,$/MWh,67.98817994693802
2032,NGFS2023GCAM_LD,Global,Power,CoalCap,price,$/MWh,67.98817994693802
2032,NGFS2023GCAM_B2DS,Global,Power,CoalCap,price,$/MWh,67.98817994693802
2032,NGFS2023GCAM_DT,Global,Power,CoalCap,price,$/MWh,67.98817994693802
2032,NGFS2023REMIND_NZ2050,Global,Power,CoalCap,price,$/MWh,67.98817994693802
2032,NGFS2023REMIND_LD,Global,Power,CoalCap,price,$/MWh,67.98817994693802
2032,NGFS2023REMIND_B2DS,Global,Power,CoalCap,price,$/MWh,67.98817994693802
2032,NGFS2023REMIND_DT,Global,Power,CoalCap,price,$/MWh,67.98817994693802
2032,NGFS2023MESSAGE_NZ2050,Global,Power,CoalCap,price,$/MWh,67.98817994693802
2032,NGFS2023MESSAGE_LD,Global,Power,CoalCap,price,$/MWh,67.98817994693802
2032,NGFS2023MESSAGE_B2DS,Global,Power,CoalCap,price,$/MWh,67.98817994693802
2032,NGFS2023MESSAGE_DT,Global,Power,CoalCap,price,$/MWh,67.98817994693802
2033,NGFS2023GCAM_NZ2050,Global,Power,CoalCap,price,$/MWh,68.01592878479353
2033,NGFS2023GCAM_LD,Global,Power,CoalCap,price,$/MWh,68.01592878479353
2033,NGFS2023GCAM_B2DS,Global,Power,CoalCap,price,$/MWh,68.01592878479353
2033,NGFS2023GCAM_DT,Global,Power,CoalCap,price,$/MWh,68.01592878479353
2033,NGFS2023REMIND_NZ2050,Global,Power,CoalCap,price,$/MWh,68.01592878479353
2033,NGFS2023REMIND_LD,Global,Power,CoalCap,price,$/MWh,68.01592878479353
2033,NGFS2023REMIND_B2DS,Global,Power,CoalCap,price,$/MWh,68.01592878479353
2033,NGFS2023REMIND_DT,Global,Power,CoalCap,price,$/MWh,68.01592878479353
2033,NGFS2023MESSAGE_NZ2050,Global,Power,CoalCap,price,$/MWh,68.01592878479353
2033,NGFS2023MESSAGE_LD,Global,Power,CoalCap,price,$/MWh,68.01592878479353
2033,NGFS2023MESSAGE_B2DS,Global,Power,CoalCap,price,$/MWh,68.01592878479353
2033,NGFS2023MESSAGE_DT,Global,Power,CoalCap,price,$/MWh,68.01592878479353
2034,NGFS2023GCAM_NZ2050,Global,Power,CoalCap,price,$/MWh,68.04164820873153
2034,NGFS2023GCAM_LD,Global,Power,CoalCap,price,$/MWh,68.04164820873153
2034,NGFS2023GCAM_B2DS,Global,Power,CoalCap,price,$/MWh,68.04164820873153
2034,NGFS2023GCAM_DT,Global,Power,CoalCap,price,$/MWh,68.04164820873153
2034,NGFS2023REMIND_NZ2050,Global,Power,CoalCap,price,$/MWh,68.04164820873153
2034,NGFS2023REMIND_LD,Global,Power,CoalCap,price,$/MWh,68.04164820873153
2034,NGFS2023REMIND_B2DS,Global,Power,CoalCap,price,$/MWh,68.04164820873153
2034,NGFS2023REMIND_DT,Global,Power,CoalCap,price,$/MWh,68.04164820873153
2034,NGFS2023MESSAGE_NZ2050,Global,Power,CoalCap,price,$/MWh,68.04164820873153
2034,NGFS2023MESSAGE_LD,Global,Power,CoalCap,price,$/MWh,68.04164820873153
2034,NGFS2023MESSAGE_B2DS,Global,Power,CoalCap,price,$/MWh,68.04164820873153
2034,NGFS2023MESSAGE_DT,Global,Power,CoalCap,price,$/MWh,68.04164820873153
2035,NGFS2023GCAM_NZ2050,Global,Power,CoalCap,price,$/MWh,68.06548593382571
2035,NGFS2023GCAM_LD,Global,Power,CoalCap,price,$/MWh,68.06548593382571
2035,NGFS2023GCAM_B2DS,Global,Power,CoalCap,price,$/MWh,68.06548593382571
2035,NGFS2023GCAM_DT,Global,Power,CoalCap,price,$/MWh,68.06548593382571
2035,NGFS2023REMIND_NZ2050,Global,Power,CoalCap,price,$/MWh,68.06548593382571
2035,NGFS2023REMIND_LD,Global,Power,CoalCap,price,$/MWh,68.06548593382571
2035,NGFS2023REMIND_B2DS,Global,Power,CoalCap,price,$/MWh,68.06548593382571
2035,NGFS2023REMIND_DT,Global,Power,CoalCap,price,$/MWh,68.06548593382571
2035,NGFS2023MESSAGE_NZ2050,Global,Power,CoalCap,price,$/MWh,68.06548593382571
2035,NGFS2023MESSAGE_LD,Global,Power,CoalCap,price,$/MWh,68.06548593382571
2035,NGFS2023MESSAGE_B2DS,Global,Power,CoalCap,price,$/MWh,68.06548593382571
2035,NGFS2023MESSAGE_DT,Global,Power,CoalCap,price,$/MWh,68.06548593382571
2036,NGFS2023GCAM_NZ2050,Global,Power,CoalCap,price,$/MWh,68.08757905421642
2036,NGFS2023GCAM_LD,Global,Power,CoalCap,price,$/MWh,68.08757905421642
2036,NGFS2023GCAM_B2DS,Global,Power,CoalCap,price,$/MWh,68.08757905421642
2036,NGFS2023GCAM_DT,Global,Power,CoalCap,price,$/MWh,68.08757905421642
2036,NGFS2023REMIND_NZ2050,Global,Power,CoalCap,price,$/MWh,68.08757905421642
2036,NGFS2023REMIND_LD,Global,Power,CoalCap,price,$/MWh,68.08757905421642
2036,NGFS2023REMIND_B2DS,Global,Power,CoalCap,price,$/MWh,68.08757905421642
2036,NGFS2023REMIND_DT,Global,Power,CoalCap,price,$/MWh,68.08757905421642
2036,NGFS2023MESSAGE_NZ2050,Global,Power,CoalCap,price,$/MWh,68.08757905421642
2036,NGFS2023MESSAGE_LD,Global,Power,CoalCap,price,$/MWh,68.08757905421642
2036,NGFS2023MESSAGE_B2DS,Global,Power,CoalCap,price,$/MWh,68.08757905421642
2036,NGFS2023MESSAGE_DT,Global,Power,CoalCap,price,$/MWh,68.08757905421642
2037,NGFS2023GCAM_NZ2050,Global,Power,CoalCap,price,$/MWh,68.10805474527812
2037,NGFS2023GCAM_LD,Global,Power,CoalCap,price,$/MWh,68.10805474527812
2037,NGFS2023GCAM_B2DS,Global,Power,CoalCap,price,$/MWh,68.10805474527812
2037,NGFS2023GCAM_DT,Global,Power,CoalCap,price,$/MWh,68.10805474527812
2037,NGFS2023REMIND_NZ2050,Global,Power,CoalCap,price,$/MWh,68.10805474527812
2037,NGFS2023REMIND_LD,Global,Power,CoalCap,price,$/MWh,68.10805474527812
2037,NGFS2023REMIND_B2DS,Global,Power,CoalCap,price,$/MWh,68.10805474527812
2037,NGFS2023REMIND_DT,Global,Power,CoalCap,price,$/MWh,68.10805474527812
2037,NGFS2023MESSAGE_NZ2050,Global,Power,CoalCap,price,$/MWh,68.10805474527812
2037,NGFS2023MESSAGE_LD,Global,Power,CoalCap,price,$/MWh,68.10805474527812
2037,NGFS2023MESSAGE_B2DS,Global,Power,CoalCap,price,$/MWh,68.10805474527812
2037,NGFS2023MESSAGE_DT,Global,Power,CoalCap,price,$/MWh,68.10805474527812
2038,NGFS2023GCAM_NZ2050,Global,Power,CoalCap,price,$/MWh,68.12703097060108
2038,NGFS2023GCAM_LD,Global,Power,CoalCap,price,$/MWh,68.12703097060108
2038,NGFS2023GCAM_B2DS,Global,Power,CoalCap,price,$/MWh,68.12703097060108
2038,NGFS2023GCAM_DT,Global,Power,CoalCap,price,$/MWh,68.12703097060108
2038,NGFS2023REMIND_NZ2050,Global,Power,CoalCap,price,$/MWh,68.12703097060108
2038,NGFS2023REMIND_LD,Global,Power,CoalCap,price,$/MWh,68.12703097060108
2038,NGFS2023REMIND_B2DS,Global,Power,CoalCap,price,$/MWh,68.12703097060108
2038,NGFS2023REMIND_DT,Global,Power,CoalCap,price,$/MWh,68.12703097060108
2038,NGFS2023MESSAGE_NZ2050,Global,Power,CoalCap,price,$/MWh,68.12703097060108
2038,NGFS2023MESSAGE_LD,Global,Power,CoalCap,price,$/MWh,68.12703097060108
2038,NGFS2023MESSAGE_B2DS,Global,Power,CoalCap,price,$/MWh,68.12703097060108
2038,NGFS2023MESSAGE_DT,Global,Power,CoalCap,price,$/MWh,68.12703097060108
2039,NGFS2023GCAM_NZ2050,Global,Power,CoalCap,price,$/MWh,68.14461716867822
2039,NGFS2023GCAM_LD,Global,Power,CoalCap,price,$/MWh,68.14461716867822
2039,NGFS2023GCAM_B2DS,Global,Power,CoalCap,price,$/MWh,68.14461716867822
2039,NGFS2023GCAM_DT,Global,Power,CoalCap,price,$/MWh,68.14461716867822
2039,NGFS2023REMIND_NZ2050,Global,Power,CoalCap,price,$/MWh,68.14461716867822
2039,NGFS2023REMIND_LD,Global,Power,CoalCap,price,$/MWh,68.14461716867822
2039,NGFS2023REMIND_B2DS,Global,Power,CoalCap,price,$/MWh,68.14461716867822
2039,NGFS2023REMIND_DT,Global,Power,CoalCap,price,$/MWh,68.14461716867822
2039,NGFS2023MESSAGE_NZ2050,Global,Power,CoalCap,price,$/MWh,68.14461716867822
2039,NGFS2023MESSAGE_LD,Global,Power,CoalCap,price,$/MWh,68.14461716867822
2039,NGFS2023MESSAGE_B2DS,Global,Power,CoalCap,price,$/MWh,68.14461716867822
2039,NGFS2023MESSAGE_DT,Global,Power,CoalCap,price,$/MWh,68.14461716867822
2040,NGFS2023GCAM_NZ2050,Global,Power,CoalCap,price,$/MWh,68.1609148368362
2040,NGFS2023GCAM_LD,Global,Power,CoalCap,price,$/MWh,68.1609148368362
2040,NGFS2023GCAM_B2DS,Global,Power,CoalCap,price,$/MWh,68.1609148368362
2040,NGFS2023GCAM_DT,Global,Power,CoalCap,price,$/MWh,68.1609148368362
2040,NGFS2023REMIND_NZ2050,Global,Power,CoalCap,price,$/MWh,68.1609148368362
2040,NGFS2023REMIND_LD,Global,Power,CoalCap,price,$/MWh,68.1609148368362
2040,NGFS2023REMIND_B2DS,Global,Power,CoalCap,price,$/MWh,68.1609148368362
2040,NGFS2023REMIND_DT,Global,Power,CoalCap,price,$/MWh,68.1609148368362
2040,NGFS2023MESSAGE_NZ2050,Global,Power,CoalCap,price,$/MWh,68.1609148368362
2040,NGFS2023MESSAGE_LD,Global,Power,CoalCap,price,$/MWh,68.1609148368362
2040,NGFS2023MESSAGE_B2DS,Global,Power,CoalCap,price,$/MWh,68.1609148368362
2040,NGFS2023MESSAGE_DT,Global,Power,CoalCap,price,$/MWh,68.1609148368362
2041,NGFS2023GCAM_NZ2050,Global,Power,CoalCap,price,$/MWh,68.17601812553478
2041,NGFS2023GCAM_LD,Global,Power,CoalCap,price,$/MWh,68.17601812553478
2041,NGFS2023GCAM_B2DS,Global,Power,CoalCap,price,$/MWh,68.17601812553478
2041,NGFS2023GCAM_DT,Global,Power,CoalCap,price,$/MWh,68.17601812553478
2041,NGFS2023REMIND_NZ2050,Global,Power,CoalCap,price,$/MWh,68.17601812553478
2041,NGFS2023REMIND_LD,Global,Power,CoalCap,price,$/MWh,68.17601812553478
2041,NGFS2023REMIND_B2DS,Global,Power,CoalCap,price,$/MWh,68.17601812553478
2041,NGFS2023REMIND_DT,Global,Power,CoalCap,price,$/MWh,68.17601812553478
2041,NGFS2023MESSAGE_NZ2050,Global,Power,CoalCap,price,$/MWh,68.17601812553478
2041,NGFS2023MESSAGE_LD,Global,Power,CoalCap,price,$/MWh,68.17601812553478
2041,NGFS2023MESSAGE_B2DS,Global,Power,CoalCap,price,$/MWh,68.17601812553478
2041,NGFS2023MESSAGE_DT,Global,Power,CoalCap,price,$/MWh,68.17601812553478
2042,NGFS2023GCAM_NZ2050,Global,Power,CoalCap,price,$/MWh,68.19001430356109
2042,NGFS2023GCAM_LD,Global,Power,CoalCap,price,$/MWh,68.19001430356109
2042,NGFS2023GCAM_B2DS,Global,Power,CoalCap,price,$/MWh,68.19001430356109
2042,NGFS2023GCAM_DT,Global,Power,CoalCap,price,$/MWh,68.19001430356109
2042,NGFS2023REMIND_NZ2050,Global,Power,CoalCap,price,$/MWh,68.19001430356109
2042,NGFS2023REMIND_LD,Global,Power,CoalCap,price,$/MWh,68.19001430356109
2042,NGFS2023REMIND_B2DS,Global,Power,CoalCap,price,$/MWh,68.19001430356109
2042,NGFS2023REMIND_DT,Global,Power,CoalCap,price,$/MWh,68.19001430356109
2042,NGFS2023MESSAGE_NZ2050,Global,Power,CoalCap,price,$/MWh,68.19001430356109
2042,NGFS2023MESSAGE_LD,Global,Power,CoalCap,price,$/MWh,68.19001430356109
2042,NGFS2023MESSAGE_B2DS,Global,Power,CoalCap,price,$/MWh,68.19001430356109
2042,NGFS2023MESSAGE_DT,Global,Power,CoalCap,price,$/MWh,68.19001430356109
2043,NGFS2023GCAM_NZ2050,Global,Power,CoalCap,price,$/MWh,68.2029843344217
2043,NGFS2023GCAM_LD,Global,Power,CoalCap,price,$/MWh,68.2029843344217
2043,NGFS2023GCAM_B2DS,Global,Power,CoalCap,price,$/MWh,68.2029843344217
2043,NGFS2023GCAM_DT,Global,Power,CoalCap,price,$/MWh,68.2029843344217
2043,NGFS2023REMIND_NZ2050,Global,Power,CoalCap,price,$/MWh,68.2029843344217
2043,NGFS2023REMIND_LD,Global,Power,CoalCap,price,$/MWh,68.2029843344217
2043,NGFS2023REMIND_B2DS,Global,Power,CoalCap,price,$/MWh,68.2029843344217
2043,NGFS2023REMIND_DT,Global,Power,CoalCap,price,$/MWh,68.2029843344217
2043,NGFS2023MESSAGE_NZ2050,Global,Power,CoalCap,price,$/MWh,68.2029843344217
2043,NGFS2023MESSAGE_LD,Global,Power,CoalCap,price,$/MWh,68.2029843344217
2043,NGFS2023MESSAGE_B2DS,Global,Power,CoalCap,price,$/MWh,68.2029843344217
2043,NGFS2023MESSAGE_DT,Global,Power,CoalCap,price,$/MWh,68.2029843344217
2044,NGFS2023GCAM_NZ2050,Global,Power,CoalCap,price,$/MWh,68.21500327521763
2044,NGFS2023GCAM_LD,Global,Power,CoalCap,price,$/MWh,68.21500327521763
2044,NGFS2023GCAM_B2DS,Global,Power,CoalCap,price,$/MWh,68.21500327521763
2044,NGFS2023GCAM_DT,Global,Power,CoalCap,price,$/MWh,68.21500327521763
2044,NGFS2023REMIND_NZ2050,Global,Power,CoalCap,price,$/MWh,68.21500327521763
2044,NGFS2023REMIND_LD,Global,Power,CoalCap,price,$/MWh,68.21500327521763
2044,NGFS2023REMIND_B2DS,Global,Power,CoalCap,price,$/MWh,68.21500327521763
2044,NGFS2023REMIND_DT,Global,Power,CoalCap,price,$/MWh,68.21500327521763
2044,NGFS2023MESSAGE_NZ2050,Global,Power,CoalCap,price,$/MWh,68.21500327521763
2044,NGFS2023MESSAGE_LD,Global,Power,CoalCap,price,$/MWh,68.21500327521763
2044,NGFS2023MESSAGE_B2DS,Global,Power,CoalCap,price,$/MWh,68.21500327521763
2044,NGFS2023MESSAGE_DT,Global,Power,CoalCap,price,$/MWh,68.21500327521763
2045,NGFS2023GCAM_NZ2050,Global,Power,CoalCap,price,$/MWh,68.22614071563855
2045,NGFS2023GCAM_LD,Global,Power,CoalCap,price,$/MWh,68.22614071563855
2045,NGFS2023GCAM_B2DS,Global,Power,CoalCap,price,$/MWh,68.22614071563855
2045,NGFS2023GCAM_DT,Global,Power,CoalCap,price,$/MWh,68.22614071563855
2045,NGFS2023REMIND_NZ2050,Global,Power,CoalCap,price,$/MWh,68.22614071563855
2045,NGFS2023REMIND_LD,Global,Power,CoalCap,price,$/MWh,68.22614071563855
2045,NGFS2023REMIND_B2DS,Global,Power,CoalCap,price,$/MWh,68.22614071563855
2045,NGFS2023REMIND_DT,Global,Power,CoalCap,price,$/MWh,68.22614071563855
2045,NGFS2023MESSAGE_NZ2050,Global,Power,CoalCap,price,$/MWh,68.22614071563855
2045,NGFS2023MESSAGE_LD,Global,Power,CoalCap,price,$/MWh,68.22614071563855
2045,NGFS2023MESSAGE_B2DS,Global,Power,CoalCap,price,$/MWh,68.22614071563855
2045,NGFS2023MESSAGE_DT,Global,Power,CoalCap,price,$/MWh,68.22614071563855
2046,NGFS2023GCAM_NZ2050,Global,Power,CoalCap,price,$/MWh,68.23646118728043
2046,NGFS2023GCAM_LD,Global,Power,CoalCap,price,$/MWh,68.23646118728043
2046,NGFS2023GCAM_B2DS,Global,Power,CoalCap,price,$/MWh,68.23646118728043
2046,NGFS2023GCAM_DT,Global,Power,CoalCap,price,$/MWh,68.23646118728043
2046,NGFS2023REMIND_NZ2050,Global,Power,CoalCap,price,$/MWh,68.23646118728043
2046,NGFS2023REMIND_LD,Global,Power,CoalCap,price,$/MWh,68.23646118728043
2046,NGFS2023REMIND_B2DS,Global,Power,CoalCap,price,$/MWh,68.23646118728043
2046,NGFS2023REMIND_DT,Global,Power,CoalCap,price,$/MWh,68.23646118728043
2046,NGFS2023MESSAGE_NZ2050,Global,Power,CoalCap,price,$/MWh,68.23646118728043
2046,NGFS2023MESSAGE_LD,Global,Power,CoalCap,price,$/MWh,68.23646118728043
2046,NGFS2023MESSAGE_B2DS,Global,Power,CoalCap,price,$/MWh,68.23646118728043
2046,NGFS2023MESSAGE_DT,Global,Power,CoalCap,price,$/MWh,68.23646118728043
2047,NGFS2023GCAM_NZ2050,Global,Power,CoalCap,price,$/MWh,68.24602449645552
2047,NGFS2023GCAM_LD,Global,Power,CoalCap,price,$/MWh,68.24602449645552
2047,NGFS2023GCAM_B2DS,Global,Power,CoalCap,price,$/MWh,68.24602449645552
2047,NGFS2023GCAM_DT,Global,Power,CoalCap,price,$/MWh,68.24602449645552
2047,NGFS2023REMIND_NZ2050,Global,Power,CoalCap,price,$/MWh,68.24602449645552
2047,NGFS2023REMIND_LD,Global,Power,CoalCap,price,$/MWh,68.24602449645552
2047,NGFS2023REMIND_B2DS,Global,Power,CoalCap,price,$/MWh,68.24602449645552
2047,NGFS2023REMIND_DT,Global,Power,CoalCap,price,$/MWh,68.24602449645552
2047,NGFS2023MESSAGE_NZ2050,Global,Power,CoalCap,price,$/MWh,68.24602449645552
2047,NGFS2023MESSAGE_LD,Global,Power,CoalCap,price,$/MWh,68.24602449645552
2047,NGFS2023MESSAGE_B2DS,Global,Power,CoalCap,price,$/MWh,68.24602449645552
2047,NGFS2023MESSAGE_DT,Global,Power,CoalCap,price,$/MWh,68.24602449645552
2048,NGFS2023GCAM_NZ2050,Global,Power,CoalCap,price,$/MWh,68.25488610667428
2048,NGFS2023GCAM_LD,Global,Power,CoalCap,price,$/MWh,68.25488610667428
2048,NGFS2023GCAM_B2DS,Global,Power,CoalCap,price,$/MWh,68.25488610667428
2048,NGFS2023GCAM_DT,Global,Power,CoalCap,price,$/MWh,68.25488610667428
2048,NGFS2023REMIND_NZ2050,Global,Power,CoalCap,price,$/MWh,68.25488610667428
2048,NGFS2023REMIND_LD,Global,Power,CoalCap,price,$/MWh,68.25488610667428
2048,NGFS2023REMIND_B2DS,Global,Power,CoalCap,price,$/MWh,68.25488610667428
2048,NGFS2023REMIND_DT,Global,Power,CoalCap,price,$/MWh,68.25488610667428
2048,NGFS2023MESSAGE_NZ2050,Global,Power,CoalCap,price,$/MWh,68.25488610667428
2048,NGFS2023MESSAGE_LD,Global,Power,CoalCap,price,$/MWh,68.25488610667428
2048,NGFS2023MESSAGE_B2DS,Global,Power,CoalCap,price,$/MWh,68.25488610667428
2048,NGFS2023MESSAGE_DT,Global,Power,CoalCap,price,$/MWh,68.25488610667428
2049,NGFS2023GCAM_NZ2050,Global,Power,CoalCap,price,$/MWh,68.26309740890979
2049,NGFS2023GCAM_LD,Global,Power,CoalCap,price,$/MWh,68.26309740890979
2049,NGFS2023GCAM_B2DS,Global,Power,CoalCap,price,$/MWh,68.26309740890979
2049,NGFS2023GCAM_DT,Global,Power,CoalCap,price,$/MWh,68.26309740890979
2049,NGFS2023REMIND_NZ2050,Global,Power,CoalCap,price,$/MWh,68.26309740890979
2049,NGFS2023REMIND_LD,Global,Power,CoalCap,price,$/MWh,68.26309740890979
2049,NGFS2023REMIND_B2DS,Global,Power,CoalCap,price,$/MWh,68.26309740890979
2049,NGFS2023REMIND_DT,Global,Power,CoalCap,price,$/MWh,68.26309740890979
2049,NGFS2023MESSAGE_NZ2050,Global,Power,CoalCap,price,$/MWh,68.26309740890979
2049,NGFS2023MESSAGE_LD,Global,Power,CoalCap,price,$/MWh,68.26309740890979
2049,NGFS2023MESSAGE_B2DS,Global,Power,CoalCap,price,$/MWh,68.26309740890979
2049,NGFS2023MESSAGE_DT,Global,Power,CoalCap,price,$/MWh,68.26309740890979
2050,NGFS2023GCAM_NZ2050,Global,Power,CoalCap,price,$/MWh,68.27070607521843
2050,NGFS2023GCAM_LD,Global,Power,CoalCap,price,$/MWh,68.27070607521843
2050,NGFS2023GCAM_B2DS,Global,Power,CoalCap,price,$/MWh,68.27070607521843
2050,NGFS2023GCAM_DT,Global,Power,CoalCap,price,$/MWh,68.27070607521843
2050,NGFS2023REMIND_NZ2050,Global,Power,CoalCap,price,$/MWh,68.27070607521843
2050,NGFS2023REMIND_LD,Global,Power,CoalCap,price,$/MWh,68.27070607521843
2050,NGFS2023REMIND_B2DS,Global,Power,CoalCap,price,$/MWh,68.27070607521843
2050,NGFS2023REMIND_DT,Global,Power,CoalCap,price,$/MWh,68.27070607521843
2050,NGFS2023MESSAGE_NZ2050,Global,Power,CoalCap,price,$/MWh,68.27070607521843
2050,NGFS2023MESSAGE_LD,Global,Power,CoalCap,price,$/MWh,68.27070607521843
2050,NGFS2023MESSAGE_B2DS,Global,Power,CoalCap,price,$/MWh,68.27070607521843
2050,NGFS2023MESSAGE_DT,Global,Power,CoalCap,price,$/MWh,68.27070607521843
2051,NGFS2023GCAM_NZ2050,Global,Power,CoalCap,price,$/MWh,68.27775626467081
2051,NGFS2023GCAM_LD,Global,Power,CoalCap,price,$/MWh,68.27775626467081
2051,NGFS2023GCAM_B2DS,Global,Power,CoalCap,price,$/MWh,68.27775626467081
2051,NGFS2023GCAM_DT,Global,Power,CoalCap,price,$/MWh,68.27775626467081
2051,NGFS2023REMIND_NZ2050,Global,Power,CoalCap,price,$/MWh,68.27775626467081
2051,NGFS2023REMIND_LD,Global,Power,CoalCap,price,$/MWh,68.27775626467081
2051,NGFS2023REMIND_B2DS,Global,Power,CoalCap,price,$/MWh,68.27775626467081
2051,NGFS2023REMIND_DT,Global,Power,CoalCap,price,$/MWh,68.27775626467081
2051,NGFS2023MESSAGE_NZ2050,Global,Power,CoalCap,price,$/MWh,68.27775626467081
2051,NGFS2023MESSAGE_LD,Global,Power,CoalCap,price,$/MWh,68.27775626467081
2051,NGFS2023MESSAGE_B2DS,Global,Power,CoalCap,price,$/MWh,68.27775626467081
2051,NGFS2023MESSAGE_DT,Global,Power,CoalCap,price,$/MWh,68.27775626467081
2052,NGFS2023GCAM_NZ2050,Global,Power,CoalCap,price,$/MWh,68.2842889119571
2052,NGFS2023GCAM_LD,Global,Power,CoalCap,price,$/MWh,68.2842889119571
2052,NGFS2023GCAM_B2DS,Global,Power,CoalCap,price,$/MWh,68.2842889119571
2052,NGFS2023GCAM_DT,Global,Power,CoalCap,price,$/MWh,68.2842889119571
2052,NGFS2023REMIND_NZ2050,Global,Power,CoalCap,price,$/MWh,68.2842889119571
2052,NGFS2023REMIND_LD,Global,Power,CoalCap,price,$/MWh,68.2842889119571
2052,NGFS2023REMIND_B2DS,Global,Power,CoalCap,price,$/MWh,68.2842889119571
2052,NGFS2023REMIND_DT,Global,Power,CoalCap,price,$/MWh,68.2842889119571
2052,NGFS2023MESSAGE_NZ2050,Global,Power,CoalCap,price,$/MWh,68.2842889119571
2052,NGFS2023MESSAGE_LD,Global,Power,CoalCap,price,$/MWh,68.2842889119571
2052,NGFS2023MESSAGE_B2DS,Global,Power,CoalCap,price,$/MWh,68.2842889119571
2052,NGFS2023MESSAGE_DT,Global,Power,CoalCap,price,$/MWh,68.2842889119571
2053,NGFS2023GCAM_NZ2050,Global,Power,CoalCap,price,$/MWh,68.29034197152828
2053,NGFS2023GCAM_LD,Global,Power,CoalCap,price,$/MWh,68.29034197152828
2053,NGFS2023GCAM_B2DS,Global,Power,CoalCap,price,$/MWh,68.29034197152828
2053,NGFS2023GCAM_DT,Global,Power,CoalCap,price,$/MWh,68.29034197152828
2053,NGFS2023REMIND_NZ2050,Global,Power,CoalCap,price,$/MWh,68.29034197152828
2053,NGFS2023REMIND_LD,Global,Power,CoalCap,price,$/MWh,68.29034197152828
2053,NGFS2023REMIND_B2DS,Global,Power,CoalCap,price,$/MWh,68.29034197152828
2053,NGFS2023REMIND_DT,Global,Power,CoalCap,price,$/MWh,68.29034197152828
2053,NGFS2023MESSAGE_NZ2050,Global,Power,CoalCap,price,$/MWh,68.29034197152828
2053,NGFS2023MESSAGE_LD,Global,Power,CoalCap,price,$/MWh,68.29034197152828
2053,NGFS2023MESSAGE_B2DS,Global,Power,CoalCap,price,$/MWh,68.29034197152828
2053,NGFS2023MESSAGE_DT,Global,Power,CoalCap,price,$/MWh,68.29034197152828
2054,NGFS2023GCAM_NZ2050,Global,Power,CoalCap,price,$/MWh,68.29595061699172
2054,NGFS2023GCAM_LD,Global,Power,CoalCap,price,$/MWh,68.29595061699172
2054,NGFS2023GCAM_B2DS,Global,Power,CoalCap,price,$/MWh,68.29595061699172
2054,NGFS2023GCAM_DT,Global,Power,CoalCap,price,$/MWh,68.29595061699172
2054,NGFS2023REMIND_NZ2050,Global,Power,CoalCap,price,$/MWh,68.29595061699172
2054,NGFS2023REMIND_LD,Global,Power,CoalCap,price,$/MWh,68.29595061699172
2054,NGFS2023REMIND_B2DS,Global,Power,CoalCap,price,$/MWh,68.29595061699172
2054,NGFS2023REMIND_DT,Global,Power,CoalCap,price,$/MWh,68.29595061699172
2054,NGFS2023MESSAGE_NZ2050,Global,Power,CoalCap,price,$/MWh,68.29595061699172
2054,NGFS2023MESSAGE_LD,Global,Power,CoalCap,price,$/MWh,68.29595061699172
2054,NGFS2023MESSAGE_B2DS,Global,Power,CoalCap,price,$/MWh,68.29595061699172
2054,NGFS2023MESSAGE_DT,Global,Power,CoalCap,price,$/MWh,68.29595061699172
2055,NGFS2023GCAM_NZ2050,Global,Power,CoalCap,price,$/MWh,68.30114744172192
2055,NGFS2023GCAM_LD,Global,Power,CoalCap,price,$/MWh,68.30114744172192
2055,NGFS2023GCAM_B2DS,Global,Power,CoalCap,price,$/MWh,68.30114744172192
2055,NGFS2023GCAM_DT,Global,Power,CoalCap,price,$/MWh,68.30114744172192
2055,NGFS2023REMIND_NZ2050,Global,Power,CoalCap,price,$/MWh,68.30114744172192
2055,NGFS2023REMIND_LD,Global,Power,CoalCap,price,$/MWh,68.30114744172192
2055,NGFS2023REMIND_B2DS,Global,Power,CoalCap,price,$/MWh,68.30114744172192
2055,NGFS2023REMIND_DT,Global,Power,CoalCap,price,$/MWh,68.30114744172192
2055,NGFS2023MESSAGE_NZ2050,Global,Power,CoalCap,price,$/MWh,68.30114744172192
2055,NGFS2023MESSAGE_LD,Global,Power,CoalCap,price,$/MWh,68.30114744172192
2055,NGFS2023MESSAGE_B2DS,Global,Power,CoalCap,price,$/MWh,68.30114744172192
2055,NGFS2023MESSAGE_DT,Global,Power,CoalCap,price,$/MWh,68.30114744172192
2056,NGFS2023GCAM_NZ2050,Global,Power,CoalCap,price,$/MWh,68.30596264897922
2056,NGFS2023GCAM_LD,Global,Power,CoalCap,price,$/MWh,68.30596264897922
2056,NGFS2023GCAM_B2DS,Global,Power,CoalCap,price,$/MWh,68.30596264897922
2056,NGFS2023GCAM_DT,Global,Power,CoalCap,price,$/MWh,68.30596264897922
2056,NGFS2023REMIND_NZ2050,Global,Power,CoalCap,price,$/MWh,68.30596264897922
2056,NGFS2023REMIND_LD,Global,Power,CoalCap,price,$/MWh,68.30596264897922
2056,NGFS2023REMIND_B2DS,Global,Power,CoalCap,price,$/MWh,68.30596264897922
2056,NGFS2023REMIND_DT,Global,Power,CoalCap,price,$/MWh,68.30596264897922
2056,NGFS2023MESSAGE_NZ2050,Global,Power,CoalCap,price,$/MWh,68.30596264897922
2056,NGFS2023MESSAGE_LD,Global,Power,CoalCap,price,$/MWh,68.30596264897922
2056,NGFS2023MESSAGE_B2DS,Global,Power,CoalCap,price,$/MWh,68.30596264897922
2056,NGFS2023MESSAGE_DT,Global,Power,CoalCap,price,$/MWh,68.30596264897922
2057,NGFS2023GCAM_NZ2050,Global,Power,CoalCap,price,$/MWh,68.3104242429413
2057,NGFS2023GCAM_LD,Global,Power,CoalCap,price,$/MWh,68.3104242429413
2057,NGFS2023GCAM_B2DS,Global,Power,CoalCap,price,$/MWh,68.3104242429413
2057,NGFS2023GCAM_DT,Global,Power,CoalCap,price,$/MWh,68.3104242429413
2057,NGFS2023REMIND_NZ2050,Global,Power,CoalCap,price,$/MWh,68.3104242429413
2057,NGFS2023REMIND_LD,Global,Power,CoalCap,price,$/MWh,68.3104242429413
2057,NGFS2023REMIND_B2DS,Global,Power,CoalCap,price,$/MWh,68.3104242429413
2057,NGFS2023REMIND_DT,Global,Power,CoalCap,price,$/MWh,68.3104242429413
2057,NGFS2023MESSAGE_NZ2050,Global,Power,CoalCap,price,$/MWh,68.3104242429413
2057,NGFS2023MESSAGE_LD,Global,Power,CoalCap,price,$/MWh,68.3104242429413
2057,NGFS2023MESSAGE_B2DS,Global,Power,CoalCap,price,$/MWh,68.3104242429413
2057,NGFS2023MESSAGE_DT,Global,Power,CoalCap,price,$/MWh,68.3104242429413
2058,NGFS2023GCAM_NZ2050,Global,Power,CoalCap,price,$/MWh,68.3145581743118
2058,NGFS2023GCAM_LD,Global,Power,CoalCap,price,$/MWh,68.3145581743118
2058,NGFS2023GCAM_B2DS,Global,Power,CoalCap,price,$/MWh,68.3145581743118
2058,NGFS2023GCAM_DT,Global,Power,CoalCap,price,$/MWh,68.3145581743118
2058,NGFS2023REMIND_NZ2050,Global,Power,CoalCap,price,$/MWh,68.3145581743118
2058,NGFS2023REMIND_LD,Global,Power,CoalCap,price,$/MWh,68.3145581743118
2058,NGFS2023REMIND_B2DS,Global,Power,CoalCap,price,$/MWh,68.3145581743118
2058,NGFS2023REMIND_DT,Global,Power,CoalCap,price,$/MWh,68.3145581743118
2058,NGFS2023MESSAGE_NZ2050,Global,Power,CoalCap,price,$/MWh,68.3145581743118
2058,NGFS2023MESSAGE_LD,Global,Power,CoalCap,price,$/MWh,68.3145581743118
2058,NGFS2023MESSAGE_B2DS,Global,Power,CoalCap,price,$/MWh,68.3145581743118
2058,NGFS2023MESSAGE_DT,Global,Power,CoalCap,price,$/MWh,68.3145581743118
2059,NGFS2023GCAM_NZ2050,Global,Power,CoalCap,price,$/MWh,68.31838848658666
2059,NGFS2023GCAM_LD,Global,Power,CoalCap,price,$/MWh,68.31838848658666
2059,NGFS2023GCAM_B2DS,Global,Power,CoalCap,price,$/MWh,68.31838848658666
2059,NGFS2023GCAM_DT,Global,Power,CoalCap,price,$/MWh,68.31838848658666
2059,NGFS2023REMIND_NZ2050,Global,Power,CoalCap,price,$/MWh,68.31838848658666
2059,NGFS2023REMIND_LD,Global,Power,CoalCap,price,$/MWh,68.31838848658666
2059,NGFS2023REMIND_B2DS,Global,Power,CoalCap,price,$/MWh,68.31838848658666
2059,NGFS2023REMIND_DT,Global,Power,CoalCap,price,$/MWh,68.31838848658666
2059,NGFS2023MESSAGE_NZ2050,Global,Power,CoalCap,price,$/MWh,68.31838848658666
2059,NGFS2023MESSAGE_LD,Global,Power,CoalCap,price,$/MWh,68.31838848658666
2059,NGFS2023MESSAGE_B2DS,Global,Power,CoalCap,price,$/MWh,68.31838848658666
2059,NGFS2023MESSAGE_DT,Global,Power,CoalCap,price,$/MWh,68.31838848658666
2060,NGFS2023GCAM_NZ2050,Global,Power,CoalCap,price,$/MWh,68.32193746289441
2060,NGFS2023GCAM_LD,Global,Power,CoalCap,price,$/MWh,68.32193746289441
2060,NGFS2023GCAM_B2DS,Global,Power,CoalCap,price,$/MWh,68.32193746289441
2060,NGFS2023GCAM_DT,Global,Power,CoalCap,price,$/MWh,68.32193746289441
2060,NGFS2023REMIND_NZ2050,Global,Power,CoalCap,price,$/MWh,68.32193746289441
2060,NGFS2023REMIND_LD,Global,Power,CoalCap,price,$/MWh,68.32193746289441
2060,NGFS2023REMIND_B2DS,Global,Power,CoalCap,price,$/MWh,68.32193746289441
2060,NGFS2023REMIND_DT,Global,Power,CoalCap,price,$/MWh,68.32193746289441
2060,NGFS2023MESSAGE_NZ2050,Global,Power,CoalCap,price,$/MWh,68.32193746289441
2060,NGFS2023MESSAGE_LD,Global,Power,CoalCap,price,$/MWh,68.32193746289441
2060,NGFS2023MESSAGE_B2DS,Global,Power,CoalCap,price,$/MWh,68.32193746289441
2060,NGFS2023MESSAGE_DT,Global,Power,CoalCap,price,$/MWh,68.32193746289441
2061,NGFS2023GCAM_NZ2050,Global,Power,CoalCap,price,$/MWh,68.3252257617781
2061,NGFS2023GCAM_LD,Global,Power,CoalCap,price,$/MWh,68.3252257617781
2061,NGFS2023GCAM_B2DS,Global,Power,CoalCap,price,$/MWh,68.3252257617781
2061,NGFS2023GCAM_DT,Global,Power,CoalCap,price,$/MWh,68.3252257617781
2061,NGFS2023REMIND_NZ2050,Global,Power,CoalCap,price,$/MWh,68.3252257617781
2061,NGFS2023REMIND_LD,Global,Power,CoalCap,price,$/MWh,68.3252257617781
2061,NGFS2023REMIND_B2DS,Global,Power,CoalCap,price,$/MWh,68.3252257617781
2061,NGFS2023REMIND_DT,Global,Power,CoalCap,price,$/MWh,68.3252257617781
2061,NGFS2023MESSAGE_NZ2050,Global,Power,CoalCap,price,$/MWh,68.3252257617781
2061,NGFS2023MESSAGE_LD,Global,Power,CoalCap,price,$/MWh,68.3252257617781
2061,NGFS2023MESSAGE_B2DS,Global,Power,CoalCap,price,$/MWh,68.3252257617781
2061,NGFS2023MESSAGE_DT,Global,Power,CoalCap,price,$/MWh,68.3252257617781
2062,NGFS2023GCAM_NZ2050,Global,Power,CoalCap,price,$/MWh,68.32827250716927
2062,NGFS2023GCAM_LD,Global,Power,CoalCap,price,$/MWh,68.32827250716927
2062,NGFS2023GCAM_B2DS,Global,Power,CoalCap,price,$/MWh,68.32827250716927
2062,NGFS2023GCAM_DT,Global,Power,CoalCap,price,$/MWh,68.32827250716927
2062,NGFS2023REMIND_NZ2050,Global,Power,CoalCap,price,$/MWh,68.32827250716927
2062,NGFS2023REMIND_LD,Global,Power,CoalCap,price,$/MWh,68.32827250716927
2062,NGFS2023REMIND_B2DS,Global,Power,CoalCap,price,$/MWh,68.32827250716927
2062,NGFS2023REMIND_DT,Global,Power,CoalCap,price,$/MWh,68.32827250716927
2062,NGFS2023MESSAGE_NZ2050,Global,Power,CoalCap,price,$/MWh,68.32827250716927
2062,NGFS2023MESSAGE_LD,Global,Power,CoalCap,price,$/MWh,68.32827250716927
2062,NGFS2023MESSAGE_B2DS,Global,Power,CoalCap,price,$/MWh,68.32827250716927
2062,NGFS2023MESSAGE_DT,Global,Power,CoalCap,price,$/MWh,68.32827250716927
2063,NGFS2023GCAM_NZ2050,Global,Power,CoalCap,price,$/MWh,68.33109543650978
2063,NGFS2023GCAM_LD,Global,Power,CoalCap,price,$/MWh,68.33109543650978
2063,NGFS2023GCAM_B2DS,Global,Power,CoalCap,price,$/MWh,68.33109543650978
2063,NGFS2023GCAM_DT,Global,Power,CoalCap,price,$/MWh,68.33109543650978
2063,NGFS2023REMIND_NZ2050,Global,Power,CoalCap,price,$/MWh,68.33109543650978
2063,NGFS2023REMIND_LD,Global,Power,CoalCap,price,$/MWh,68.33109543650978
2063,NGFS2023REMIND_B2DS,Global,Power,CoalCap,price,$/MWh,68.33109543650978
2063,NGFS2023REMIND_DT,Global,Power,CoalCap,price,$/MWh,68.33109543650978
2063,NGFS2023MESSAGE_NZ2050,Global,Power,CoalCap,price,$/MWh,68.33109543650978
2063,NGFS2023MESSAGE_LD,Global,Power,CoalCap,price,$/MWh,68.33109543650978
2063,NGFS2023MESSAGE_B2DS,Global,Power,CoalCap,price,$/MWh,68.33109543650978
2063,NGFS2023MESSAGE_DT,Global,Power,CoalCap,price,$/MWh,68.33109543650978
2064,NGFS2023GCAM_NZ2050,Global,Power,CoalCap,price,$/MWh,68.33371099140179
2064,NGFS2023GCAM_LD,Global,Power,CoalCap,price,$/MWh,68.33371099140179
2064,NGFS2023GCAM_B2DS,Global,Power,CoalCap,price,$/MWh,68.33371099140179
2064,NGFS2023GCAM_DT,Global,Power,CoalCap,price,$/MWh,68.33371099140179
2064,NGFS2023REMIND_NZ2050,Global,Power,CoalCap,price,$/MWh,68.33371099140179
2064,NGFS2023REMIND_LD,Global,Power,CoalCap,price,$/MWh,68.33371099140179
2064,NGFS2023REMIND_B2DS,Global,Power,CoalCap,price,$/MWh,68.33371099140179
2064,NGFS2023REMIND_DT,Global,Power,CoalCap,price,$/MWh,68.33371099140179
2064,NGFS2023MESSAGE_NZ2050,Global,Power,CoalCap,price,$/MWh,68.33371099140179
2064,NGFS2023MESSAGE_LD,Global,Power,CoalCap,price,$/MWh,68.33371099140179
2064,NGFS2023MESSAGE_B2DS,Global,Power,CoalCap,price,$/MWh,68.33371099140179
2064,NGFS2023MESSAGE_DT,Global,Power,CoalCap,price,$/MWh,68.33371099140179
2065,NGFS2023GCAM_NZ2050,Global,Power,CoalCap,price,$/MWh,68.33613439695769
2065,NGFS2023GCAM_LD,Global,Power,CoalCap,price,$/MWh,68.33613439695769
2065,NGFS2023GCAM_B2DS,Global,Power,CoalCap,price,$/MWh,68.33613439695769
2065,NGFS2023GCAM_DT,Global,Power,CoalCap,price,$/MWh,68.33613439695769
2065,NGFS2023REMIND_NZ2050,Global,Power,CoalCap,price,$/MWh,68.33613439695769
2065,NGFS2023REMIND_LD,Global,Power,CoalCap,price,$/MWh,68.33613439695769
2065,NGFS2023REMIND_B2DS,Global,Power,CoalCap,price,$/MWh,68.33613439695769
2065,NGFS2023REMIND_DT,Global,Power,CoalCap,price,$/MWh,68.33613439695769
2065,NGFS2023MESSAGE_NZ2050,Global,Power,CoalCap,price,$/MWh,68.33613439695769
2065,NGFS2023MESSAGE_LD,Global,Power,CoalCap,price,$/MWh,68.33613439695769
2065,NGFS2023MESSAGE_B2DS,Global,Power,CoalCap,price,$/MWh,68.33613439695769
2065,NGFS2023MESSAGE_DT,Global,Power,CoalCap,price,$/MWh,68.33613439695769
2066,NGFS2023GCAM_NZ2050,Global,Power,CoalCap,price,$/MWh,68.3383797529364
2066,NGFS2023GCAM_LD,Global,Power,CoalCap,price,$/MWh,68.3383797529364
2066,NGFS2023GCAM_B2DS,Global,Power,CoalCap,price,$/MWh,68.3383797529364
2066,NGFS2023GCAM_DT,Global,Power,CoalCap,price,$/MWh,68.3383797529364
2066,NGFS2023REMIND_NZ2050,Global,Power,CoalCap,price,$/MWh,68.3383797529364
2066,NGFS2023REMIND_LD,Global,Power,CoalCap,price,$/MWh,68.3383797529364
2066,NGFS2023REMIND_B2DS,Global,Power,CoalCap,price,$/MWh,68.3383797529364
2066,NGFS2023REMIND_DT,Global,Power,CoalCap,price,$/MWh,68.3383797529364
2066,NGFS2023MESSAGE_NZ2050,Global,Power,CoalCap,price,$/MWh,68.3383797529364
2066,NGFS2023MESSAGE_LD,Global,Power,CoalCap,price,$/MWh,68.3383797529364
2066,NGFS2023MESSAGE_B2DS,Global,Power,CoalCap,price,$/MWh,68.3383797529364
2066,NGFS2023MESSAGE_DT,Global,Power,CoalCap,price,$/MWh,68.3383797529364
2067,NGFS2023GCAM_NZ2050,Global,Power,CoalCap,price,$/MWh,68.34046013664197
2067,NGFS2023GCAM_LD,Global,Power,CoalCap,price,$/MWh,68.34046013664197
2067,NGFS2023GCAM_B2DS,Global,Power,CoalCap,price,$/MWh,68.34046013664197
2067,NGFS2023GCAM_DT,Global,Power,CoalCap,price,$/MWh,68.34046013664197
2067,NGFS2023REMIND_NZ2050,Global,Power,CoalCap,price,$/MWh,68.34046013664197
2067,NGFS2023REMIND_LD,Global,Power,CoalCap,price,$/MWh,68.34046013664197
2067,NGFS2023REMIND_B2DS,Global,Power,CoalCap,price,$/MWh,68.34046013664197
2067,NGFS2023REMIND_DT,Global,Power,CoalCap,price,$/MWh,68.34046013664197
2067,NGFS2023MESSAGE_NZ2050,Global,Power,CoalCap,price,$/MWh,68.34046013664197
2067,NGFS2023MESSAGE_LD,Global,Power,CoalCap,price,$/MWh,68.34046013664197
2067,NGFS2023MESSAGE_B2DS,Global,Power,CoalCap,price,$/MWh,68.34046013664197
2067,NGFS2023MESSAGE_DT,Global,Power,CoalCap,price,$/MWh,68.34046013664197
2068,NGFS2023GCAM_NZ2050,Global,Power,CoalCap,price,$/MWh,68.34238768287238
2068,NGFS2023GCAM_LD,Global,Power,CoalCap,price,$/MWh,68.34238768287238
2068,NGFS2023GCAM_B2DS,Global,Power,CoalCap,price,$/MWh,68.34238768287238
2068,NGFS2023GCAM_DT,Global,Power,CoalCap,price,$/MWh,68.34238768287238
2068,NGFS2023REMIND_NZ2050,Global,Power,CoalCap,price,$/MWh,68.34238768287238
2068,NGFS2023REMIND_LD,Global,Power,CoalCap,price,$/MWh,68.34238768287238
2068,NGFS2023REMIND_B2DS,Global,Power,CoalCap,price,$/MWh,68.34238768287238
2068,NGFS2023REMIND_DT,Global,Power,CoalCap,price,$/MWh,68.34238768287238
2068,NGFS2023MESSAGE_NZ2050,Global,Power,CoalCap,price,$/MWh,68.34238768287238
2068,NGFS2023MESSAGE_LD,Global,Power,CoalCap,price,$/MWh,68.34238768287238
2068,NGFS2023MESSAGE_B2DS,Global,Power,CoalCap,price,$/MWh,68.34238768287238
2068,NGFS2023MESSAGE_DT,Global,Power,CoalCap,price,$/MWh,68.34238768287238
2069,NGFS2023GCAM_NZ2050,Global,Power,CoalCap,price,$/MWh,68.3441735946292
2069,NGFS2023GCAM_LD,Global,Power,CoalCap,price,$/MWh,68.3441735946292
2069,NGFS2023GCAM_B2DS,Global,Power,CoalCap,price,$/MWh,68.3441735946292
2069,NGFS2023GCAM_DT,Global,Power,CoalCap,price,$/MWh,68.3441735946292
2069,NGFS2023REMIND_NZ2050,Global,Power,CoalCap,price,$/MWh,68.3441735946292
2069,NGFS2023REMIND_LD,Global,Power,CoalCap,price,$/MWh,68.3441735946292
2069,NGFS2023REMIND_B2DS,Global,Power,CoalCap,price,$/MWh,68.3441735946292
2069,NGFS2023REMIND_DT,Global,Power,CoalCap,price,$/MWh,68.3441735946292
2069,NGFS2023MESSAGE_NZ2050,Global,Power,CoalCap,price,$/MWh,68.3441735946292
2069,NGFS2023MESSAGE_LD,Global,Power,CoalCap,price,$/MWh,68.3441735946292
2069,NGFS2023MESSAGE_B2DS,Global,Power,CoalCap,price,$/MWh,68.3441735946292
2069,NGFS2023MESSAGE_DT,Global,Power,CoalCap,price,$/MWh,68.3441735946292
2022,NGFS2023GCAM_NZ2050,Global,Power,GasCap,price,$/MWh,62.85369299435028
2022,NGFS2023GCAM_LD,Global,Power,GasCap,price,$/MWh,62.85369299435028
2022,NGFS2023GCAM_B2DS,Global,Power,GasCap,price,$/MWh,62.85369299435028
2022,NGFS2023GCAM_DT,Global,Power,GasCap,price,$/MWh,62.85369299435028
2022,NGFS2023REMIND_NZ2050,Global,Power,GasCap,price,$/MWh,62.85369299435028
2022,NGFS2023REMIND_LD,Global,Power,GasCap,price,$/MWh,62.85369299435028
2022,NGFS2023REMIND_B2DS,Global,Power,GasCap,price,$/MWh,62.85369299435028
2022,NGFS2023REMIND_DT,Global,Power,GasCap,price,$/MWh,62.85369299435028
2022,NGFS2023MESSAGE_NZ2050,Global,Power,GasCap,price,$/MWh,62.85369299435028
2022,NGFS2023MESSAGE_LD,Global,Power,GasCap,price,$/MWh,62.85369299435028
2022,NGFS2023MESSAGE_B2DS,Global,Power,GasCap,price,$/MWh,62.85369299435028
2022,NGFS2023MESSAGE_DT,Global,Power,GasCap,price,$/MWh,62.85369299435028
2023,NGFS2023GCAM_NZ2050,Global,Power,GasCap,price,$/MWh,62.13181824430379
2023,NGFS2023GCAM_LD,Global,Power,GasCap,price,$/MWh,62.13181824430379
2023,NGFS2023GCAM_B2DS,Global,Power,GasCap,price,$/MWh,62.13181824430379
2023,NGFS2023GCAM_DT,Global,Power,GasCap,price,$/MWh,62.13181824430379
2023,NGFS2023REMIND_NZ2050,Global,Power,GasCap,price,$/MWh,62.13181824430379
2023,NGFS2023REMIND_LD,Global,Power,GasCap,price,$/MWh,62.13181824430379
2023,NGFS2023REMIND_B2DS,Global,Power,GasCap,price,$/MWh,62.13181824430379
2023,NGFS2023REMIND_DT,Global,Power,GasCap,price,$/MWh,62.13181824430379
2023,NGFS2023MESSAGE_NZ2050,Global,Power,GasCap,price,$/MWh,62.13181824430379
2023,NGFS2023MESSAGE_LD,Global,Power,GasCap,price,$/MWh,62.13181824430379
2023,NGFS2023MESSAGE_B2DS,Global,Power,GasCap,price,$/MWh,62.13181824430379
2023,NGFS2023MESSAGE_DT,Global,Power,GasCap,price,$/MWh,62.13181824430379
2024,NGFS2023GCAM_NZ2050,Global,Power,GasCap,price,$/MWh,61.54106547561286
2024,NGFS2023GCAM_LD,Global,Power,GasCap,price,$/MWh,61.54106547561286
2024,NGFS2023GCAM_B2DS,Global,Power,GasCap,price,$/MWh,61.54106547561286
2024,NGFS2023GCAM_DT,Global,Power,GasCap,price,$/MWh,61.54106547561286
2024,NGFS2023REMIND_NZ2050,Global,Power,GasCap,price,$/MWh,61.54106547561286
2024,NGFS2023REMIND_LD,Global,Power,GasCap,price,$/MWh,61.54106547561286
2024,NGFS2023REMIND_B2DS,Global,Power,GasCap,price,$/MWh,61.54106547561286
2024,NGFS2023REMIND_DT,Global,Power,GasCap,price,$/MWh,61.54106547561286
2024,NGFS2023MESSAGE_NZ2050,Global,Power,GasCap,price,$/MWh,61.54106547561286
2024,NGFS2023MESSAGE_LD,Global,Power,GasCap,price,$/MWh,61.54106547561286
2024,NGFS2023MESSAGE_B2DS,Global,Power,GasCap,price,$/MWh,61.54106547561286
2024,NGFS2023MESSAGE_DT,Global,Power,GasCap,price,$/MWh,61.54106547561286
2025,NGFS2023GCAM_NZ2050,Global,Power,GasCap,price,$/MWh,61.05673416017218
2025,NGFS2023GCAM_LD,Global,Power,GasCap,price,$/MWh,61.05673416017218
2025,NGFS2023GCAM_B2DS,Global,Power,GasCap,price,$/MWh,61.05673416017218
2025,NGFS2023GCAM_DT,Global,Power,GasCap,price,$/MWh,61.05673416017218
2025,NGFS2023REMIND_NZ2050,Global,Power,GasCap,price,$/MWh,61.05673416017218
2025,NGFS2023REMIND_LD,Global,Power,GasCap,price,$/MWh,61.05673416017218
2025,NGFS2023REMIND_B2DS,Global,Power,GasCap,price,$/MWh,61.05673416017218
2025,NGFS2023REMIND_DT,Global,Power,GasCap,price,$/MWh,61.05673416017218
2025,NGFS2023MESSAGE_NZ2050,Global,Power,GasCap,price,$/MWh,61.05673416017218
2025,NGFS2023MESSAGE_LD,Global,Power,GasCap,price,$/MWh,61.05673416017218
2025,NGFS2023MESSAGE_B2DS,Global,Power,GasCap,price,$/MWh,61.05673416017218
2025,NGFS2023MESSAGE_DT,Global,Power,GasCap,price,$/MWh,61.05673416017218
2026,NGFS2023GCAM_NZ2050,Global,Power,GasCap,price,$/MWh,60.65905294306617
2026,NGFS2023GCAM_LD,Global,Power,GasCap,price,$/MWh,60.65905294306617
2026,NGFS2023GCAM_B2DS,Global,Power,GasCap,price,$/MWh,60.65905294306617
2026,NGFS2023GCAM_DT,Global,Power,GasCap,price,$/MWh,60.65905294306617
2026,NGFS2023REMIND_NZ2050,Global,Power,GasCap,price,$/MWh,60.65905294306617
2026,NGFS2023REMIND_LD,Global,Power,GasCap,price,$/MWh,60.65905294306617
2026,NGFS2023REMIND_B2DS,Global,Power,GasCap,price,$/MWh,60.65905294306617
2026,NGFS2023REMIND_DT,Global,Power,GasCap,price,$/MWh,60.65905294306617
2026,NGFS2023MESSAGE_NZ2050,Global,Power,GasCap,price,$/MWh,60.65905294306617
2026,NGFS2023MESSAGE_LD,Global,Power,GasCap,price,$/MWh,60.65905294306617
2026,NGFS2023MESSAGE_B2DS,Global,Power,GasCap,price,$/MWh,60.65905294306617
2026,NGFS2023MESSAGE_DT,Global,Power,GasCap,price,$/MWh,60.65905294306617
2027,NGFS2023GCAM_NZ2050,Global,Power,GasCap,price,$/MWh,60.33211157474872
2027,NGFS2023GCAM_LD,Global,Power,GasCap,price,$/MWh,60.33211157474872
2027,NGFS2023GCAM_B2DS,Global,Power,GasCap,price,$/MWh,60.33211157474872
2027,NGFS2023GCAM_DT,Global,Power,GasCap,price,$/MWh,60.33211157474872
2027,NGFS2023REMIND_NZ2050,Global,Power,GasCap,price,$/MWh,60.33211157474872
2027,NGFS2023REMIND_LD,Global,Power,GasCap,price,$/MWh,60.33211157474872
2027,NGFS2023REMIND_B2DS,Global,Power,GasCap,price,$/MWh,60.33211157474872
2027,NGFS2023REMIND_DT,Global,Power,GasCap,price,$/MWh,60.33211157474872
2027,NGFS2023MESSAGE_NZ2050,Global,Power,GasCap,price,$/MWh,60.33211157474872
2027,NGFS2023MESSAGE_LD,Global,Power,GasCap,price,$/MWh,60.33211157474872
2027,NGFS2023MESSAGE_B2DS,Global,Power,GasCap,price,$/MWh,60.33211157474872
2027,NGFS2023MESSAGE_DT,Global,Power,GasCap,price,$/MWh,60.33211157474872
2028,NGFS2023GCAM_NZ2050,Global,Power,GasCap,price,$/MWh,60.06304909395892
2028,NGFS2023GCAM_LD,Global,Power,GasCap,price,$/MWh,60.06304909395892
2028,NGFS2023GCAM_B2DS,Global,Power,GasCap,price,$/MWh,60.06304909395892
2028,NGFS2023GCAM_DT,Global,Power,GasCap,price,$/MWh,60.06304909395892
2028,NGFS2023REMIND_NZ2050,Global,Power,GasCap,price,$/MWh,60.06304909395892
2028,NGFS2023REMIND_LD,Global,Power,GasCap,price,$/MWh,60.06304909395892
2028,NGFS2023REMIND_B2DS,Global,Power,GasCap,price,$/MWh,60.06304909395892
2028,NGFS2023REMIND_DT,Global,Power,GasCap,price,$/MWh,60.06304909395892
2028,NGFS2023MESSAGE_NZ2050,Global,Power,GasCap,price,$/MWh,60.06304909395892
2028,NGFS2023MESSAGE_LD,Global,Power,GasCap,price,$/MWh,60.06304909395892
2028,NGFS2023MESSAGE_B2DS,Global,Power,GasCap,price,$/MWh,60.06304909395892
2028,NGFS2023MESSAGE_DT,Global,Power,GasCap,price,$/MWh,60.06304909395892
2029,NGFS2023GCAM_NZ2050,Global,Power,GasCap,price,$/MWh,59.84142992890016
2029,NGFS2023GCAM_LD,Global,Power,GasCap,price,$/MWh,59.84142992890016
2029,NGFS2023GCAM_B2DS,Global,Power,GasCap,price,$/MWh,59.84142992890016
2029,NGFS2023GCAM_DT,Global,Power,GasCap,price,$/MWh,59.84142992890016
2029,NGFS2023REMIND_NZ2050,Global,Power,GasCap,price,$/MWh,59.84142992890016
2029,NGFS2023REMIND_LD,Global,Power,GasCap,price,$/MWh,59.84142992890016
2029,NGFS2023REMIND_B2DS,Global,Power,GasCap,price,$/MWh,59.84142992890016
2029,NGFS2023REMIND_DT,Global,Power,GasCap,price,$/MWh,59.84142992890016
2029,NGFS2023MESSAGE_NZ2050,Global,Power,GasCap,price,$/MWh,59.84142992890016
2029,NGFS2023MESSAGE_LD,Global,Power,GasCap,price,$/MWh,59.84142992890016
2029,NGFS2023MESSAGE_B2DS,Global,Power,GasCap,price,$/MWh,59.84142992890016
2029,NGFS2023MESSAGE_DT,Global,Power,GasCap,price,$/MWh,59.84142992890016
2030,NGFS2023GCAM_NZ2050,Global,Power,GasCap,price,$/MWh,59.65875950917725
2030,NGFS2023GCAM_LD,Global,Power,GasCap,price,$/MWh,59.65875950917725
2030,NGFS2023GCAM_B2DS,Global,Power,GasCap,price,$/MWh,59.65875950917725
2030,NGFS2023GCAM_DT,Global,Power,GasCap,price,$/MWh,59.65875950917725
2030,NGFS2023REMIND_NZ2050,Global,Power,GasCap,price,$/MWh,59.65875950917725
2030,NGFS2023REMIND_LD,Global,Power,GasCap,price,$/MWh,59.65875950917725
2030,NGFS2023REMIND_B2DS,Global,Power,GasCap,price,$/MWh,59.65875950917725
2030,NGFS2023REMIND_DT,Global,Power,GasCap,price,$/MWh,59.65875950917725
2030,NGFS2023MESSAGE_NZ2050,Global,Power,GasCap,price,$/MWh,59.65875950917725
2030,NGFS2023MESSAGE_LD,Global,Power,GasCap,price,$/MWh,59.65875950917725
2030,NGFS2023MESSAGE_B2DS,Global,Power,GasCap,price,$/MWh,59.65875950917725
2030,NGFS2023MESSAGE_DT,Global,Power,GasCap,price,$/MWh,59.65875950917725
2031,NGFS2023GCAM_NZ2050,Global,Power,GasCap,price,$/MWh,59.50810476520781
2031,NGFS2023GCAM_LD,Global,Power,GasCap,price,$/MWh,59.50810476520781
2031,NGFS2023GCAM_B2DS,Global,Power,GasCap,price,$/MWh,59.50810476520781
2031,NGFS2023GCAM_DT,Global,Power,GasCap,price,$/MWh,59.50810476520781
2031,NGFS2023REMIND_NZ2050,Global,Power,GasCap,price,$/MWh,59.50810476520781
2031,NGFS2023REMIND_LD,Global,Power,GasCap,price,$/MWh,59.50810476520781
2031,NGFS2023REMIND_B2DS,Global,Power,GasCap,price,$/MWh,59.50810476520781
2031,NGFS2023REMIND_DT,Global,Power,GasCap,price,$/MWh,59.50810476520781
2031,NGFS2023MESSAGE_NZ2050,Global,Power,GasCap,price,$/MWh,59.50810476520781
2031,NGFS2023MESSAGE_LD,Global,Power,GasCap,price,$/MWh,59.50810476520781
2031,NGFS2023MESSAGE_B2DS,Global,Power,GasCap,price,$/MWh,59.50810476520781
2031,NGFS2023MESSAGE_DT,Global,Power,GasCap,price,$/MWh,59.50810476520781
2032,NGFS2023GCAM_NZ2050,Global,Power,GasCap,price,$/MWh,59.38379444268135
2032,NGFS2023GCAM_LD,Global,Power,GasCap,price,$/MWh,59.38379444268135
2032,NGFS2023GCAM_B2DS,Global,Power,GasCap,price,$/MWh,59.38379444268135
2032,NGFS2023GCAM_DT,Global,Power,GasCap,price,$/MWh,59.38379444268135
2032,NGFS2023REMIND_NZ2050,Global,Power,GasCap,price,$/MWh,59.38379444268135
2032,NGFS2023REMIND_LD,Global,Power,GasCap,price,$/MWh,59.38379444268135
2032,NGFS2023REMIND_B2DS,Global,Power,GasCap,price,$/MWh,59.38379444268135
2032,NGFS2023REMIND_DT,Global,Power,GasCap,price,$/MWh,59.38379444268135
2032,NGFS2023MESSAGE_NZ2050,Global,Power,GasCap,price,$/MWh,59.38379444268135
2032,NGFS2023MESSAGE_LD,Global,Power,GasCap,price,$/MWh,59.38379444268135
2032,NGFS2023MESSAGE_B2DS,Global,Power,GasCap,price,$/MWh,59.38379444268135
2032,NGFS2023MESSAGE_DT,Global,Power,GasCap,price,$/MWh,59.38379444268135
2033,NGFS2023GCAM_NZ2050,Global,Power,GasCap,price,$/MWh,59.281180797367085
2033,NGFS2023GCAM_LD,Global,Power,GasCap,price,$/MWh,59.281180797367085
2033,NGFS2023GCAM_B2DS,Global,Power,GasCap,price,$/MWh,59.281180797367085
2033,NGFS2023GCAM_DT,Global,Power,GasCap,price,$/MWh,59.281180797367085
2033,NGFS2023REMIND_NZ2050,Global,Power,GasCap,price,$/MWh,59.281180797367085
2033,NGFS2023REMIND_LD,Global,Power,GasCap,price,$/MWh,59.281180797367085
2033,NGFS2023REMIND_B2DS,Global,Power,GasCap,price,$/MWh,59.281180797367085
2033,NGFS2023REMIND_DT,Global,Power,GasCap,price,$/MWh,59.281180797367085
2033,NGFS2023MESSAGE_NZ2050,Global,Power,GasCap,price,$/MWh,59.281180797367085
2033,NGFS2023MESSAGE_LD,Global,Power,GasCap,price,$/MWh,59.281180797367085
2033,NGFS2023MESSAGE_B2DS,Global,Power,GasCap,price,$/MWh,59.281180797367085
2033,NGFS2023MESSAGE_DT,Global,Power,GasCap,price,$/MWh,59.281180797367085
2034,NGFS2023GCAM_NZ2050,Global,Power,GasCap,price,$/MWh,59.19644898490565
2034,NGFS2023GCAM_LD,Global,Power,GasCap,price,$/MWh,59.19644898490565
2034,NGFS2023GCAM_B2DS,Global,Power,GasCap,price,$/MWh,59.19644898490565
2034,NGFS2023GCAM_DT,Global,Power,GasCap,price,$/MWh,59.19644898490565
2034,NGFS2023REMIND_NZ2050,Global,Power,GasCap,price,$/MWh,59.19644898490565
2034,NGFS2023REMIND_LD,Global,Power,GasCap,price,$/MWh,59.19644898490565
2034,NGFS2023REMIND_B2DS,Global,Power,GasCap,price,$/MWh,59.19644898490565
2034,NGFS2023REMIND_DT,Global,Power,GasCap,price,$/MWh,59.19644898490565
2034,NGFS2023MESSAGE_NZ2050,Global,Power,GasCap,price,$/MWh,59.19644898490565
2034,NGFS2023MESSAGE_LD,Global,Power,GasCap,price,$/MWh,59.19644898490565
2034,NGFS2023MESSAGE_B2DS,Global,Power,GasCap,price,$/MWh,59.19644898490565
2034,NGFS2023MESSAGE_DT,Global,Power,GasCap,price,$/MWh,59.19644898490565
2035,NGFS2023GCAM_NZ2050,Global,Power,GasCap,price,$/MWh,59.12646372373537
2035,NGFS2023GCAM_LD,Global,Power,GasCap,price,$/MWh,59.12646372373537
2035,NGFS2023GCAM_B2DS,Global,Power,GasCap,price,$/MWh,59.12646372373537
2035,NGFS2023GCAM_DT,Global,Power,GasCap,price,$/MWh,59.12646372373537
2035,NGFS2023REMIND_NZ2050,Global,Power,GasCap,price,$/MWh,59.12646372373537
2035,NGFS2023REMIND_LD,Global,Power,GasCap,price,$/MWh,59.12646372373537
2035,NGFS2023REMIND_B2DS,Global,Power,GasCap,price,$/MWh,59.12646372373537
2035,NGFS2023REMIND_DT,Global,Power,GasCap,price,$/MWh,59.12646372373537
2035,NGFS2023MESSAGE_NZ2050,Global,Power,GasCap,price,$/MWh,59.12646372373537
2035,NGFS2023MESSAGE_LD,Global,Power,GasCap,price,$/MWh,59.12646372373537
2035,NGFS2023MESSAGE_B2DS,Global,Power,GasCap,price,$/MWh,59.12646372373537
2035,NGFS2023MESSAGE_DT,Global,Power,GasCap,price,$/MWh,59.12646372373537
2036,NGFS2023GCAM_NZ2050,Global,Power,GasCap,price,$/MWh,59.06864549003239
2036,NGFS2023GCAM_LD,Global,Power,GasCap,price,$/MWh,59.06864549003239
2036,NGFS2023GCAM_B2DS,Global,Power,GasCap,price,$/MWh,59.06864549003239
2036,NGFS2023GCAM_DT,Global,Power,GasCap,price,$/MWh,59.06864549003239
2036,NGFS2023REMIND_NZ2050,Global,Power,GasCap,price,$/MWh,59.06864549003239
2036,NGFS2023REMIND_LD,Global,Power,GasCap,price,$/MWh,59.06864549003239
2036,NGFS2023REMIND_B2DS,Global,Power,GasCap,price,$/MWh,59.06864549003239
2036,NGFS2023REMIND_DT,Global,Power,GasCap,price,$/MWh,59.06864549003239
2036,NGFS2023MESSAGE_NZ2050,Global,Power,GasCap,price,$/MWh,59.06864549003239
2036,NGFS2023MESSAGE_LD,Global,Power,GasCap,price,$/MWh,59.06864549003239
2036,NGFS2023MESSAGE_B2DS,Global,Power,GasCap,price,$/MWh,59.06864549003239
2036,NGFS2023MESSAGE_DT,Global,Power,GasCap,price,$/MWh,59.06864549003239
2037,NGFS2023GCAM_NZ2050,Global,Power,GasCap,price,$/MWh,59.020870091847605
2037,NGFS2023GCAM_LD,Global,Power,GasCap,price,$/MWh,59.020870091847605
2037,NGFS2023GCAM_B2DS,Global,Power,GasCap,price,$/MWh,59.020870091847605
2037,NGFS2023GCAM_DT,Global,Power,GasCap,price,$/MWh,59.020870091847605
2037,NGFS2023REMIND_NZ2050,Global,Power,GasCap,price,$/MWh,59.020870091847605
2037,NGFS2023REMIND_LD,Global,Power,GasCap,price,$/MWh,59.020870091847605
2037,NGFS2023REMIND_B2DS,Global,Power,GasCap,price,$/MWh,59.020870091847605
2037,NGFS2023REMIND_DT,Global,Power,GasCap,price,$/MWh,59.020870091847605
2037,NGFS2023MESSAGE_NZ2050,Global,Power,GasCap,price,$/MWh,59.020870091847605
2037,NGFS2023MESSAGE_LD,Global,Power,GasCap,price,$/MWh,59.020870091847605
2037,NGFS2023MESSAGE_B2DS,Global,Power,GasCap,price,$/MWh,59.020870091847605
2037,NGFS2023MESSAGE_DT,Global,Power,GasCap,price,$/MWh,59.020870091847605
2038,NGFS2023GCAM_NZ2050,Global,Power,GasCap,price,$/MWh,58.98138703985392
2038,NGFS2023GCAM_LD,Global,Power,GasCap,price,$/MWh,58.98138703985392
2038,NGFS2023GCAM_B2DS,Global,Power,GasCap,price,$/MWh,58.98138703985392
2038,NGFS2023GCAM_DT,Global,Power,GasCap,price,$/MWh,58.98138703985392
2038,NGFS2023REMIND_NZ2050,Global,Power,GasCap,price,$/MWh,58.98138703985392
2038,NGFS2023REMIND_LD,Global,Power,GasCap,price,$/MWh,58.98138703985392
2038,NGFS2023REMIND_B2DS,Global,Power,GasCap,price,$/MWh,58.98138703985392
2038,NGFS2023REMIND_DT,Global,Power,GasCap,price,$/MWh,58.98138703985392
2038,NGFS2023MESSAGE_NZ2050,Global,Power,GasCap,price,$/MWh,58.98138703985392
2038,NGFS2023MESSAGE_LD,Global,Power,GasCap,price,$/MWh,58.98138703985392
2038,NGFS2023MESSAGE_B2DS,Global,Power,GasCap,price,$/MWh,58.98138703985392
2038,NGFS2023MESSAGE_DT,Global,Power,GasCap,price,$/MWh,58.98138703985392
2039,NGFS2023GCAM_NZ2050,Global,Power,GasCap,price,$/MWh,58.94875284594225
2039,NGFS2023GCAM_LD,Global,Power,GasCap,price,$/MWh,58.94875284594225
2039,NGFS2023GCAM_B2DS,Global,Power,GasCap,price,$/MWh,58.94875284594225
2039,NGFS2023GCAM_DT,Global,Power,GasCap,price,$/MWh,58.94875284594225
2039,NGFS2023REMIND_NZ2050,Global,Power,GasCap,price,$/MWh,58.94875284594225
2039,NGFS2023REMIND_LD,Global,Power,GasCap,price,$/MWh,58.94875284594225
2039,NGFS2023REMIND_B2DS,Global,Power,GasCap,price,$/MWh,58.94875284594225
2039,NGFS2023REMIND_DT,Global,Power,GasCap,price,$/MWh,58.94875284594225
2039,NGFS2023MESSAGE_NZ2050,Global,Power,GasCap,price,$/MWh,58.94875284594225
2039,NGFS2023MESSAGE_LD,Global,Power,GasCap,price,$/MWh,58.94875284594225
2039,NGFS2023MESSAGE_B2DS,Global,Power,GasCap,price,$/MWh,58.94875284594225
2039,NGFS2023MESSAGE_DT,Global,Power,GasCap,price,$/MWh,58.94875284594225
2040,NGFS2023GCAM_NZ2050,Global,Power,GasCap,price,$/MWh,58.92177664193161
2040,NGFS2023GCAM_LD,Global,Power,GasCap,price,$/MWh,58.92177664193161
2040,NGFS2023GCAM_B2DS,Global,Power,GasCap,price,$/MWh,58.92177664193161
2040,NGFS2023GCAM_DT,Global,Power,GasCap,price,$/MWh,58.92177664193161
2040,NGFS2023REMIND_NZ2050,Global,Power,GasCap,price,$/MWh,58.92177664193161
2040,NGFS2023REMIND_LD,Global,Power,GasCap,price,$/MWh,58.92177664193161
2040,NGFS2023REMIND_B2DS,Global,Power,GasCap,price,$/MWh,58.92177664193161
2040,NGFS2023REMIND_DT,Global,Power,GasCap,price,$/MWh,58.92177664193161
2040,NGFS2023MESSAGE_NZ2050,Global,Power,GasCap,price,$/MWh,58.92177664193161
2040,NGFS2023MESSAGE_LD,Global,Power,GasCap,price,$/MWh,58.92177664193161
2040,NGFS2023MESSAGE_B2DS,Global,Power,GasCap,price,$/MWh,58.92177664193161
2040,NGFS2023MESSAGE_DT,Global,Power,GasCap,price,$/MWh,58.92177664193161
2041,NGFS2023GCAM_NZ2050,Global,Power,GasCap,price,$/MWh,58.89947551057295
2041,NGFS2023GCAM_LD,Global,Power,GasCap,price,$/MWh,58.89947551057295
2041,NGFS2023GCAM_B2DS,Global,Power,GasCap,price,$/MWh,58.89947551057295
2041,NGFS2023GCAM_DT,Global,Power,GasCap,price,$/MWh,58.89947551057295
2041,NGFS2023REMIND_NZ2050,Global,Power,GasCap,price,$/MWh,58.89947551057295
2041,NGFS2023REMIND_LD,Global,Power,GasCap,price,$/MWh,58.89947551057295
2041,NGFS2023REMIND_B2DS,Global,Power,GasCap,price,$/MWh,58.89947551057295
2041,NGFS2023REMIND_DT,Global,Power,GasCap,price,$/MWh,58.89947551057295
2041,NGFS2023MESSAGE_NZ2050,Global,Power,GasCap,price,$/MWh,58.89947551057295
2041,NGFS2023MESSAGE_LD,Global,Power,GasCap,price,$/MWh,58.89947551057295
2041,NGFS2023MESSAGE_B2DS,Global,Power,GasCap,price,$/MWh,58.89947551057295
2041,NGFS2023MESSAGE_DT,Global,Power,GasCap,price,$/MWh,58.89947551057295
2042,NGFS2023GCAM_NZ2050,Global,Power,GasCap,price,$/MWh,58.88103792013392
2042,NGFS2023GCAM_LD,Global,Power,GasCap,price,$/MWh,58.88103792013392
2042,NGFS2023GCAM_B2DS,Global,Power,GasCap,price,$/MWh,58.88103792013392
2042,NGFS2023GCAM_DT,Global,Power,GasCap,price,$/MWh,58.88103792013392
2042,NGFS2023REMIND_NZ2050,Global,Power,GasCap,price,$/MWh,58.88103792013392
2042,NGFS2023REMIND_LD,Global,Power,GasCap,price,$/MWh,58.88103792013392
2042,NGFS2023REMIND_B2DS,Global,Power,GasCap,price,$/MWh,58.88103792013392
2042,NGFS2023REMIND_DT,Global,Power,GasCap,price,$/MWh,58.88103792013392
2042,NGFS2023MESSAGE_NZ2050,Global,Power,GasCap,price,$/MWh,58.88103792013392
2042,NGFS2023MESSAGE_LD,Global,Power,GasCap,price,$/MWh,58.88103792013392
2042,NGFS2023MESSAGE_B2DS,Global,Power,GasCap,price,$/MWh,58.88103792013392
2042,NGFS2023MESSAGE_DT,Global,Power,GasCap,price,$/MWh,58.88103792013392
2043,NGFS2023GCAM_NZ2050,Global,Power,GasCap,price,$/MWh,58.86579362094929
2043,NGFS2023GCAM_LD,Global,Power,GasCap,price,$/MWh,58.86579362094929
2043,NGFS2023GCAM_B2DS,Global,Power,GasCap,price,$/MWh,58.86579362094929
2043,NGFS2023GCAM_DT,Global,Power,GasCap,price,$/MWh,58.86579362094929
2043,NGFS2023REMIND_NZ2050,Global,Power,GasCap,price,$/MWh,58.86579362094929
2043,NGFS2023REMIND_LD,Global,Power,GasCap,price,$/MWh,58.86579362094929
2043,NGFS2023REMIND_B2DS,Global,Power,GasCap,price,$/MWh,58.86579362094929
2043,NGFS2023REMIND_DT,Global,Power,GasCap,price,$/MWh,58.86579362094929
2043,NGFS2023MESSAGE_NZ2050,Global,Power,GasCap,price,$/MWh,58.86579362094929
2043,NGFS2023MESSAGE_LD,Global,Power,GasCap,price,$/MWh,58.86579362094929
2043,NGFS2023MESSAGE_B2DS,Global,Power,GasCap,price,$/MWh,58.86579362094929
2043,NGFS2023MESSAGE_DT,Global,Power,GasCap,price,$/MWh,58.86579362094929
2044,NGFS2023GCAM_NZ2050,Global,Power,GasCap,price,$/MWh,58.85318892671253
2044,NGFS2023GCAM_LD,Global,Power,GasCap,price,$/MWh,58.85318892671253
2044,NGFS2023GCAM_B2DS,Global,Power,GasCap,price,$/MWh,58.85318892671253
2044,NGFS2023GCAM_DT,Global,Power,GasCap,price,$/MWh,58.85318892671253
2044,NGFS2023REMIND_NZ2050,Global,Power,GasCap,price,$/MWh,58.85318892671253
2044,NGFS2023REMIND_LD,Global,Power,GasCap,price,$/MWh,58.85318892671253
2044,NGFS2023REMIND_B2DS,Global,Power,GasCap,price,$/MWh,58.85318892671253
2044,NGFS2023REMIND_DT,Global,Power,GasCap,price,$/MWh,58.85318892671253
2044,NGFS2023MESSAGE_NZ2050,Global,Power,GasCap,price,$/MWh,58.85318892671253
2044,NGFS2023MESSAGE_LD,Global,Power,GasCap,price,$/MWh,58.85318892671253
2044,NGFS2023MESSAGE_B2DS,Global,Power,GasCap,price,$/MWh,58.85318892671253
2044,NGFS2023MESSAGE_DT,Global,Power,GasCap,price,$/MWh,58.85318892671253
2045,NGFS2023GCAM_NZ2050,Global,Power,GasCap,price,$/MWh,58.84276635044227
2045,NGFS2023GCAM_LD,Global,Power,GasCap,price,$/MWh,58.84276635044227
2045,NGFS2023GCAM_B2DS,Global,Power,GasCap,price,$/MWh,58.84276635044227
2045,NGFS2023GCAM_DT,Global,Power,GasCap,price,$/MWh,58.84276635044227
2045,NGFS2023REMIND_NZ2050,Global,Power,GasCap,price,$/MWh,58.84276635044227
2045,NGFS2023REMIND_LD,Global,Power,GasCap,price,$/MWh,58.84276635044227
2045,NGFS2023REMIND_B2DS,Global,Power,GasCap,price,$/MWh,58.84276635044227
2045,NGFS2023REMIND_DT,Global,Power,GasCap,price,$/MWh,58.84276635044227
2045,NGFS2023MESSAGE_NZ2050,Global,Power,GasCap,price,$/MWh,58.84276635044227
2045,NGFS2023MESSAGE_LD,Global,Power,GasCap,price,$/MWh,58.84276635044227
2045,NGFS2023MESSAGE_B2DS,Global,Power,GasCap,price,$/MWh,58.84276635044227
2045,NGFS2023MESSAGE_DT,Global,Power,GasCap,price,$/MWh,58.84276635044227
2046,NGFS2023GCAM_NZ2050,Global,Power,GasCap,price,$/MWh,58.83414784281152
2046,NGFS2023GCAM_LD,Global,Power,GasCap,price,$/MWh,58.83414784281152
2046,NGFS2023GCAM_B2DS,Global,Power,GasCap,price,$/MWh,58.83414784281152
2046,NGFS2023GCAM_DT,Global,Power,GasCap,price,$/MWh,58.83414784281152
2046,NGFS2023REMIND_NZ2050,Global,Power,GasCap,price,$/MWh,58.83414784281152
2046,NGFS2023REMIND_LD,Global,Power,GasCap,price,$/MWh,58.83414784281152
2046,NGFS2023REMIND_B2DS,Global,Power,GasCap,price,$/MWh,58.83414784281152
2046,NGFS2023REMIND_DT,Global,Power,GasCap,price,$/MWh,58.83414784281152
2046,NGFS2023MESSAGE_NZ2050,Global,Power,GasCap,price,$/MWh,58.83414784281152
2046,NGFS2023MESSAGE_LD,Global,Power,GasCap,price,$/MWh,58.83414784281152
2046,NGFS2023MESSAGE_B2DS,Global,Power,GasCap,price,$/MWh,58.83414784281152
2046,NGFS2023MESSAGE_DT,Global,Power,GasCap,price,$/MWh,58.83414784281152
2047,NGFS2023GCAM_NZ2050,Global,Power,GasCap,price,$/MWh,58.82702092125009
2047,NGFS2023GCAM_LD,Global,Power,GasCap,price,$/MWh,58.82702092125009
2047,NGFS2023GCAM_B2DS,Global,Power,GasCap,price,$/MWh,58.82702092125009
2047,NGFS2023GCAM_DT,Global,Power,GasCap,price,$/MWh,58.82702092125009
2047,NGFS2023REMIND_NZ2050,Global,Power,GasCap,price,$/MWh,58.82702092125009
2047,NGFS2023REMIND_LD,Global,Power,GasCap,price,$/MWh,58.82702092125009
2047,NGFS2023REMIND_B2DS,Global,Power,GasCap,price,$/MWh,58.82702092125009
2047,NGFS2023REMIND_DT,Global,Power,GasCap,price,$/MWh,58.82702092125009
2047,NGFS2023MESSAGE_NZ2050,Global,Power,GasCap,price,$/MWh,58.82702092125009
2047,NGFS2023MESSAGE_LD,Global,Power,GasCap,price,$/MWh,58.82702092125009
2047,NGFS2023MESSAGE_B2DS,Global,Power,GasCap,price,$/MWh,58.82702092125009
2047,NGFS2023MESSAGE_DT,Global,Power,GasCap,price,$/MWh,58.82702092125009
2048,NGFS2023GCAM_NZ2050,Global,Power,GasCap,price,$/MWh,58.821127313063194
2048,NGFS2023GCAM_LD,Global,Power,GasCap,price,$/MWh,58.821127313063194
2048,NGFS2023GCAM_B2DS,Global,Power,GasCap,price,$/MWh,58.821127313063194
2048,NGFS2023GCAM_DT,Global,Power,GasCap,price,$/MWh,58.821127313063194
2048,NGFS2023REMIND_NZ2050,Global,Power,GasCap,price,$/MWh,58.821127313063194
2048,NGFS2023REMIND_LD,Global,Power,GasCap,price,$/MWh,58.821127313063194
2048,NGFS2023REMIND_B2DS,Global,Power,GasCap,price,$/MWh,58.821127313063194
2048,NGFS2023REMIND_DT,Global,Power,GasCap,price,$/MWh,58.821127313063194
2048,NGFS2023MESSAGE_NZ2050,Global,Power,GasCap,price,$/MWh,58.821127313063194
2048,NGFS2023MESSAGE_LD,Global,Power,GasCap,price,$/MWh,58.821127313063194
2048,NGFS2023MESSAGE_B2DS,Global,Power,GasCap,price,$/MWh,58.821127313063194
2048,NGFS2023MESSAGE_DT,Global,Power,GasCap,price,$/MWh,58.821127313063194
2049,NGFS2023GCAM_NZ2050,Global,Power,GasCap,price,$/MWh,58.8162534973956
2049,NGFS2023GCAM_LD,Global,Power,GasCap,price,$/MWh,58.8162534973956
2049,NGFS2023GCAM_B2DS,Global,Power,GasCap,price,$/MWh,58.8162534973956
2049,NGFS2023GCAM_DT,Global,Power,GasCap,price,$/MWh,58.8162534973956
2049,NGFS2023REMIND_NZ2050,Global,Power,GasCap,price,$/MWh,58.8162534973956
2049,NGFS2023REMIND_LD,Global,Power,GasCap,price,$/MWh,58.8162534973956
2049,NGFS2023REMIND_B2DS,Global,Power,GasCap,price,$/MWh,58.8162534973956
2049,NGFS2023REMIND_DT,Global,Power,GasCap,price,$/MWh,58.8162534973956
2049,NGFS2023MESSAGE_NZ2050,Global,Power,GasCap,price,$/MWh,58.8162534973956
2049,NGFS2023MESSAGE_LD,Global,Power,GasCap,price,$/MWh,58.8162534973956
2049,NGFS2023MESSAGE_B2DS,Global,Power,GasCap,price,$/MWh,58.8162534973956
2049,NGFS2023MESSAGE_DT,Global,Power,GasCap,price,$/MWh,58.8162534973956
2050,NGFS2023GCAM_NZ2050,Global,Power,GasCap,price,$/MWh,58.81222295973324
2050,NGFS2023GCAM_LD,Global,Power,GasCap,price,$/MWh,58.81222295973324
2050,NGFS2023GCAM_B2DS,Global,Power,GasCap,price,$/MWh,58.81222295973324
2050,NGFS2023GCAM_DT,Global,Power,GasCap,price,$/MWh,58.81222295973324
2050,NGFS2023REMIND_NZ2050,Global,Power,GasCap,price,$/MWh,58.81222295973324
2050,NGFS2023REMIND_LD,Global,Power,GasCap,price,$/MWh,58.81222295973324
2050,NGFS2023REMIND_B2DS,Global,Power,GasCap,price,$/MWh,58.81222295973324
2050,NGFS2023REMIND_DT,Global,Power,GasCap,price,$/MWh,58.81222295973324
2050,NGFS2023MESSAGE_NZ2050,Global,Power,GasCap,price,$/MWh,58.81222295973324
2050,NGFS2023MESSAGE_LD,Global,Power,GasCap,price,$/MWh,58.81222295973324
2050,NGFS2023MESSAGE_B2DS,Global,Power,GasCap,price,$/MWh,58.81222295973324
2050,NGFS2023MESSAGE_DT,Global,Power,GasCap,price,$/MWh,58.81222295973324
2051,NGFS2023GCAM_NZ2050,Global,Power,GasCap,price,$/MWh,58.80888973403883
2051,NGFS2023GCAM_LD,Global,Power,GasCap,price,$/MWh,58.80888973403883
2051,NGFS2023GCAM_B2DS,Global,Power,GasCap,price,$/MWh,58.80888973403883
2051,NGFS2023GCAM_DT,Global,Power,GasCap,price,$/MWh,58.80888973403883
2051,NGFS2023REMIND_NZ2050,Global,Power,GasCap,price,$/MWh,58.80888973403883
2051,NGFS2023REMIND_LD,Global,Power,GasCap,price,$/MWh,58.80888973403883
2051,NGFS2023REMIND_B2DS,Global,Power,GasCap,price,$/MWh,58.80888973403883
2051,NGFS2023REMIND_DT,Global,Power,GasCap,price,$/MWh,58.80888973403883
2051,NGFS2023MESSAGE_NZ2050,Global,Power,GasCap,price,$/MWh,58.80888973403883
2051,NGFS2023MESSAGE_LD,Global,Power,GasCap,price,$/MWh,58.80888973403883
2051,NGFS2023MESSAGE_B2DS,Global,Power,GasCap,price,$/MWh,58.80888973403883
2051,NGFS2023MESSAGE_DT,Global,Power,GasCap,price,$/MWh,58.80888973403883
2052,NGFS2023GCAM_NZ2050,Global,Power,GasCap,price,$/MWh,58.80613316006506
2052,NGFS2023GCAM_LD,Global,Power,GasCap,price,$/MWh,58.80613316006506
2052,NGFS2023GCAM_B2DS,Global,Power,GasCap,price,$/MWh,58.80613316006506
2052,NGFS2023GCAM_DT,Global,Power,GasCap,price,$/MWh,58.80613316006506
2052,NGFS2023REMIND_NZ2050,Global,Power,GasCap,price,$/MWh,58.80613316006506
2052,NGFS2023REMIND_LD,Global,Power,GasCap,price,$/MWh,58.80613316006506
2052,NGFS2023REMIND_B2DS,Global,Power,GasCap,price,$/MWh,58.80613316006506
2052,NGFS2023REMIND_DT,Global,Power,GasCap,price,$/MWh,58.80613316006506
2052,NGFS2023MESSAGE_NZ2050,Global,Power,GasCap,price,$/MWh,58.80613316006506
2052,NGFS2023MESSAGE_LD,Global,Power,GasCap,price,$/MWh,58.80613316006506
2052,NGFS2023MESSAGE_B2DS,Global,Power,GasCap,price,$/MWh,58.80613316006506
2052,NGFS2023MESSAGE_DT,Global,Power,GasCap,price,$/MWh,58.80613316006506
2053,NGFS2023GCAM_NZ2050,Global,Power,GasCap,price,$/MWh,58.80385346105189
2053,NGFS2023GCAM_LD,Global,Power,GasCap,price,$/MWh,58.80385346105189
2053,NGFS2023GCAM_B2DS,Global,Power,GasCap,price,$/MWh,58.80385346105189
2053,NGFS2023GCAM_DT,Global,Power,GasCap,price,$/MWh,58.80385346105189
2053,NGFS2023REMIND_NZ2050,Global,Power,GasCap,price,$/MWh,58.80385346105189
2053,NGFS2023REMIND_LD,Global,Power,GasCap,price,$/MWh,58.80385346105189
2053,NGFS2023REMIND_B2DS,Global,Power,GasCap,price,$/MWh,58.80385346105189
2053,NGFS2023REMIND_DT,Global,Power,GasCap,price,$/MWh,58.80385346105189
2053,NGFS2023MESSAGE_NZ2050,Global,Power,GasCap,price,$/MWh,58.80385346105189
2053,NGFS2023MESSAGE_LD,Global,Power,GasCap,price,$/MWh,58.80385346105189
2053,NGFS2023MESSAGE_B2DS,Global,Power,GasCap,price,$/MWh,58.80385346105189
2053,NGFS2023MESSAGE_DT,Global,Power,GasCap,price,$/MWh,58.80385346105189
2054,NGFS2023GCAM_NZ2050,Global,Power,GasCap,price,$/MWh,58.80196811593344
2054,NGFS2023GCAM_LD,Global,Power,GasCap,price,$/MWh,58.80196811593344
2054,NGFS2023GCAM_B2DS,Global,Power,GasCap,price,$/MWh,58.80196811593344
2054,NGFS2023GCAM_DT,Global,Power,GasCap,price,$/MWh,58.80196811593344
2054,NGFS2023REMIND_NZ2050,Global,Power,GasCap,price,$/MWh,58.80196811593344
2054,NGFS2023REMIND_LD,Global,Power,GasCap,price,$/MWh,58.80196811593344
2054,NGFS2023REMIND_B2DS,Global,Power,GasCap,price,$/MWh,58.80196811593344
2054,NGFS2023REMIND_DT,Global,Power,GasCap,price,$/MWh,58.80196811593344
2054,NGFS2023MESSAGE_NZ2050,Global,Power,GasCap,price,$/MWh,58.80196811593344
2054,NGFS2023MESSAGE_LD,Global,Power,GasCap,price,$/MWh,58.80196811593344
2054,NGFS2023MESSAGE_B2DS,Global,Power,GasCap,price,$/MWh,58.80196811593344
2054,NGFS2023MESSAGE_DT,Global,Power,GasCap,price,$/MWh,58.80196811593344
2055,NGFS2023GCAM_NZ2050,Global,Power,GasCap,price,$/MWh,58.80040890314694
2055,NGFS2023GCAM_LD,Global,Power,GasCap,price,$/MWh,58.80040890314694
2055,NGFS2023GCAM_B2DS,Global,Power,GasCap,price,$/MWh,58.80040890314694
2055,NGFS2023GCAM_DT,Global,Power,GasCap,price,$/MWh,58.80040890314694
2055,NGFS2023REMIND_NZ2050,Global,Power,GasCap,price,$/MWh,58.80040890314694
2055,NGFS2023REMIND_LD,Global,Power,GasCap,price,$/MWh,58.80040890314694
2055,NGFS2023REMIND_B2DS,Global,Power,GasCap,price,$/MWh,58.80040890314694
2055,NGFS2023REMIND_DT,Global,Power,GasCap,price,$/MWh,58.80040890314694
2055,NGFS2023MESSAGE_NZ2050,Global,Power,GasCap,price,$/MWh,58.80040890314694
2055,NGFS2023MESSAGE_LD,Global,Power,GasCap,price,$/MWh,58.80040890314694
2055,NGFS2023MESSAGE_B2DS,Global,Power,GasCap,price,$/MWh,58.80040890314694
2055,NGFS2023MESSAGE_DT,Global,Power,GasCap,price,$/MWh,58.80040890314694
2056,NGFS2023GCAM_NZ2050,Global,Power,GasCap,price,$/MWh,58.7991194054864
2056,NGFS2023GCAM_LD,Global,Power,GasCap,price,$/MWh,58.7991194054864
2056,NGFS2023GCAM_B2DS,Global,Power,GasCap,price,$/MWh,58.7991194054864
2056,NGFS2023GCAM_DT,Global,Power,GasCap,price,$/MWh,58.7991194054864
2056,NGFS2023REMIND_NZ2050,Global,Power,GasCap,price,$/MWh,58.7991194054864
2056,NGFS2023REMIND_LD,Global,Power,GasCap,price,$/MWh,58.7991194054864
2056,NGFS2023REMIND_B2DS,Global,Power,GasCap,price,$/MWh,58.7991194054864
2056,NGFS2023REMIND_DT,Global,Power,GasCap,price,$/MWh,58.7991194054864
2056,NGFS2023MESSAGE_NZ2050,Global,Power,GasCap,price,$/MWh,58.7991194054864
2056,NGFS2023MESSAGE_LD,Global,Power,GasCap,price,$/MWh,58.7991194054864
2056,NGFS2023MESSAGE_B2DS,Global,Power,GasCap,price,$/MWh,58.7991194054864
2056,NGFS2023MESSAGE_DT,Global,Power,GasCap,price,$/MWh,58.7991194054864
2057,NGFS2023GCAM_NZ2050,Global,Power,GasCap,price,$/MWh,58.79805295427432
2057,NGFS2023GCAM_LD,Global,Power,GasCap,price,$/MWh,58.79805295427432
2057,NGFS2023GCAM_B2DS,Global,Power,GasCap,price,$/MWh,58.79805295427432
2057,NGFS2023GCAM_DT,Global,Power,GasCap,price,$/MWh,58.79805295427432
2057,NGFS2023REMIND_NZ2050,Global,Power,GasCap,price,$/MWh,58.79805295427432
2057,NGFS2023REMIND_LD,Global,Power,GasCap,price,$/MWh,58.79805295427432
2057,NGFS2023REMIND_B2DS,Global,Power,GasCap,price,$/MWh,58.79805295427432
2057,NGFS2023REMIND_DT,Global,Power,GasCap,price,$/MWh,58.79805295427432
2057,NGFS2023MESSAGE_NZ2050,Global,Power,GasCap,price,$/MWh,58.79805295427432
2057,NGFS2023MESSAGE_LD,Global,Power,GasCap,price,$/MWh,58.79805295427432
2057,NGFS2023MESSAGE_B2DS,Global,Power,GasCap,price,$/MWh,58.79805295427432
2057,NGFS2023MESSAGE_DT,Global,Power,GasCap,price,$/MWh,58.79805295427432
2058,NGFS2023GCAM_NZ2050,Global,Power,GasCap,price,$/MWh,58.79717096205744
2058,NGFS2023GCAM_LD,Global,Power,GasCap,price,$/MWh,58.79717096205744
2058,NGFS2023GCAM_B2DS,Global,Power,GasCap,price,$/MWh,58.79717096205744
2058,NGFS2023GCAM_DT,Global,Power,GasCap,price,$/MWh,58.79717096205744
2058,NGFS2023REMIND_NZ2050,Global,Power,GasCap,price,$/MWh,58.79717096205744
2058,NGFS2023REMIND_LD,Global,Power,GasCap,price,$/MWh,58.79717096205744
2058,NGFS2023REMIND_B2DS,Global,Power,GasCap,price,$/MWh,58.79717096205744
2058,NGFS2023REMIND_DT,Global,Power,GasCap,price,$/MWh,58.79717096205744
2058,NGFS2023MESSAGE_NZ2050,Global,Power,GasCap,price,$/MWh,58.79717096205744
2058,NGFS2023MESSAGE_LD,Global,Power,GasCap,price,$/MWh,58.79717096205744
2058,NGFS2023MESSAGE_B2DS,Global,Power,GasCap,price,$/MWh,58.79717096205744
2058,NGFS2023MESSAGE_DT,Global,Power,GasCap,price,$/MWh,58.79717096205744
2059,NGFS2023GCAM_NZ2050,Global,Power,GasCap,price,$/MWh,58.79644153413186
2059,NGFS2023GCAM_LD,Global,Power,GasCap,price,$/MWh,58.79644153413186
2059,NGFS2023GCAM_B2DS,Global,Power,GasCap,price,$/MWh,58.79644153413186
2059,NGFS2023GCAM_DT,Global,Power,GasCap,price,$/MWh,58.79644153413186
2059,NGFS2023REMIND_NZ2050,Global,Power,GasCap,price,$/MWh,58.79644153413186
2059,NGFS2023REMIND_LD,Global,Power,GasCap,price,$/MWh,58.79644153413186
2059,NGFS2023REMIND_B2DS,Global,Power,GasCap,price,$/MWh,58.79644153413186
2059,NGFS2023REMIND_DT,Global,Power,GasCap,price,$/MWh,58.79644153413186
2059,NGFS2023MESSAGE_NZ2050,Global,Power,GasCap,price,$/MWh,58.79644153413186
2059,NGFS2023MESSAGE_LD,Global,Power,GasCap,price,$/MWh,58.79644153413186
2059,NGFS2023MESSAGE_B2DS,Global,Power,GasCap,price,$/MWh,58.79644153413186
2059,NGFS2023MESSAGE_DT,Global,Power,GasCap,price,$/MWh,58.79644153413186
2060,NGFS2023GCAM_NZ2050,Global,Power,GasCap,price,$/MWh,58.79583827917091
2060,NGFS2023GCAM_LD,Global,Power,GasCap,price,$/MWh,58.79583827917091
2060,NGFS2023GCAM_B2DS,Global,Power,GasCap,price,$/MWh,58.79583827917091
2060,NGFS2023GCAM_DT,Global,Power,GasCap,price,$/MWh,58.79583827917091
2060,NGFS2023REMIND_NZ2050,Global,Power,GasCap,price,$/MWh,58.79583827917091
2060,NGFS2023REMIND_LD,Global,Power,GasCap,price,$/MWh,58.79583827917091
2060,NGFS2023REMIND_B2DS,Global,Power,GasCap,price,$/MWh,58.79583827917091
2060,NGFS2023REMIND_DT,Global,Power,GasCap,price,$/MWh,58.79583827917091
2060,NGFS2023MESSAGE_NZ2050,Global,Power,GasCap,price,$/MWh,58.79583827917091
2060,NGFS2023MESSAGE_LD,Global,Power,GasCap,price,$/MWh,58.79583827917091
2060,NGFS2023MESSAGE_B2DS,Global,Power,GasCap,price,$/MWh,58.79583827917091
2060,NGFS2023MESSAGE_DT,Global,Power,GasCap,price,$/MWh,58.79583827917091
2061,NGFS2023GCAM_NZ2050,Global,Power,GasCap,price,$/MWh,58.79533935807949
2061,NGFS2023GCAM_LD,Global,Power,GasCap,price,$/MWh,58.79533935807949
2061,NGFS2023GCAM_B2DS,Global,Power,GasCap,price,$/MWh,58.79533935807949
2061,NGFS2023GCAM_DT,Global,Power,GasCap,price,$/MWh,58.79533935807949
2061,NGFS2023REMIND_NZ2050,Global,Power,GasCap,price,$/MWh,58.79533935807949
2061,NGFS2023REMIND_LD,Global,Power,GasCap,price,$/MWh,58.79533935807949
2061,NGFS2023REMIND_B2DS,Global,Power,GasCap,price,$/MWh,58.79533935807949
2061,NGFS2023REMIND_DT,Global,Power,GasCap,price,$/MWh,58.79533935807949
2061,NGFS2023MESSAGE_NZ2050,Global,Power,GasCap,price,$/MWh,58.79533935807949
2061,NGFS2023MESSAGE_LD,Global,Power,GasCap,price,$/MWh,58.79533935807949
2061,NGFS2023MESSAGE_B2DS,Global,Power,GasCap,price,$/MWh,58.79533935807949
2061,NGFS2023MESSAGE_DT,Global,Power,GasCap,price,$/MWh,58.79533935807949
2062,NGFS2023GCAM_NZ2050,Global,Power,GasCap,price,$/MWh,58.79492673122455
2062,NGFS2023GCAM_LD,Global,Power,GasCap,price,$/MWh,58.79492673122455
2062,NGFS2023GCAM_B2DS,Global,Power,GasCap,price,$/MWh,58.79492673122455
2062,NGFS2023GCAM_DT,Global,Power,GasCap,price,$/MWh,58.79492673122455
2062,NGFS2023REMIND_NZ2050,Global,Power,GasCap,price,$/MWh,58.79492673122455
2062,NGFS2023REMIND_LD,Global,Power,GasCap,price,$/MWh,58.79492673122455
2062,NGFS2023REMIND_B2DS,Global,Power,GasCap,price,$/MWh,58.79492673122455
2062,NGFS2023REMIND_DT,Global,Power,GasCap,price,$/MWh,58.79492673122455
2062,NGFS2023MESSAGE_NZ2050,Global,Power,GasCap,price,$/MWh,58.79492673122455
2062,NGFS2023MESSAGE_LD,Global,Power,GasCap,price,$/MWh,58.79492673122455
2062,NGFS2023MESSAGE_B2DS,Global,Power,GasCap,price,$/MWh,58.79492673122455
2062,NGFS2023MESSAGE_DT,Global,Power,GasCap,price,$/MWh,58.79492673122455
2063,NGFS2023GCAM_NZ2050,Global,Power,GasCap,price,$/MWh,58.79458547530508
2063,NGFS2023GCAM_LD,Global,Power,GasCap,price,$/MWh,58.79458547530508
2063,NGFS2023GCAM_B2DS,Global,Power,GasCap,price,$/MWh,58.79458547530508
2063,NGFS2023GCAM_DT,Global,Power,GasCap,price,$/MWh,58.79458547530508
2063,NGFS2023REMIND_NZ2050,Global,Power,GasCap,price,$/MWh,58.79458547530508
2063,NGFS2023REMIND_LD,Global,Power,GasCap,price,$/MWh,58.79458547530508
2063,NGFS2023REMIND_B2DS,Global,Power,GasCap,price,$/MWh,58.79458547530508
2063,NGFS2023REMIND_DT,Global,Power,GasCap,price,$/MWh,58.79458547530508
2063,NGFS2023MESSAGE_NZ2050,Global,Power,GasCap,price,$/MWh,58.79458547530508
2063,NGFS2023MESSAGE_LD,Global,Power,GasCap,price,$/MWh,58.79458547530508
2063,NGFS2023MESSAGE_B2DS,Global,Power,GasCap,price,$/MWh,58.79458547530508
2063,NGFS2023MESSAGE_DT,Global,Power,GasCap,price,$/MWh,58.79458547530508
2064,NGFS2023GCAM_NZ2050,Global,Power,GasCap,price,$/MWh,58.79430324882607
2064,NGFS2023GCAM_LD,Global,Power,GasCap,price,$/MWh,58.79430324882607
2064,NGFS2023GCAM_B2DS,Global,Power,GasCap,price,$/MWh,58.79430324882607
2064,NGFS2023GCAM_DT,Global,Power,GasCap,price,$/MWh,58.79430324882607
2064,NGFS2023REMIND_NZ2050,Global,Power,GasCap,price,$/MWh,58.79430324882607
2064,NGFS2023REMIND_LD,Global,Power,GasCap,price,$/MWh,58.79430324882607
2064,NGFS2023REMIND_B2DS,Global,Power,GasCap,price,$/MWh,58.79430324882607
2064,NGFS2023REMIND_DT,Global,Power,GasCap,price,$/MWh,58.79430324882607
2064,NGFS2023MESSAGE_NZ2050,Global,Power,GasCap,price,$/MWh,58.79430324882607
2064,NGFS2023MESSAGE_LD,Global,Power,GasCap,price,$/MWh,58.79430324882607
2064,NGFS2023MESSAGE_B2DS,Global,Power,GasCap,price,$/MWh,58.79430324882607
2064,NGFS2023MESSAGE_DT,Global,Power,GasCap,price,$/MWh,58.79430324882607
2065,NGFS2023GCAM_NZ2050,Global,Power,GasCap,price,$/MWh,58.79406983687013
2065,NGFS2023GCAM_LD,Global,Power,GasCap,price,$/MWh,58.79406983687013
2065,NGFS2023GCAM_B2DS,Global,Power,GasCap,price,$/MWh,58.79406983687013
2065,NGFS2023GCAM_DT,Global,Power,GasCap,price,$/MWh,58.79406983687013
2065,NGFS2023REMIND_NZ2050,Global,Power,GasCap,price,$/MWh,58.79406983687013
2065,NGFS2023REMIND_LD,Global,Power,GasCap,price,$/MWh,58.79406983687013
2065,NGFS2023REMIND_B2DS,Global,Power,GasCap,price,$/MWh,58.79406983687013
2065,NGFS2023REMIND_DT,Global,Power,GasCap,price,$/MWh,58.79406983687013
2065,NGFS2023MESSAGE_NZ2050,Global,Power,GasCap,price,$/MWh,58.79406983687013
2065,NGFS2023MESSAGE_LD,Global,Power,GasCap,price,$/MWh,58.79406983687013
2065,NGFS2023MESSAGE_B2DS,Global,Power,GasCap,price,$/MWh,58.79406983687013
2065,NGFS2023MESSAGE_DT,Global,Power,GasCap,price,$/MWh,58.79406983687013
2066,NGFS2023GCAM_NZ2050,Global,Power,GasCap,price,$/MWh,58.793876794876574
2066,NGFS2023GCAM_LD,Global,Power,GasCap,price,$/MWh,58.793876794876574
2066,NGFS2023GCAM_B2DS,Global,Power,GasCap,price,$/MWh,58.793876794876574
2066,NGFS2023GCAM_DT,Global,Power,GasCap,price,$/MWh,58.793876794876574
2066,NGFS2023REMIND_NZ2050,Global,Power,GasCap,price,$/MWh,58.793876794876574
2066,NGFS2023REMIND_LD,Global,Power,GasCap,price,$/MWh,58.793876794876574
2066,NGFS2023REMIND_B2DS,Global,Power,GasCap,price,$/MWh,58.793876794876574
2066,NGFS2023REMIND_DT,Global,Power,GasCap,price,$/MWh,58.793876794876574
2066,NGFS2023MESSAGE_NZ2050,Global,Power,GasCap,price,$/MWh,58.793876794876574
2066,NGFS2023MESSAGE_LD,Global,Power,GasCap,price,$/MWh,58.793876794876574
2066,NGFS2023MESSAGE_B2DS,Global,Power,GasCap,price,$/MWh,58.793876794876574
2066,NGFS2023MESSAGE_DT,Global,Power,GasCap,price,$/MWh,58.793876794876574
2067,NGFS2023GCAM_NZ2050,Global,Power,GasCap,price,$/MWh,58.79371713206211
2067,NGFS2023GCAM_LD,Global,Power,GasCap,price,$/MWh,58.79371713206211
2067,NGFS2023GCAM_B2DS,Global,Power,GasCap,price,$/MWh,58.79371713206211
2067,NGFS2023GCAM_DT,Global,Power,GasCap,price,$/MWh,58.79371713206211
2067,NGFS2023REMIND_NZ2050,Global,Power,GasCap,price,$/MWh,58.79371713206211
2067,NGFS2023REMIND_LD,Global,Power,GasCap,price,$/MWh,58.79371713206211
2067,NGFS2023REMIND_B2DS,Global,Power,GasCap,price,$/MWh,58.79371713206211
2067,NGFS2023REMIND_DT,Global,Power,GasCap,price,$/MWh,58.79371713206211
2067,NGFS2023MESSAGE_NZ2050,Global,Power,GasCap,price,$/MWh,58.79371713206211
2067,NGFS2023MESSAGE_LD,Global,Power,GasCap,price,$/MWh,58.79371713206211
2067,NGFS2023MESSAGE_B2DS,Global,Power,GasCap,price,$/MWh,58.79371713206211
2067,NGFS2023MESSAGE_DT,Global,Power,GasCap,price,$/MWh,58.79371713206211
2068,NGFS2023GCAM_NZ2050,Global,Power,GasCap,price,$/MWh,58.79358509377442
2068,NGFS2023GCAM_LD,Global,Power,GasCap,price,$/MWh,58.79358509377442
2068,NGFS2023GCAM_B2DS,Global,Power,GasCap,price,$/MWh,58.79358509377442
2068,NGFS2023GCAM_DT,Global,Power,GasCap,price,$/MWh,58.79358509377442
2068,NGFS2023REMIND_NZ2050,Global,Power,GasCap,price,$/MWh,58.79358509377442
2068,NGFS2023REMIND_LD,Global,Power,GasCap,price,$/MWh,58.79358509377442
2068,NGFS2023REMIND_B2DS,Global,Power,GasCap,price,$/MWh,58.79358509377442
2068,NGFS2023REMIND_DT,Global,Power,GasCap,price,$/MWh,58.79358509377442
2068,NGFS2023MESSAGE_NZ2050,Global,Power,GasCap,price,$/MWh,58.79358509377442
2068,NGFS2023MESSAGE_LD,Global,Power,GasCap,price,$/MWh,58.79358509377442
2068,NGFS2023MESSAGE_B2DS,Global,Power,GasCap,price,$/MWh,58.79358509377442
2068,NGFS2023MESSAGE_DT,Global,Power,GasCap,price,$/MWh,58.79358509377442
2069,NGFS2023GCAM_NZ2050,Global,Power,GasCap,price,$/MWh,58.79347589445553
2069,NGFS2023GCAM_LD,Global,Power,GasCap,price,$/MWh,58.79347589445553
2069,NGFS2023GCAM_B2DS,Global,Power,GasCap,price,$/MWh,58.79347589445553
2069,NGFS2023GCAM_DT,Global,Power,GasCap,price,$/MWh,58.79347589445553
2069,NGFS2023REMIND_NZ2050,Global,Power,GasCap,price,$/MWh,58.79347589445553
2069,NGFS2023REMIND_LD,Global,Power,GasCap,price,$/MWh,58.79347589445553
2069,NGFS2023REMIND_B2DS,Global,Power,GasCap,price,$/MWh,58.79347589445553
2069,NGFS2023REMIND_DT,Global,Power,GasCap,price,$/MWh,58.79347589445553
2069,NGFS2023MESSAGE_NZ2050,Global,Power,GasCap,price,$/MWh,58.79347589445553
2069,NGFS2023MESSAGE_LD,Global,Power,GasCap,price,$/MWh,58.79347589445553
2069,NGFS2023MESSAGE_B2DS,Global,Power,GasCap,price,$/MWh,58.79347589445553
2069,NGFS2023MESSAGE_DT,Global,Power,GasCap,price,$/MWh,58.79347589445553
2022,NGFS2023GCAM_NZ2050,Global,Power,HydroCap,price,$/MWh,52.88135607909605
2022,NGFS2023GCAM_LD,Global,Power,HydroCap,price,$/MWh,52.88135607909605
2022,NGFS2023GCAM_B2DS,Global,Power,HydroCap,price,$/MWh,52.88135607909605
2022,NGFS2023GCAM_DT,Global,Power,HydroCap,price,$/MWh,52.88135607909605
2022,NGFS2023REMIND_NZ2050,Global,Power,HydroCap,price,$/MWh,52.88135607909605
2022,NGFS2023REMIND_LD,Global,Power,HydroCap,price,$/MWh,52.88135607909605
2022,NGFS2023REMIND_B2DS,Global,Power,HydroCap,price,$/MWh,52.88135607909605
2022,NGFS2023REMIND_DT,Global,Power,HydroCap,price,$/MWh,52.88135607909605
2022,NGFS2023MESSAGE_NZ2050,Global,Power,HydroCap,price,$/MWh,52.88135607909605
2022,NGFS2023MESSAGE_LD,Global,Power,HydroCap,price,$/MWh,52.88135607909605
2022,NGFS2023MESSAGE_B2DS,Global,Power,HydroCap,price,$/MWh,52.88135607909605
2022,NGFS2023MESSAGE_DT,Global,Power,HydroCap,price,$/MWh,52.88135607909605
2023,NGFS2023GCAM_NZ2050,Global,Power,HydroCap,price,$/MWh,52.88135607909605
2023,NGFS2023GCAM_LD,Global,Power,HydroCap,price,$/MWh,52.88135607909605
2023,NGFS2023GCAM_B2DS,Global,Power,HydroCap,price,$/MWh,52.88135607909605
2023,NGFS2023GCAM_DT,Global,Power,HydroCap,price,$/MWh,52.88135607909605
2023,NGFS2023REMIND_NZ2050,Global,Power,HydroCap,price,$/MWh,52.88135607909605
2023,NGFS2023REMIND_LD,Global,Power,HydroCap,price,$/MWh,52.88135607909605
2023,NGFS2023REMIND_B2DS,Global,Power,HydroCap,price,$/MWh,52.88135607909605
2023,NGFS2023REMIND_DT,Global,Power,HydroCap,price,$/MWh,52.88135607909605
2023,NGFS2023MESSAGE_NZ2050,Global,Power,HydroCap,price,$/MWh,52.88135607909605
2023,NGFS2023MESSAGE_LD,Global,Power,HydroCap,price,$/MWh,52.88135607909605
2023,NGFS2023MESSAGE_B2DS,Global,Power,HydroCap,price,$/MWh,52.88135607909605
2023,NGFS2023MESSAGE_DT,Global,Power,HydroCap,price,$/MWh,52.88135607909605
2024,NGFS2023GCAM_NZ2050,Global,Power,HydroCap,price,$/MWh,52.88135607909605
2024,NGFS2023GCAM_LD,Global,Power,HydroCap,price,$/MWh,52.88135607909605
2024,NGFS2023GCAM_B2DS,Global,Power,HydroCap,price,$/MWh,52.88135607909605
2024,NGFS2023GCAM_DT,Global,Power,HydroCap,price,$/MWh,52.88135607909605
2024,NGFS2023REMIND_NZ2050,Global,Power,HydroCap,price,$/MWh,52.88135607909605
2024,NGFS2023REMIND_LD,Global,Power,HydroCap,price,$/MWh,52.88135607909605
2024,NGFS2023REMIND_B2DS,Global,Power,HydroCap,price,$/MWh,52.88135607909605
2024,NGFS2023REMIND_DT,Global,Power,HydroCap,price,$/MWh,52.88135607909605
2024,NGFS2023MESSAGE_NZ2050,Global,Power,HydroCap,price,$/MWh,52.88135607909605
2024,NGFS2023MESSAGE_LD,Global,Power,HydroCap,price,$/MWh,52.88135607909605
2024,NGFS2023MESSAGE_B2DS,Global,Power,HydroCap,price,$/MWh,52.88135607909605
2024,NGFS2023MESSAGE_DT,Global,Power,HydroCap,price,$/MWh,52.88135607909605
2025,NGFS2023GCAM_NZ2050,Global,Power,HydroCap,price,$/MWh,52.88135607909605
2025,NGFS2023GCAM_LD,Global,Power,HydroCap,price,$/MWh,52.88135607909605
2025,NGFS2023GCAM_B2DS,Global,Power,HydroCap,price,$/MWh,52.88135607909605
2025,NGFS2023GCAM_DT,Global,Power,HydroCap,price,$/MWh,52.88135607909605
2025,NGFS2023REMIND_NZ2050,Global,Power,HydroCap,price,$/MWh,52.88135607909605
2025,NGFS2023REMIND_LD,Global,Power,HydroCap,price,$/MWh,52.88135607909605
2025,NGFS2023REMIND_B2DS,Global,Power,HydroCap,price,$/MWh,52.88135607909605
2025,NGFS2023REMIND_DT,Global,Power,HydroCap,price,$/MWh,52.88135607909605
2025,NGFS2023MESSAGE_NZ2050,Global,Power,HydroCap,price,$/MWh,52.88135607909605
2025,NGFS2023MESSAGE_LD,Global,Power,HydroCap,price,$/MWh,52.88135607909605
2025,NGFS2023MESSAGE_B2DS,Global,Power,HydroCap,price,$/MWh,52.88135607909605
2025,NGFS2023MESSAGE_DT,Global,Power,HydroCap,price,$/MWh,52.88135607909605
2026,NGFS2023GCAM_NZ2050,Global,Power,HydroCap,price,$/MWh,52.88135607909605
2026,NGFS2023GCAM_LD,Global,Power,HydroCap,price,$/MWh,52.88135607909605
2026,NGFS2023GCAM_B2DS,Global,Power,HydroCap,price,$/MWh,52.88135607909605
2026,NGFS2023GCAM_DT,Global,Power,HydroCap,price,$/MWh,52.88135607909605
2026,NGFS2023REMIND_NZ2050,Global,Power,HydroCap,price,$/MWh,52.88135607909605
2026,NGFS2023REMIND_LD,Global,Power,HydroCap,price,$/MWh,52.88135607909605
2026,NGFS2023REMIND_B2DS,Global,Power,HydroCap,price,$/MWh,52.88135607909605
2026,NGFS2023REMIND_DT,Global,Power,HydroCap,price,$/MWh,52.88135607909605
2026,NGFS2023MESSAGE_NZ2050,Global,Power,HydroCap,price,$/MWh,52.88135607909605
2026,NGFS2023MESSAGE_LD,Global,Power,HydroCap,price,$/MWh,52.88135607909605
2026,NGFS2023MESSAGE_B2DS,Global,Power,HydroCap,price,$/MWh,52.88135607909605
2026,NGFS2023MESSAGE_DT,Global,Power,HydroCap,price,$/MWh,52.88135607909605
2027,NGFS2023GCAM_NZ2050,Global,Power,HydroCap,price,$/MWh,52.88135607909605
2027,NGFS2023GCAM_LD,Global,Power,HydroCap,price,$/MWh,52.88135607909605
2027,NGFS2023GCAM_B2DS,Global,Power,HydroCap,price,$/MWh,52.88135607909605
2027,NGFS2023GCAM_DT,Global,Power,HydroCap,price,$/MWh,52.88135607909605
2027,NGFS2023REMIND_NZ2050,Global,Power,HydroCap,price,$/MWh,52.88135607909605
2027,NGFS2023REMIND_LD,Global,Power,HydroCap,price,$/MWh,52.88135607909605
2027,NGFS2023REMIND_B2DS,Global,Power,HydroCap,price,$/MWh,52.88135607909605
2027,NGFS2023REMIND_DT,Global,Power,HydroCap,price,$/MWh,52.88135607909605
2027,NGFS2023MESSAGE_NZ2050,Global,Power,HydroCap,price,$/MWh,52.88135607909605
2027,NGFS2023MESSAGE_LD,Global,Power,HydroCap,price,$/MWh,52.88135607909605
2027,NGFS2023MESSAGE_B2DS,Global,Power,HydroCap,price,$/MWh,52.88135607909605
2027,NGFS2023MESSAGE_DT,Global,Power,HydroCap,price,$/MWh,52.88135607909605
2028,NGFS2023GCAM_NZ2050,Global,Power,HydroCap,price,$/MWh,52.88135607909605
2028,NGFS2023GCAM_LD,Global,Power,HydroCap,price,$/MWh,52.88135607909605
2028,NGFS2023GCAM_B2DS,Global,Power,HydroCap,price,$/MWh,52.88135607909605
2028,NGFS2023GCAM_DT,Global,Power,HydroCap,price,$/MWh,52.88135607909605
2028,NGFS2023REMIND_NZ2050,Global,Power,HydroCap,price,$/MWh,52.88135607909605
2028,NGFS2023REMIND_LD,Global,Power,HydroCap,price,$/MWh,52.88135607909605
2028,NGFS2023REMIND_B2DS,Global,Power,HydroCap,price,$/MWh,52.88135607909605
2028,NGFS2023REMIND_DT,Global,Power,HydroCap,price,$/MWh,52.88135607909605
2028,NGFS2023MESSAGE_NZ2050,Global,Power,HydroCap,price,$/MWh,52.88135607909605
2028,NGFS2023MESSAGE_LD,Global,Power,HydroCap,price,$/MWh,52.88135607909605
2028,NGFS2023MESSAGE_B2DS,Global,Power,HydroCap,price,$/MWh,52.88135607909605
2028,NGFS2023MESSAGE_DT,Global,Power,HydroCap,price,$/MWh,52.88135607909605
2029,NGFS2023GCAM_NZ2050,Global,Power,HydroCap,price,$/MWh,52.88135607909605
2029,NGFS2023GCAM_LD,Global,Power,HydroCap,price,$/MWh,52.88135607909605
2029,NGFS2023GCAM_B2DS,Global,Power,HydroCap,price,$/MWh,52.88135607909605
2029,NGFS2023GCAM_DT,Global,Power,HydroCap,price,$/MWh,52.88135607909605
2029,NGFS2023REMIND_NZ2050,Global,Power,HydroCap,price,$/MWh,52.88135607909605
2029,NGFS2023REMIND_LD,Global,Power,HydroCap,price,$/MWh,52.88135607909605
2029,NGFS2023REMIND_B2DS,Global,Power,HydroCap,price,$/MWh,52.88135607909605
2029,NGFS2023REMIND_DT,Global,Power,HydroCap,price,$/MWh,52.88135607909605
2029,NGFS2023MESSAGE_NZ2050,Global,Power,HydroCap,price,$/MWh,52.88135607909605
2029,NGFS2023MESSAGE_LD,Global,Power,HydroCap,price,$/MWh,52.88135607909605
2029,NGFS2023MESSAGE_B2DS,Global,Power,HydroCap,price,$/MWh,52.88135607909605
2029,NGFS2023MESSAGE_DT,Global,Power,HydroCap,price,$/MWh,52.88135607909605
2030,NGFS2023GCAM_NZ2050,Global,Power,HydroCap,price,$/MWh,52.88135607909605
2030,NGFS2023GCAM_LD,Global,Power,HydroCap,price,$/MWh,52.88135607909605
2030,NGFS2023GCAM_B2DS,Global,Power,HydroCap,price,$/MWh,52.88135607909605
2030,NGFS2023GCAM_DT,Global,Power,HydroCap,price,$/MWh,52.88135607909605
2030,NGFS2023REMIND_NZ2050,Global,Power,HydroCap,price,$/MWh,52.88135607909605
2030,NGFS2023REMIND_LD,Global,Power,HydroCap,price,$/MWh,52.88135607909605
2030,NGFS2023REMIND_B2DS,Global,Power,HydroCap,price,$/MWh,52.88135607909605
2030,NGFS2023REMIND_DT,Global,Power,HydroCap,price,$/MWh,52.88135607909605
2030,NGFS2023MESSAGE_NZ2050,Global,Power,HydroCap,price,$/MWh,52.88135607909605
2030,NGFS2023MESSAGE_LD,Global,Power,HydroCap,price,$/MWh,52.88135607909605
2030,NGFS2023MESSAGE_B2DS,Global,Power,HydroCap,price,$/MWh,52.88135607909605
2030,NGFS2023MESSAGE_DT,Global,Power,HydroCap,price,$/MWh,52.88135607909605
2031,NGFS2023GCAM_NZ2050,Global,Power,HydroCap,price,$/MWh,52.88135607909605
2031,NGFS2023GCAM_LD,Global,Power,HydroCap,price,$/MWh,52.88135607909605
2031,NGFS2023GCAM_B2DS,Global,Power,HydroCap,price,$/MWh,52.88135607909605
2031,NGFS2023GCAM_DT,Global,Power,HydroCap,price,$/MWh,52.88135607909605
2031,NGFS2023REMIND_NZ2050,Global,Power,HydroCap,price,$/MWh,52.88135607909605
2031,NGFS2023REMIND_LD,Global,Power,HydroCap,price,$/MWh,52.88135607909605
2031,NGFS2023REMIND_B2DS,Global,Power,HydroCap,price,$/MWh,52.88135607909605
2031,NGFS2023REMIND_DT,Global,Power,HydroCap,price,$/MWh,52.88135607909605
2031,NGFS2023MESSAGE_NZ2050,Global,Power,HydroCap,price,$/MWh,52.88135607909605
2031,NGFS2023MESSAGE_LD,Global,Power,HydroCap,price,$/MWh,52.88135607909605
2031,NGFS2023MESSAGE_B2DS,Global,Power,HydroCap,price,$/MWh,52.88135607909605
2031,NGFS2023MESSAGE_DT,Global,Power,HydroCap,price,$/MWh,52.88135607909605
2032,NGFS2023GCAM_NZ2050,Global,Power,HydroCap,price,$/MWh,52.88135607909605
2032,NGFS2023GCAM_LD,Global,Power,HydroCap,price,$/MWh,52.88135607909605
2032,NGFS2023GCAM_B2DS,Global,Power,HydroCap,price,$/MWh,52.88135607909605
2032,NGFS2023GCAM_DT,Global,Power,HydroCap,price,$/MWh,52.88135607909605
2032,NGFS2023REMIND_NZ2050,Global,Power,HydroCap,price,$/MWh,52.88135607909605
2032,NGFS2023REMIND_LD,Global,Power,HydroCap,price,$/MWh,52.88135607909605
2032,NGFS2023REMIND_B2DS,Global,Power,HydroCap,price,$/MWh,52.88135607909605
2032,NGFS2023REMIND_DT,Global,Power,HydroCap,price,$/MWh,52.88135607909605
2032,NGFS2023MESSAGE_NZ2050,Global,Power,HydroCap,price,$/MWh,52.88135607909605
2032,NGFS2023MESSAGE_LD,Global,Power,HydroCap,price,$/MWh,52.88135607909605
2032,NGFS2023MESSAGE_B2DS,Global,Power,HydroCap,price,$/MWh,52.88135607909605
2032,NGFS2023MESSAGE_DT,Global,Power,HydroCap,price,$/MWh,52.88135607909605
2033,NGFS2023GCAM_NZ2050,Global,Power,HydroCap,price,$/MWh,52.88135607909605
2033,NGFS2023GCAM_LD,Global,Power,HydroCap,price,$/MWh,52.88135607909605
2033,NGFS2023GCAM_B2DS,Global,Power,HydroCap,price,$/MWh,52.88135607909605
2033,NGFS2023GCAM_DT,Global,Power,HydroCap,price,$/MWh,52.88135607909605
2033,NGFS2023REMIND_NZ2050,Global,Power,HydroCap,price,$/MWh,52.88135607909605
2033,NGFS2023REMIND_LD,Global,Power,HydroCap,price,$/MWh,52.88135607909605
2033,NGFS2023REMIND_B2DS,Global,Power,HydroCap,price,$/MWh,52.88135607909605
2033,NGFS2023REMIND_DT,Global,Power,HydroCap,price,$/MWh,52.88135607909605
2033,NGFS2023MESSAGE_NZ2050,Global,Power,HydroCap,price,$/MWh,52.88135607909605
2033,NGFS2023MESSAGE_LD,Global,Power,HydroCap,price,$/MWh,52.88135607909605
2033,NGFS2023MESSAGE_B2DS,Global,Power,HydroCap,price,$/MWh,52.88135607909605
2033,NGFS2023MESSAGE_DT,Global,Power,HydroCap,price,$/MWh,52.88135607909605
2034,NGFS2023GCAM_NZ2050,Global,Power,HydroCap,price,$/MWh,52.88135607909605
2034,NGFS2023GCAM_LD,Global,Power,HydroCap,price,$/MWh,52.88135607909605
2034,NGFS2023GCAM_B2DS,Global,Power,HydroCap,price,$/MWh,52.88135607909605
2034,NGFS2023GCAM_DT,Global,Power,HydroCap,price,$/MWh,52.88135607909605
2034,NGFS2023REMIND_NZ2050,Global,Power,HydroCap,price,$/MWh,52.88135607909605
2034,NGFS2023REMIND_LD,Global,Power,HydroCap,price,$/MWh,52.88135607909605
2034,NGFS2023REMIND_B2DS,Global,Power,HydroCap,price,$/MWh,52.88135607909605
2034,NGFS2023REMIND_DT,Global,Power,HydroCap,price,$/MWh,52.88135607909605
2034,NGFS2023MESSAGE_NZ2050,Global,Power,HydroCap,price,$/MWh,52.88135607909605
2034,NGFS2023MESSAGE_LD,Global,Power,HydroCap,price,$/MWh,52.88135607909605
2034,NGFS2023MESSAGE_B2DS,Global,Power,HydroCap,price,$/MWh,52.88135607909605
2034,NGFS2023MESSAGE_DT,Global,Power,HydroCap,price,$/MWh,52.88135607909605
2035,NGFS2023GCAM_NZ2050,Global,Power,HydroCap,price,$/MWh,52.88135607909605
2035,NGFS2023GCAM_LD,Global,Power,HydroCap,price,$/MWh,52.88135607909605
2035,NGFS2023GCAM_B2DS,Global,Power,HydroCap,price,$/MWh,52.88135607909605
2035,NGFS2023GCAM_DT,Global,Power,HydroCap,price,$/MWh,52.88135607909605
2035,NGFS2023REMIND_NZ2050,Global,Power,HydroCap,price,$/MWh,52.88135607909605
2035,NGFS2023REMIND_LD,Global,Power,HydroCap,price,$/MWh,52.88135607909605
2035,NGFS2023REMIND_B2DS,Global,Power,HydroCap,price,$/MWh,52.88135607909605
2035,NGFS2023REMIND_DT,Global,Power,HydroCap,price,$/MWh,52.88135607909605
2035,NGFS2023MESSAGE_NZ2050,Global,Power,HydroCap,price,$/MWh,52.88135607909605
2035,NGFS2023MESSAGE_LD,Global,Power,HydroCap,price,$/MWh,52.88135607909605
2035,NGFS2023MESSAGE_B2DS,Global,Power,HydroCap,price,$/MWh,52.88135607909605
2035,NGFS2023MESSAGE_DT,Global,Power,HydroCap,price,$/MWh,52.88135607909605
2036,NGFS2023GCAM_NZ2050,Global,Power,HydroCap,price,$/MWh,52.88135607909605
2036,NGFS2023GCAM_LD,Global,Power,HydroCap,price,$/MWh,52.88135607909605
2036,NGFS2023GCAM_B2DS,Global,Power,HydroCap,price,$/MWh,52.88135607909605
2036,NGFS2023GCAM_DT,Global,Power,HydroCap,price,$/MWh,52.88135607909605
2036,NGFS2023REMIND_NZ2050,Global,Power,HydroCap,price,$/MWh,52.88135607909605
2036,NGFS2023REMIND_LD,Global,Power,HydroCap,price,$/MWh,52.88135607909605
2036,NGFS2023REMIND_B2DS,Global,Power,HydroCap,price,$/MWh,52.88135607909605
2036,NGFS2023REMIND_DT,Global,Power,HydroCap,price,$/MWh,52.88135607909605
2036,NGFS2023MESSAGE_NZ2050,Global,Power,HydroCap,price,$/MWh,52.88135607909605
2036,NGFS2023MESSAGE_LD,Global,Power,HydroCap,price,$/MWh,52.88135607909605
2036,NGFS2023MESSAGE_B2DS,Global,Power,HydroCap,price,$/MWh,52.88135607909605
2036,NGFS2023MESSAGE_DT,Global,Power,HydroCap,price,$/MWh,52.88135607909605
2037,NGFS2023GCAM_NZ2050,Global,Power,HydroCap,price,$/MWh,52.88135607909605
2037,NGFS2023GCAM_LD,Global,Power,HydroCap,price,$/MWh,52.88135607909605
2037,NGFS2023GCAM_B2DS,Global,Power,HydroCap,price,$/MWh,52.88135607909605
2037,NGFS2023GCAM_DT,Global,Power,HydroCap,price,$/MWh,52.88135607909605
2037,NGFS2023REMIND_NZ2050,Global,Power,HydroCap,price,$/MWh,52.88135607909605
2037,NGFS2023REMIND_LD,Global,Power,HydroCap,price,$/MWh,52.88135607909605
2037,NGFS2023REMIND_B2DS,Global,Power,HydroCap,price,$/MWh,52.88135607909605
2037,NGFS2023REMIND_DT,Global,Power,HydroCap,price,$/MWh,52.88135607909605
2037,NGFS2023MESSAGE_NZ2050,Global,Power,HydroCap,price,$/MWh,52.88135607909605
2037,NGFS2023MESSAGE_LD,Global,Power,HydroCap,price,$/MWh,52.88135607909605
2037,NGFS2023MESSAGE_B2DS,Global,Power,HydroCap,price,$/MWh,52.88135607909605
2037,NGFS2023MESSAGE_DT,Global,Power,HydroCap,price,$/MWh,52.88135607909605
2038,NGFS2023GCAM_NZ2050,Global,Power,HydroCap,price,$/MWh,52.88135607909605
2038,NGFS2023GCAM_LD,Global,Power,HydroCap,price,$/MWh,52.88135607909605
2038,NGFS2023GCAM_B2DS,Global,Power,HydroCap,price,$/MWh,52.88135607909605
2038,NGFS2023GCAM_DT,Global,Power,HydroCap,price,$/MWh,52.88135607909605
2038,NGFS2023REMIND_NZ2050,Global,Power,HydroCap,price,$/MWh,52.88135607909605
2038,NGFS2023REMIND_LD,Global,Power,HydroCap,price,$/MWh,52.88135607909605
2038,NGFS2023REMIND_B2DS,Global,Power,HydroCap,price,$/MWh,52.88135607909605
2038,NGFS2023REMIND_DT,Global,Power,HydroCap,price,$/MWh,52.88135607909605
2038,NGFS2023MESSAGE_NZ2050,Global,Power,HydroCap,price,$/MWh,52.88135607909605
2038,NGFS2023MESSAGE_LD,Global,Power,HydroCap,price,$/MWh,52.88135607909605
2038,NGFS2023MESSAGE_B2DS,Global,Power,HydroCap,price,$/MWh,52.88135607909605
2038,NGFS2023MESSAGE_DT,Global,Power,HydroCap,price,$/MWh,52.88135607909605
2039,NGFS2023GCAM_NZ2050,Global,Power,HydroCap,price,$/MWh,52.88135607909605
2039,NGFS2023GCAM_LD,Global,Power,HydroCap,price,$/MWh,52.88135607909605
2039,NGFS2023GCAM_B2DS,Global,Power,HydroCap,price,$/MWh,52.88135607909605
2039,NGFS2023GCAM_DT,Global,Power,HydroCap,price,$/MWh,52.88135607909605
2039,NGFS2023REMIND_NZ2050,Global,Power,HydroCap,price,$/MWh,52.88135607909605
2039,NGFS2023REMIND_LD,Global,Power,HydroCap,price,$/MWh,52.88135607909605
2039,NGFS2023REMIND_B2DS,Global,Power,HydroCap,price,$/MWh,52.88135607909605
2039,NGFS2023REMIND_DT,Global,Power,HydroCap,price,$/MWh,52.88135607909605
2039,NGFS2023MESSAGE_NZ2050,Global,Power,HydroCap,price,$/MWh,52.88135607909605
2039,NGFS2023MESSAGE_LD,Global,Power,HydroCap,price,$/MWh,52.88135607909605
2039,NGFS2023MESSAGE_B2DS,Global,Power,HydroCap,price,$/MWh,52.88135607909605
2039,NGFS2023MESSAGE_DT,Global,Power,HydroCap,price,$/MWh,52.88135607909605
2040,NGFS2023GCAM_NZ2050,Global,Power,HydroCap,price,$/MWh,52.88135607909605
2040,NGFS2023GCAM_LD,Global,Power,HydroCap,price,$/MWh,52.88135607909605
2040,NGFS2023GCAM_B2DS,Global,Power,HydroCap,price,$/MWh,52.88135607909605
2040,NGFS2023GCAM_DT,Global,Power,HydroCap,price,$/MWh,52.88135607909605
2040,NGFS2023REMIND_NZ2050,Global,Power,HydroCap,price,$/MWh,52.88135607909605
2040,NGFS2023REMIND_LD,Global,Power,HydroCap,price,$/MWh,52.88135607909605
2040,NGFS2023REMIND_B2DS,Global,Power,HydroCap,price,$/MWh,52.88135607909605
2040,NGFS2023REMIND_DT,Global,Power,HydroCap,price,$/MWh,52.88135607909605
2040,NGFS2023MESSAGE_NZ2050,Global,Power,HydroCap,price,$/MWh,52.88135607909605
2040,NGFS2023MESSAGE_LD,Global,Power,HydroCap,price,$/MWh,52.88135607909605
2040,NGFS2023MESSAGE_B2DS,Global,Power,HydroCap,price,$/MWh,52.88135607909605
2040,NGFS2023MESSAGE_DT,Global,Power,HydroCap,price,$/MWh,52.88135607909605
2041,NGFS2023GCAM_NZ2050,Global,Power,HydroCap,price,$/MWh,52.88135607909605
2041,NGFS2023GCAM_LD,Global,Power,HydroCap,price,$/MWh,52.88135607909605
2041,NGFS2023GCAM_B2DS,Global,Power,HydroCap,price,$/MWh,52.88135607909605
2041,NGFS2023GCAM_DT,Global,Power,HydroCap,price,$/MWh,52.88135607909605
2041,NGFS2023REMIND_NZ2050,Global,Power,HydroCap,price,$/MWh,52.88135607909605
2041,NGFS2023REMIND_LD,Global,Power,HydroCap,price,$/MWh,52.88135607909605
2041,NGFS2023REMIND_B2DS,Global,Power,HydroCap,price,$/MWh,52.88135607909605
2041,NGFS2023REMIND_DT,Global,Power,HydroCap,price,$/MWh,52.88135607909605
2041,NGFS2023MESSAGE_NZ2050,Global,Power,HydroCap,price,$/MWh,52.88135607909605
2041,NGFS2023MESSAGE_LD,Global,Power,HydroCap,price,$/MWh,52.88135607909605
2041,NGFS2023MESSAGE_B2DS,Global,Power,HydroCap,price,$/MWh,52.88135607909605
2041,NGFS2023MESSAGE_DT,Global,Power,HydroCap,price,$/MWh,52.88135607909605
2042,NGFS2023GCAM_NZ2050,Global,Power,HydroCap,price,$/MWh,52.88135607909605
2042,NGFS2023GCAM_LD,Global,Power,HydroCap,price,$/MWh,52.88135607909605
2042,NGFS2023GCAM_B2DS,Global,Power,HydroCap,price,$/MWh,52.88135607909605
2042,NGFS2023GCAM_DT,Global,Power,HydroCap,price,$/MWh,52.88135607909605
2042,NGFS2023REMIND_NZ2050,Global,Power,HydroCap,price,$/MWh,52.88135607909605
2042,NGFS2023REMIND_LD,Global,Power,HydroCap,price,$/MWh,52.88135607909605
2042,NGFS2023REMIND_B2DS,Global,Power,HydroCap,price,$/MWh,52.88135607909605
2042,NGFS2023REMIND_DT,Global,Power,HydroCap,price,$/MWh,52.88135607909605
2042,NGFS2023MESSAGE_NZ2050,Global,Power,HydroCap,price,$/MWh,52.88135607909605
2042,NGFS2023MESSAGE_LD,Global,Power,HydroCap,price,$/MWh,52.88135607909605
2042,NGFS2023MESSAGE_B2DS,Global,Power,HydroCap,price,$/MWh,52.88135607909605
2042,NGFS2023MESSAGE_DT,Global,Power,HydroCap,price,$/MWh,52.88135607909605
2043,NGFS2023GCAM_NZ2050,Global,Power,HydroCap,price,$/MWh,52.88135607909605
2043,NGFS2023GCAM_LD,Global,Power,HydroCap,price,$/MWh,52.88135607909605
2043,NGFS2023GCAM_B2DS,Global,Power,HydroCap,price,$/MWh,52.88135607909605
2043,NGFS2023GCAM_DT,Global,Power,HydroCap,price,$/MWh,52.88135607909605
2043,NGFS2023REMIND_NZ2050,Global,Power,HydroCap,price,$/MWh,52.88135607909605
2043,NGFS2023REMIND_LD,Global,Power,HydroCap,price,$/MWh,52.88135607909605
2043,NGFS2023REMIND_B2DS,Global,Power,HydroCap,price,$/MWh,52.88135607909605
2043,NGFS2023REMIND_DT,Global,Power,HydroCap,price,$/MWh,52.88135607909605
2043,NGFS2023MESSAGE_NZ2050,Global,Power,HydroCap,price,$/MWh,52.88135607909605
2043,NGFS2023MESSAGE_LD,Global,Power,HydroCap,price,$/MWh,52.88135607909605
2043,NGFS2023MESSAGE_B2DS,Global,Power,HydroCap,price,$/MWh,52.88135607909605
2043,NGFS2023MESSAGE_DT,Global,Power,HydroCap,price,$/MWh,52.88135607909605
2044,NGFS2023GCAM_NZ2050,Global,Power,HydroCap,price,$/MWh,52.88135607909605
2044,NGFS2023GCAM_LD,Global,Power,HydroCap,price,$/MWh,52.88135607909605
2044,NGFS2023GCAM_B2DS,Global,Power,HydroCap,price,$/MWh,52.88135607909605
2044,NGFS2023GCAM_DT,Global,Power,HydroCap,price,$/MWh,52.88135607909605
2044,NGFS2023REMIND_NZ2050,Global,Power,HydroCap,price,$/MWh,52.88135607909605
2044,NGFS2023REMIND_LD,Global,Power,HydroCap,price,$/MWh,52.88135607909605
2044,NGFS2023REMIND_B2DS,Global,Power,HydroCap,price,$/MWh,52.88135607909605
2044,NGFS2023REMIND_DT,Global,Power,HydroCap,price,$/MWh,52.88135607909605
2044,NGFS2023MESSAGE_NZ2050,Global,Power,HydroCap,price,$/MWh,52.88135607909605
2044,NGFS2023MESSAGE_LD,Global,Power,HydroCap,price,$/MWh,52.88135607909605
2044,NGFS2023MESSAGE_B2DS,Global,Power,HydroCap,price,$/MWh,52.88135607909605
2044,NGFS2023MESSAGE_DT,Global,Power,HydroCap,price,$/MWh,52.88135607909605
2045,NGFS2023GCAM_NZ2050,Global,Power,HydroCap,price,$/MWh,52.88135607909605
2045,NGFS2023GCAM_LD,Global,Power,HydroCap,price,$/MWh,52.88135607909605
2045,NGFS2023GCAM_B2DS,Global,Power,HydroCap,price,$/MWh,52.88135607909605
2045,NGFS2023GCAM_DT,Global,Power,HydroCap,price,$/MWh,52.88135607909605
2045,NGFS2023REMIND_NZ2050,Global,Power,HydroCap,price,$/MWh,52.88135607909605
2045,NGFS2023REMIND_LD,Global,Power,HydroCap,price,$/MWh,52.88135607909605
2045,NGFS2023REMIND_B2DS,Global,Power,HydroCap,price,$/MWh,52.88135607909605
2045,NGFS2023REMIND_DT,Global,Power,HydroCap,price,$/MWh,52.88135607909605
2045,NGFS2023MESSAGE_NZ2050,Global,Power,HydroCap,price,$/MWh,52.88135607909605
2045,NGFS2023MESSAGE_LD,Global,Power,HydroCap,price,$/MWh,52.88135607909605
2045,NGFS2023MESSAGE_B2DS,Global,Power,HydroCap,price,$/MWh,52.88135607909605
2045,NGFS2023MESSAGE_DT,Global,Power,HydroCap,price,$/MWh,52.88135607909605
2046,NGFS2023GCAM_NZ2050,Global,Power,HydroCap,price,$/MWh,52.88135607909605
2046,NGFS2023GCAM_LD,Global,Power,HydroCap,price,$/MWh,52.88135607909605
2046,NGFS2023GCAM_B2DS,Global,Power,HydroCap,price,$/MWh,52.88135607909605
2046,NGFS2023GCAM_DT,Global,Power,HydroCap,price,$/MWh,52.88135607909605
2046,NGFS2023REMIND_NZ2050,Global,Power,HydroCap,price,$/MWh,52.88135607909605
2046,NGFS2023REMIND_LD,Global,Power,HydroCap,price,$/MWh,52.88135607909605
2046,NGFS2023REMIND_B2DS,Global,Power,HydroCap,price,$/MWh,52.88135607909605
2046,NGFS2023REMIND_DT,Global,Power,HydroCap,price,$/MWh,52.88135607909605
2046,NGFS2023MESSAGE_NZ2050,Global,Power,HydroCap,price,$/MWh,52.88135607909605
2046,NGFS2023MESSAGE_LD,Global,Power,HydroCap,price,$/MWh,52.88135607909605
2046,NGFS2023MESSAGE_B2DS,Global,Power,HydroCap,price,$/MWh,52.88135607909605
2046,NGFS2023MESSAGE_DT,Global,Power,HydroCap,price,$/MWh,52.88135607909605
2047,NGFS2023GCAM_NZ2050,Global,Power,HydroCap,price,$/MWh,52.88135607909605
2047,NGFS2023GCAM_LD,Global,Power,HydroCap,price,$/MWh,52.88135607909605
2047,NGFS2023GCAM_B2DS,Global,Power,HydroCap,price,$/MWh,52.88135607909605
2047,NGFS2023GCAM_DT,Global,Power,HydroCap,price,$/MWh,52.88135607909605
2047,NGFS2023REMIND_NZ2050,Global,Power,HydroCap,price,$/MWh,52.88135607909605
2047,NGFS2023REMIND_LD,Global,Power,HydroCap,price,$/MWh,52.88135607909605
2047,NGFS2023REMIND_B2DS,Global,Power,HydroCap,price,$/MWh,52.88135607909605
2047,NGFS2023REMIND_DT,Global,Power,HydroCap,price,$/MWh,52.88135607909605
2047,NGFS2023MESSAGE_NZ2050,Global,Power,HydroCap,price,$/MWh,52.88135607909605
2047,NGFS2023MESSAGE_LD,Global,Power,HydroCap,price,$/MWh,52.88135607909605
2047,NGFS2023MESSAGE_B2DS,Global,Power,HydroCap,price,$/MWh,52.88135607909605
2047,NGFS2023MESSAGE_DT,Global,Power,HydroCap,price,$/MWh,52.88135607909605
2048,NGFS2023GCAM_NZ2050,Global,Power,HydroCap,price,$/MWh,52.88135607909605
2048,NGFS2023GCAM_LD,Global,Power,HydroCap,price,$/MWh,52.88135607909605
2048,NGFS2023GCAM_B2DS,Global,Power,HydroCap,price,$/MWh,52.88135607909605
2048,NGFS2023GCAM_DT,Global,Power,HydroCap,price,$/MWh,52.88135607909605
2048,NGFS2023REMIND_NZ2050,Global,Power,HydroCap,price,$/MWh,52.88135607909605
2048,NGFS2023REMIND_LD,Global,Power,HydroCap,price,$/MWh,52.88135607909605
2048,NGFS2023REMIND_B2DS,Global,Power,HydroCap,price,$/MWh,52.88135607909605
2048,NGFS2023REMIND_DT,Global,Power,HydroCap,price,$/MWh,52.88135607909605
2048,NGFS2023MESSAGE_NZ2050,Global,Power,HydroCap,price,$/MWh,52.88135607909605
2048,NGFS2023MESSAGE_LD,Global,Power,HydroCap,price,$/MWh,52.88135607909605
2048,NGFS2023MESSAGE_B2DS,Global,Power,HydroCap,price,$/MWh,52.88135607909605
2048,NGFS2023MESSAGE_DT,Global,Power,HydroCap,price,$/MWh,52.88135607909605
2049,NGFS2023GCAM_NZ2050,Global,Power,HydroCap,price,$/MWh,52.88135607909605
2049,NGFS2023GCAM_LD,Global,Power,HydroCap,price,$/MWh,52.88135607909605
2049,NGFS2023GCAM_B2DS,Global,Power,HydroCap,price,$/MWh,52.88135607909605
2049,NGFS2023GCAM_DT,Global,Power,HydroCap,price,$/MWh,52.88135607909605
2049,NGFS2023REMIND_NZ2050,Global,Power,HydroCap,price,$/MWh,52.88135607909605
2049,NGFS2023REMIND_LD,Global,Power,HydroCap,price,$/MWh,52.88135607909605
2049,NGFS2023REMIND_B2DS,Global,Power,HydroCap,price,$/MWh,52.88135607909605
2049,NGFS2023REMIND_DT,Global,Power,HydroCap,price,$/MWh,52.88135607909605
2049,NGFS2023MESSAGE_NZ2050,Global,Power,HydroCap,price,$/MWh,52.88135607909605
2049,NGFS2023MESSAGE_LD,Global,Power,HydroCap,price,$/MWh,52.88135607909605
2049,NGFS2023MESSAGE_B2DS,Global,Power,HydroCap,price,$/MWh,52.88135607909605
2049,NGFS2023MESSAGE_DT,Global,Power,HydroCap,price,$/MWh,52.88135607909605
2050,NGFS2023GCAM_NZ2050,Global,Power,HydroCap,price,$/MWh,52.88135607909605
2050,NGFS2023GCAM_LD,Global,Power,HydroCap,price,$/MWh,52.88135607909605
2050,NGFS2023GCAM_B2DS,Global,Power,HydroCap,price,$/MWh,52.88135607909605
2050,NGFS2023GCAM_DT,Global,Power,HydroCap,price,$/MWh,52.88135607909605
2050,NGFS2023REMIND_NZ2050,Global,Power,HydroCap,price,$/MWh,52.88135607909605
2050,NGFS2023REMIND_LD,Global,Power,HydroCap,price,$/MWh,52.88135607909605
2050,NGFS2023REMIND_B2DS,Global,Power,HydroCap,price,$/MWh,52.88135607909605
2050,NGFS2023REMIND_DT,Global,Power,HydroCap,price,$/MWh,52.88135607909605
2050,NGFS2023MESSAGE_NZ2050,Global,Power,HydroCap,price,$/MWh,52.88135607909605
2050,NGFS2023MESSAGE_LD,Global,Power,HydroCap,price,$/MWh,52.88135607909605
2050,NGFS2023MESSAGE_B2DS,Global,Power,HydroCap,price,$/MWh,52.88135607909605
2050,NGFS2023MESSAGE_DT,Global,Power,HydroCap,price,$/MWh,52.88135607909605
2051,NGFS2023GCAM_NZ2050,Global,Power,HydroCap,price,$/MWh,52.88135607909605
2051,NGFS2023GCAM_LD,Global,Power,HydroCap,price,$/MWh,52.88135607909605
2051,NGFS2023GCAM_B2DS,Global,Power,HydroCap,price,$/MWh,52.88135607909605
2051,NGFS2023GCAM_DT,Global,Power,HydroCap,price,$/MWh,52.88135607909605
2051,NGFS2023REMIND_NZ2050,Global,Power,HydroCap,price,$/MWh,52.88135607909605
2051,NGFS2023REMIND_LD,Global,Power,HydroCap,price,$/MWh,52.88135607909605
2051,NGFS2023REMIND_B2DS,Global,Power,HydroCap,price,$/MWh,52.88135607909605
2051,NGFS2023REMIND_DT,Global,Power,HydroCap,price,$/MWh,52.88135607909605
2051,NGFS2023MESSAGE_NZ2050,Global,Power,HydroCap,price,$/MWh,52.88135607909605
2051,NGFS2023MESSAGE_LD,Global,Power,HydroCap,price,$/MWh,52.88135607909605
2051,NGFS2023MESSAGE_B2DS,Global,Power,HydroCap,price,$/MWh,52.88135607909605
2051,NGFS2023MESSAGE_DT,Global,Power,HydroCap,price,$/MWh,52.88135607909605
2052,NGFS2023GCAM_NZ2050,Global,Power,HydroCap,price,$/MWh,52.88135607909605
2052,NGFS2023GCAM_LD,Global,Power,HydroCap,price,$/MWh,52.88135607909605
2052,NGFS2023GCAM_B2DS,Global,Power,HydroCap,price,$/MWh,52.88135607909605
2052,NGFS2023GCAM_DT,Global,Power,HydroCap,price,$/MWh,52.88135607909605
2052,NGFS2023REMIND_NZ2050,Global,Power,HydroCap,price,$/MWh,52.88135607909605
2052,NGFS2023REMIND_LD,Global,Power,HydroCap,price,$/MWh,52.88135607909605
2052,NGFS2023REMIND_B2DS,Global,Power,HydroCap,price,$/MWh,52.88135607909605
2052,NGFS2023REMIND_DT,Global,Power,HydroCap,price,$/MWh,52.88135607909605
2052,NGFS2023MESSAGE_NZ2050,Global,Power,HydroCap,price,$/MWh,52.88135607909605
2052,NGFS2023MESSAGE_LD,Global,Power,HydroCap,price,$/MWh,52.88135607909605
2052,NGFS2023MESSAGE_B2DS,Global,Power,HydroCap,price,$/MWh,52.88135607909605
2052,NGFS2023MESSAGE_DT,Global,Power,HydroCap,price,$/MWh,52.88135607909605
2053,NGFS2023GCAM_NZ2050,Global,Power,HydroCap,price,$/MWh,52.88135607909605
2053,NGFS2023GCAM_LD,Global,Power,HydroCap,price,$/MWh,52.88135607909605
2053,NGFS2023GCAM_B2DS,Global,Power,HydroCap,price,$/MWh,52.88135607909605
2053,NGFS2023GCAM_DT,Global,Power,HydroCap,price,$/MWh,52.88135607909605
2053,NGFS2023REMIND_NZ2050,Global,Power,HydroCap,price,$/MWh,52.88135607909605
2053,NGFS2023REMIND_LD,Global,Power,HydroCap,price,$/MWh,52.88135607909605
2053,NGFS2023REMIND_B2DS,Global,Power,HydroCap,price,$/MWh,52.88135607909605
2053,NGFS2023REMIND_DT,Global,Power,HydroCap,price,$/MWh,52.88135607909605
2053,NGFS2023MESSAGE_NZ2050,Global,Power,HydroCap,price,$/MWh,52.88135607909605
2053,NGFS2023MESSAGE_LD,Global,Power,HydroCap,price,$/MWh,52.88135607909605
2053,NGFS2023MESSAGE_B2DS,Global,Power,HydroCap,price,$/MWh,52.88135607909605
2053,NGFS2023MESSAGE_DT,Global,Power,HydroCap,price,$/MWh,52.88135607909605
2054,NGFS2023GCAM_NZ2050,Global,Power,HydroCap,price,$/MWh,52.88135607909605
2054,NGFS2023GCAM_LD,Global,Power,HydroCap,price,$/MWh,52.88135607909605
2054,NGFS2023GCAM_B2DS,Global,Power,HydroCap,price,$/MWh,52.88135607909605
2054,NGFS2023GCAM_DT,Global,Power,HydroCap,price,$/MWh,52.88135607909605
2054,NGFS2023REMIND_NZ2050,Global,Power,HydroCap,price,$/MWh,52.88135607909605
2054,NGFS2023REMIND_LD,Global,Power,HydroCap,price,$/MWh,52.88135607909605
2054,NGFS2023REMIND_B2DS,Global,Power,HydroCap,price,$/MWh,52.88135607909605
2054,NGFS2023REMIND_DT,Global,Power,HydroCap,price,$/MWh,52.88135607909605
2054,NGFS2023MESSAGE_NZ2050,Global,Power,HydroCap,price,$/MWh,52.88135607909605
2054,NGFS2023MESSAGE_LD,Global,Power,HydroCap,price,$/MWh,52.88135607909605
2054,NGFS2023MESSAGE_B2DS,Global,Power,HydroCap,price,$/MWh,52.88135607909605
2054,NGFS2023MESSAGE_DT,Global,Power,HydroCap,price,$/MWh,52.88135607909605
2055,NGFS2023GCAM_NZ2050,Global,Power,HydroCap,price,$/MWh,52.88135607909605
2055,NGFS2023GCAM_LD,Global,Power,HydroCap,price,$/MWh,52.88135607909605
2055,NGFS2023GCAM_B2DS,Global,Power,HydroCap,price,$/MWh,52.88135607909605
2055,NGFS2023GCAM_DT,Global,Power,HydroCap,price,$/MWh,52.88135607909605
2055,NGFS2023REMIND_NZ2050,Global,Power,HydroCap,price,$/MWh,52.88135607909605
2055,NGFS2023REMIND_LD,Global,Power,HydroCap,price,$/MWh,52.88135607909605
2055,NGFS2023REMIND_B2DS,Global,Power,HydroCap,price,$/MWh,52.88135607909605
2055,NGFS2023REMIND_DT,Global,Power,HydroCap,price,$/MWh,52.88135607909605
2055,NGFS2023MESSAGE_NZ2050,Global,Power,HydroCap,price,$/MWh,52.88135607909605
2055,NGFS2023MESSAGE_LD,Global,Power,HydroCap,price,$/MWh,52.88135607909605
2055,NGFS2023MESSAGE_B2DS,Global,Power,HydroCap,price,$/MWh,52.88135607909605
2055,NGFS2023MESSAGE_DT,Global,Power,HydroCap,price,$/MWh,52.88135607909605
2056,NGFS2023GCAM_NZ2050,Global,Power,HydroCap,price,$/MWh,52.88135607909605
2056,NGFS2023GCAM_LD,Global,Power,HydroCap,price,$/MWh,52.88135607909605
2056,NGFS2023GCAM_B2DS,Global,Power,HydroCap,price,$/MWh,52.88135607909605
2056,NGFS2023GCAM_DT,Global,Power,HydroCap,price,$/MWh,52.88135607909605
2056,NGFS2023REMIND_NZ2050,Global,Power,HydroCap,price,$/MWh,52.88135607909605
2056,NGFS2023REMIND_LD,Global,Power,HydroCap,price,$/MWh,52.88135607909605
2056,NGFS2023REMIND_B2DS,Global,Power,HydroCap,price,$/MWh,52.88135607909605
2056,NGFS2023REMIND_DT,Global,Power,HydroCap,price,$/MWh,52.88135607909605
2056,NGFS2023MESSAGE_NZ2050,Global,Power,HydroCap,price,$/MWh,52.88135607909605
2056,NGFS2023MESSAGE_LD,Global,Power,HydroCap,price,$/MWh,52.88135607909605
2056,NGFS2023MESSAGE_B2DS,Global,Power,HydroCap,price,$/MWh,52.88135607909605
2056,NGFS2023MESSAGE_DT,Global,Power,HydroCap,price,$/MWh,52.88135607909605
2057,NGFS2023GCAM_NZ2050,Global,Power,HydroCap,price,$/MWh,52.88135607909605
2057,NGFS2023GCAM_LD,Global,Power,HydroCap,price,$/MWh,52.88135607909605
2057,NGFS2023GCAM_B2DS,Global,Power,HydroCap,price,$/MWh,52.88135607909605
2057,NGFS2023GCAM_DT,Global,Power,HydroCap,price,$/MWh,52.88135607909605
2057,NGFS2023REMIND_NZ2050,Global,Power,HydroCap,price,$/MWh,52.88135607909605
2057,NGFS2023REMIND_LD,Global,Power,HydroCap,price,$/MWh,52.88135607909605
2057,NGFS2023REMIND_B2DS,Global,Power,HydroCap,price,$/MWh,52.88135607909605
2057,NGFS2023REMIND_DT,Global,Power,HydroCap,price,$/MWh,52.88135607909605
2057,NGFS2023MESSAGE_NZ2050,Global,Power,HydroCap,price,$/MWh,52.88135607909605
2057,NGFS2023MESSAGE_LD,Global,Power,HydroCap,price,$/MWh,52.88135607909605
2057,NGFS2023MESSAGE_B2DS,Global,Power,HydroCap,price,$/MWh,52.88135607909605
2057,NGFS2023MESSAGE_DT,Global,Power,HydroCap,price,$/MWh,52.88135607909605
2058,NGFS2023GCAM_NZ2050,Global,Power,HydroCap,price,$/MWh,52.88135607909605
2058,NGFS2023GCAM_LD,Global,Power,HydroCap,price,$/MWh,52.88135607909605
2058,NGFS2023GCAM_B2DS,Global,Power,HydroCap,price,$/MWh,52.88135607909605
2058,NGFS2023GCAM_DT,Global,Power,HydroCap,price,$/MWh,52.88135607909605
2058,NGFS2023REMIND_NZ2050,Global,Power,HydroCap,price,$/MWh,52.88135607909605
2058,NGFS2023REMIND_LD,Global,Power,HydroCap,price,$/MWh,52.88135607909605
2058,NGFS2023REMIND_B2DS,Global,Power,HydroCap,price,$/MWh,52.88135607909605
2058,NGFS2023REMIND_DT,Global,Power,HydroCap,price,$/MWh,52.88135607909605
2058,NGFS2023MESSAGE_NZ2050,Global,Power,HydroCap,price,$/MWh,52.88135607909605
2058,NGFS2023MESSAGE_LD,Global,Power,HydroCap,price,$/MWh,52.88135607909605
2058,NGFS2023MESSAGE_B2DS,Global,Power,HydroCap,price,$/MWh,52.88135607909605
2058,NGFS2023MESSAGE_DT,Global,Power,HydroCap,price,$/MWh,52.88135607909605
2059,NGFS2023GCAM_NZ2050,Global,Power,HydroCap,price,$/MWh,52.88135607909605
2059,NGFS2023GCAM_LD,Global,Power,HydroCap,price,$/MWh,52.88135607909605
2059,NGFS2023GCAM_B2DS,Global,Power,HydroCap,price,$/MWh,52.88135607909605
2059,NGFS2023GCAM_DT,Global,Power,HydroCap,price,$/MWh,52.88135607909605
2059,NGFS2023REMIND_NZ2050,Global,Power,HydroCap,price,$/MWh,52.88135607909605
2059,NGFS2023REMIND_LD,Global,Power,HydroCap,price,$/MWh,52.88135607909605
2059,NGFS2023REMIND_B2DS,Global,Power,HydroCap,price,$/MWh,52.88135607909605
2059,NGFS2023REMIND_DT,Global,Power,HydroCap,price,$/MWh,52.88135607909605
2059,NGFS2023MESSAGE_NZ2050,Global,Power,HydroCap,price,$/MWh,52.88135607909605
2059,NGFS2023MESSAGE_LD,Global,Power,HydroCap,price,$/MWh,52.88135607909605
2059,NGFS2023MESSAGE_B2DS,Global,Power,HydroCap,price,$/MWh,52.88135607909605
2059,NGFS2023MESSAGE_DT,Global,Power,HydroCap,price,$/MWh,52.88135607909605
2060,NGFS2023GCAM_NZ2050,Global,Power,HydroCap,price,$/MWh,52.88135607909605
2060,NGFS2023GCAM_LD,Global,Power,HydroCap,price,$/MWh,52.88135607909605
2060,NGFS2023GCAM_B2DS,Global,Power,HydroCap,price,$/MWh,52.88135607909605
2060,NGFS2023GCAM_DT,Global,Power,HydroCap,price,$/MWh,52.88135607909605
2060,NGFS2023REMIND_NZ2050,Global,Power,HydroCap,price,$/MWh,52.88135607909605
2060,NGFS2023REMIND_LD,Global,Power,HydroCap,price,$/MWh,52.88135607909605
2060,NGFS2023REMIND_B2DS,Global,Power,HydroCap,price,$/MWh,52.88135607909605
2060,NGFS2023REMIND_DT,Global,Power,HydroCap,price,$/MWh,52.88135607909605
2060,NGFS2023MESSAGE_NZ2050,Global,Power,HydroCap,price,$/MWh,52.88135607909605
2060,NGFS2023MESSAGE_LD,Global,Power,HydroCap,price,$/MWh,52.88135607909605
2060,NGFS2023MESSAGE_B2DS,Global,Power,HydroCap,price,$/MWh,52.88135607909605
2060,NGFS2023MESSAGE_DT,Global,Power,HydroCap,price,$/MWh,52.88135607909605
2061,NGFS2023GCAM_NZ2050,Global,Power,HydroCap,price,$/MWh,52.88135607909605
2061,NGFS2023GCAM_LD,Global,Power,HydroCap,price,$/MWh,52.88135607909605
2061,NGFS2023GCAM_B2DS,Global,Power,HydroCap,price,$/MWh,52.88135607909605
2061,NGFS2023GCAM_DT,Global,Power,HydroCap,price,$/MWh,52.88135607909605
2061,NGFS2023REMIND_NZ2050,Global,Power,HydroCap,price,$/MWh,52.88135607909605
2061,NGFS2023REMIND_LD,Global,Power,HydroCap,price,$/MWh,52.88135607909605
2061,NGFS2023REMIND_B2DS,Global,Power,HydroCap,price,$/MWh,52.88135607909605
2061,NGFS2023REMIND_DT,Global,Power,HydroCap,price,$/MWh,52.88135607909605
2061,NGFS2023MESSAGE_NZ2050,Global,Power,HydroCap,price,$/MWh,52.88135607909605
2061,NGFS2023MESSAGE_LD,Global,Power,HydroCap,price,$/MWh,52.88135607909605
2061,NGFS2023MESSAGE_B2DS,Global,Power,HydroCap,price,$/MWh,52.88135607909605
2061,NGFS2023MESSAGE_DT,Global,Power,HydroCap,price,$/MWh,52.88135607909605
2062,NGFS2023GCAM_NZ2050,Global,Power,HydroCap,price,$/MWh,52.88135607909605
2062,NGFS2023GCAM_LD,Global,Power,HydroCap,price,$/MWh,52.88135607909605
2062,NGFS2023GCAM_B2DS,Global,Power,HydroCap,price,$/MWh,52.88135607909605
2062,NGFS2023GCAM_DT,Global,Power,HydroCap,price,$/MWh,52.88135607909605
2062,NGFS2023REMIND_NZ2050,Global,Power,HydroCap,price,$/MWh,52.88135607909605
2062,NGFS2023REMIND_LD,Global,Power,HydroCap,price,$/MWh,52.88135607909605
2062,NGFS2023REMIND_B2DS,Global,Power,HydroCap,price,$/MWh,52.88135607909605
2062,NGFS2023REMIND_DT,Global,Power,HydroCap,price,$/MWh,52.88135607909605
2062,NGFS2023MESSAGE_NZ2050,Global,Power,HydroCap,price,$/MWh,52.88135607909605
2062,NGFS2023MESSAGE_LD,Global,Power,HydroCap,price,$/MWh,52.88135607909605
2062,NGFS2023MESSAGE_B2DS,Global,Power,HydroCap,price,$/MWh,52.88135607909605
2062,NGFS2023MESSAGE_DT,Global,Power,HydroCap,price,$/MWh,52.88135607909605
2063,NGFS2023GCAM_NZ2050,Global,Power,HydroCap,price,$/MWh,52.88135607909605
2063,NGFS2023GCAM_LD,Global,Power,HydroCap,price,$/MWh,52.88135607909605
2063,NGFS2023GCAM_B2DS,Global,Power,HydroCap,price,$/MWh,52.88135607909605
2063,NGFS2023GCAM_DT,Global,Power,HydroCap,price,$/MWh,52.88135607909605
2063,NGFS2023REMIND_NZ2050,Global,Power,HydroCap,price,$/MWh,52.88135607909605
2063,NGFS2023REMIND_LD,Global,Power,HydroCap,price,$/MWh,52.88135607909605
2063,NGFS2023REMIND_B2DS,Global,Power,HydroCap,price,$/MWh,52.88135607909605
2063,NGFS2023REMIND_DT,Global,Power,HydroCap,price,$/MWh,52.88135607909605
2063,NGFS2023MESSAGE_NZ2050,Global,Power,HydroCap,price,$/MWh,52.88135607909605
2063,NGFS2023MESSAGE_LD,Global,Power,HydroCap,price,$/MWh,52.88135607909605
2063,NGFS2023MESSAGE_B2DS,Global,Power,HydroCap,price,$/MWh,52.88135607909605
2063,NGFS2023MESSAGE_DT,Global,Power,HydroCap,price,$/MWh,52.88135607909605
2064,NGFS2023GCAM_NZ2050,Global,Power,HydroCap,price,$/MWh,52.88135607909605
2064,NGFS2023GCAM_LD,Global,Power,HydroCap,price,$/MWh,52.88135607909605
2064,NGFS2023GCAM_B2DS,Global,Power,HydroCap,price,$/MWh,52.88135607909605
2064,NGFS2023GCAM_DT,Global,Power,HydroCap,price,$/MWh,52.88135607909605
2064,NGFS2023REMIND_NZ2050,Global,Power,HydroCap,price,$/MWh,52.88135607909605
2064,NGFS2023REMIND_LD,Global,Power,HydroCap,price,$/MWh,52.88135607909605
2064,NGFS2023REMIND_B2DS,Global,Power,HydroCap,price,$/MWh,52.88135607909605
2064,NGFS2023REMIND_DT,Global,Power,HydroCap,price,$/MWh,52.88135607909605
2064,NGFS2023MESSAGE_NZ2050,Global,Power,HydroCap,price,$/MWh,52.88135607909605
2064,NGFS2023MESSAGE_LD,Global,Power,HydroCap,price,$/MWh,52.88135607909605
2064,NGFS2023MESSAGE_B2DS,Global,Power,HydroCap,price,$/MWh,52.88135607909605
2064,NGFS2023MESSAGE_DT,Global,Power,HydroCap,price,$/MWh,52.88135607909605
2065,NGFS2023GCAM_NZ2050,Global,Power,HydroCap,price,$/MWh,52.88135607909605
2065,NGFS2023GCAM_LD,Global,Power,HydroCap,price,$/MWh,52.88135607909605
2065,NGFS2023GCAM_B2DS,Global,Power,HydroCap,price,$/MWh,52.88135607909605
2065,NGFS2023GCAM_DT,Global,Power,HydroCap,price,$/MWh,52.88135607909605
2065,NGFS2023REMIND_NZ2050,Global,Power,HydroCap,price,$/MWh,52.88135607909605
2065,NGFS2023REMIND_LD,Global,Power,HydroCap,price,$/MWh,52.88135607909605
2065,NGFS2023REMIND_B2DS,Global,Power,HydroCap,price,$/MWh,52.88135607909605
2065,NGFS2023REMIND_DT,Global,Power,HydroCap,price,$/MWh,52.88135607909605
2065,NGFS2023MESSAGE_NZ2050,Global,Power,HydroCap,price,$/MWh,52.88135607909605
2065,NGFS2023MESSAGE_LD,Global,Power,HydroCap,price,$/MWh,52.88135607909605
2065,NGFS2023MESSAGE_B2DS,Global,Power,HydroCap,price,$/MWh,52.88135607909605
2065,NGFS2023MESSAGE_DT,Global,Power,HydroCap,price,$/MWh,52.88135607909605
2066,NGFS2023GCAM_NZ2050,Global,Power,HydroCap,price,$/MWh,52.88135607909605
2066,NGFS2023GCAM_LD,Global,Power,HydroCap,price,$/MWh,52.88135607909605
2066,NGFS2023GCAM_B2DS,Global,Power,HydroCap,price,$/MWh,52.88135607909605
2066,NGFS2023GCAM_DT,Global,Power,HydroCap,price,$/MWh,52.88135607909605
2066,NGFS2023REMIND_NZ2050,Global,Power,HydroCap,price,$/MWh,52.88135607909605
2066,NGFS2023REMIND_LD,Global,Power,HydroCap,price,$/MWh,52.88135607909605
2066,NGFS2023REMIND_B2DS,Global,Power,HydroCap,price,$/MWh,52.88135607909605
2066,NGFS2023REMIND_DT,Global,Power,HydroCap,price,$/MWh,52.88135607909605
2066,NGFS2023MESSAGE_NZ2050,Global,Power,HydroCap,price,$/MWh,52.88135607909605
2066,NGFS2023MESSAGE_LD,Global,Power,HydroCap,price,$/MWh,52.88135607909605
2066,NGFS2023MESSAGE_B2DS,Global,Power,HydroCap,price,$/MWh,52.88135607909605
2066,NGFS2023MESSAGE_DT,Global,Power,HydroCap,price,$/MWh,52.88135607909605
2067,NGFS2023GCAM_NZ2050,Global,Power,HydroCap,price,$/MWh,52.88135607909605
2067,NGFS2023GCAM_LD,Global,Power,HydroCap,price,$/MWh,52.88135607909605
2067,NGFS2023GCAM_B2DS,Global,Power,HydroCap,price,$/MWh,52.88135607909605
2067,NGFS2023GCAM_DT,Global,Power,HydroCap,price,$/MWh,52.88135607909605
2067,NGFS2023REMIND_NZ2050,Global,Power,HydroCap,price,$/MWh,52.88135607909605
2067,NGFS2023REMIND_LD,Global,Power,HydroCap,price,$/MWh,52.88135607909605
2067,NGFS2023REMIND_B2DS,Global,Power,HydroCap,price,$/MWh,52.88135607909605
2067,NGFS2023REMIND_DT,Global,Power,HydroCap,price,$/MWh,52.88135607909605
2067,NGFS2023MESSAGE_NZ2050,Global,Power,HydroCap,price,$/MWh,52.88135607909605
2067,NGFS2023MESSAGE_LD,Global,Power,HydroCap,price,$/MWh,52.88135607909605
2067,NGFS2023MESSAGE_B2DS,Global,Power,HydroCap,price,$/MWh,52.88135607909605
2067,NGFS2023MESSAGE_DT,Global,Power,HydroCap,price,$/MWh,52.88135607909605
2068,NGFS2023GCAM_NZ2050,Global,Power,HydroCap,price,$/MWh,52.88135607909605
2068,NGFS2023GCAM_LD,Global,Power,HydroCap,price,$/MWh,52.88135607909605
2068,NGFS2023GCAM_B2DS,Global,Power,HydroCap,price,$/MWh,52.88135607909605
2068,NGFS2023GCAM_DT,Global,Power,HydroCap,price,$/MWh,52.88135607909605
2068,NGFS2023REMIND_NZ2050,Global,Power,HydroCap,price,$/MWh,52.88135607909605
2068,NGFS2023REMIND_LD,Global,Power,HydroCap,price,$/MWh,52.88135607909605
2068,NGFS2023REMIND_B2DS,Global,Power,HydroCap,price,$/MWh,52.88135607909605
2068,NGFS2023REMIND_DT,Global,Power,HydroCap,price,$/MWh,52.88135607909605
2068,NGFS2023MESSAGE_NZ2050,Global,Power,HydroCap,price,$/MWh,52.88135607909605
2068,NGFS2023MESSAGE_LD,Global,Power,HydroCap,price,$/MWh,52.88135607909605
2068,NGFS2023MESSAGE_B2DS,Global,Power,HydroCap,price,$/MWh,52.88135607909605
2068,NGFS2023MESSAGE_DT,Global,Power,HydroCap,price,$/MWh,52.88135607909605
2069,NGFS2023GCAM_NZ2050,Global,Power,HydroCap,price,$/MWh,52.88135607909605
2069,NGFS2023GCAM_LD,Global,Power,HydroCap,price,$/MWh,52.88135607909605
2069,NGFS2023GCAM_B2DS,Global,Power,HydroCap,price,$/MWh,52.88135607909605
2069,NGFS2023GCAM_DT,Global,Power,HydroCap,price,$/MWh,52.88135607909605
2069,NGFS2023REMIND_NZ2050,Global,Power,HydroCap,price,$/MWh,52.88135607909605
2069,NGFS2023REMIND_LD,Global,Power,HydroCap,price,$/MWh,52.88135607909605
2069,NGFS2023REMIND_B2DS,Global,Power,HydroCap,price,$/MWh,52.88135607909605
2069,NGFS2023REMIND_DT,Global,Power,HydroCap,price,$/MWh,52.88135607909605
2069,NGFS2023MESSAGE_NZ2050,Global,Power,HydroCap,price,$/MWh,52.88135607909605
2069,NGFS2023MESSAGE_LD,Global,Power,HydroCap,price,$/MWh,52.88135607909605
2069,NGFS2023MESSAGE_B2DS,Global,Power,HydroCap,price,$/MWh,52.88135607909605
2069,NGFS2023MESSAGE_DT,Global,Power,HydroCap,price,$/MWh,52.88135607909605
2022,NGFS2023GCAM_NZ2050,Global,Power,NuclearCap,price,$/MWh,101.69491553672316
2022,NGFS2023GCAM_LD,Global,Power,NuclearCap,price,$/MWh,101.69491553672316
2022,NGFS2023GCAM_B2DS,Global,Power,NuclearCap,price,$/MWh,101.69491553672316
2022,NGFS2023GCAM_DT,Global,Power,NuclearCap,price,$/MWh,101.69491553672316
2022,NGFS2023REMIND_NZ2050,Global,Power,NuclearCap,price,$/MWh,101.69491553672316
2022,NGFS2023REMIND_LD,Global,Power,NuclearCap,price,$/MWh,101.69491553672316
2022,NGFS2023REMIND_B2DS,Global,Power,NuclearCap,price,$/MWh,101.69491553672316
2022,NGFS2023REMIND_DT,Global,Power,NuclearCap,price,$/MWh,101.69491553672316
2022,NGFS2023MESSAGE_NZ2050,Global,Power,NuclearCap,price,$/MWh,101.69491553672316
2022,NGFS2023MESSAGE_LD,Global,Power,NuclearCap,price,$/MWh,101.69491553672316
2022,NGFS2023MESSAGE_B2DS,Global,Power,NuclearCap,price,$/MWh,101.69491553672316
2022,NGFS2023MESSAGE_DT,Global,Power,NuclearCap,price,$/MWh,101.69491553672316
2023,NGFS2023GCAM_NZ2050,Global,Power,NuclearCap,price,$/MWh,101.69491553672316
2023,NGFS2023GCAM_LD,Global,Power,NuclearCap,price,$/MWh,101.69491553672316
2023,NGFS2023GCAM_B2DS,Global,Power,NuclearCap,price,$/MWh,101.69491553672316
2023,NGFS2023GCAM_DT,Global,Power,NuclearCap,price,$/MWh,101.69491553672316
2023,NGFS2023REMIND_NZ2050,Global,Power,NuclearCap,price,$/MWh,101.69491553672316
2023,NGFS2023REMIND_LD,Global,Power,NuclearCap,price,$/MWh,101.69491553672316
2023,NGFS2023REMIND_B2DS,Global,Power,NuclearCap,price,$/MWh,101.69491553672316
2023,NGFS2023REMIND_DT,Global,Power,NuclearCap,price,$/MWh,101.69491553672316
2023,NGFS2023MESSAGE_NZ2050,Global,Power,NuclearCap,price,$/MWh,101.69491553672316
2023,NGFS2023MESSAGE_LD,Global,Power,NuclearCap,price,$/MWh,101.69491553672316
2023,NGFS2023MESSAGE_B2DS,Global,Power,NuclearCap,price,$/MWh,101.69491553672316
2023,NGFS2023MESSAGE_DT,Global,Power,NuclearCap,price,$/MWh,101.69491553672316
2024,NGFS2023GCAM_NZ2050,Global,Power,NuclearCap,price,$/MWh,101.69491553672316
2024,NGFS2023GCAM_LD,Global,Power,NuclearCap,price,$/MWh,101.69491553672316
2024,NGFS2023GCAM_B2DS,Global,Power,NuclearCap,price,$/MWh,101.69491553672316
2024,NGFS2023GCAM_DT,Global,Power,NuclearCap,price,$/MWh,101.69491553672316
2024,NGFS2023REMIND_NZ2050,Global,Power,NuclearCap,price,$/MWh,101.69491553672316
2024,NGFS2023REMIND_LD,Global,Power,NuclearCap,price,$/MWh,101.69491553672316
2024,NGFS2023REMIND_B2DS,Global,Power,NuclearCap,price,$/MWh,101.69491553672316
2024,NGFS2023REMIND_DT,Global,Power,NuclearCap,price,$/MWh,101.69491553672316
2024,NGFS2023MESSAGE_NZ2050,Global,Power,NuclearCap,price,$/MWh,101.69491553672316
2024,NGFS2023MESSAGE_LD,Global,Power,NuclearCap,price,$/MWh,101.69491553672316
2024,NGFS2023MESSAGE_B2DS,Global,Power,NuclearCap,price,$/MWh,101.69491553672316
2024,NGFS2023MESSAGE_DT,Global,Power,NuclearCap,price,$/MWh,101.69491553672316
2025,NGFS2023GCAM_NZ2050,Global,Power,NuclearCap,price,$/MWh,101.69491553672316
2025,NGFS2023GCAM_LD,Global,Power,NuclearCap,price,$/MWh,101.69491553672316
2025,NGFS2023GCAM_B2DS,Global,Power,NuclearCap,price,$/MWh,101.69491553672316
2025,NGFS2023GCAM_DT,Global,Power,NuclearCap,price,$/MWh,101.69491553672316
2025,NGFS2023REMIND_NZ2050,Global,Power,NuclearCap,price,$/MWh,101.69491553672316
2025,NGFS2023REMIND_LD,Global,Power,NuclearCap,price,$/MWh,101.69491553672316
2025,NGFS2023REMIND_B2DS,Global,Power,NuclearCap,price,$/MWh,101.69491553672316
2025,NGFS2023REMIND_DT,Global,Power,NuclearCap,price,$/MWh,101.69491553672316
2025,NGFS2023MESSAGE_NZ2050,Global,Power,NuclearCap,price,$/MWh,101.69491553672316
2025,NGFS2023MESSAGE_LD,Global,Power,NuclearCap,price,$/MWh,101.69491553672316
2025,NGFS2023MESSAGE_B2DS,Global,Power,NuclearCap,price,$/MWh,101.69491553672316
2025,NGFS2023MESSAGE_DT,Global,Power,NuclearCap,price,$/MWh,101.69491553672316
2026,NGFS2023GCAM_NZ2050,Global,Power,NuclearCap,price,$/MWh,101.69491553672316
2026,NGFS2023GCAM_LD,Global,Power,NuclearCap,price,$/MWh,101.69491553672316
2026,NGFS2023GCAM_B2DS,Global,Power,NuclearCap,price,$/MWh,101.69491553672316
2026,NGFS2023GCAM_DT,Global,Power,NuclearCap,price,$/MWh,101.69491553672316
2026,NGFS2023REMIND_NZ2050,Global,Power,NuclearCap,price,$/MWh,101.69491553672316
2026,NGFS2023REMIND_LD,Global,Power,NuclearCap,price,$/MWh,101.69491553672316
2026,NGFS2023REMIND_B2DS,Global,Power,NuclearCap,price,$/MWh,101.69491553672316
2026,NGFS2023REMIND_DT,Global,Power,NuclearCap,price,$/MWh,101.69491553672316
2026,NGFS2023MESSAGE_NZ2050,Global,Power,NuclearCap,price,$/MWh,101.69491553672316
2026,NGFS2023MESSAGE_LD,Global,Power,NuclearCap,price,$/MWh,101.69491553672316
2026,NGFS2023MESSAGE_B2DS,Global,Power,NuclearCap,price,$/MWh,101.69491553672316
2026,NGFS2023MESSAGE_DT,Global,Power,NuclearCap,price,$/MWh,101.69491553672316
2027,NGFS2023GCAM_NZ2050,Global,Power,NuclearCap,price,$/MWh,101.69491553672316
2027,NGFS2023GCAM_LD,Global,Power,NuclearCap,price,$/MWh,101.69491553672316
2027,NGFS2023GCAM_B2DS,Global,Power,NuclearCap,price,$/MWh,101.69491553672316
2027,NGFS2023GCAM_DT,Global,Power,NuclearCap,price,$/MWh,101.69491553672316
2027,NGFS2023REMIND_NZ2050,Global,Power,NuclearCap,price,$/MWh,101.69491553672316
2027,NGFS2023REMIND_LD,Global,Power,NuclearCap,price,$/MWh,101.69491553672316
2027,NGFS2023REMIND_B2DS,Global,Power,NuclearCap,price,$/MWh,101.69491553672316
2027,NGFS2023REMIND_DT,Global,Power,NuclearCap,price,$/MWh,101.69491553672316
2027,NGFS2023MESSAGE_NZ2050,Global,Power,NuclearCap,price,$/MWh,101.69491553672316
2027,NGFS2023MESSAGE_LD,Global,Power,NuclearCap,price,$/MWh,101.69491553672316
2027,NGFS2023MESSAGE_B2DS,Global,Power,NuclearCap,price,$/MWh,101.69491553672316
2027,NGFS2023MESSAGE_DT,Global,Power,NuclearCap,price,$/MWh,101.69491553672316
2028,NGFS2023GCAM_NZ2050,Global,Power,NuclearCap,price,$/MWh,101.69491553672316
2028,NGFS2023GCAM_LD,Global,Power,NuclearCap,price,$/MWh,101.69491553672316
2028,NGFS2023GCAM_B2DS,Global,Power,NuclearCap,price,$/MWh,101.69491553672316
2028,NGFS2023GCAM_DT,Global,Power,NuclearCap,price,$/MWh,101.69491553672316
2028,NGFS2023REMIND_NZ2050,Global,Power,NuclearCap,price,$/MWh,101.69491553672316
2028,NGFS2023REMIND_LD,Global,Power,NuclearCap,price,$/MWh,101.69491553672316
2028,NGFS2023REMIND_B2DS,Global,Power,NuclearCap,price,$/MWh,101.69491553672316
2028,NGFS2023REMIND_DT,Global,Power,NuclearCap,price,$/MWh,101.69491553672316
2028,NGFS2023MESSAGE_NZ2050,Global,Power,NuclearCap,price,$/MWh,101.69491553672316
2028,NGFS2023MESSAGE_LD,Global,Power,NuclearCap,price,$/MWh,101.69491553672316
2028,NGFS2023MESSAGE_B2DS,Global,Power,NuclearCap,price,$/MWh,101.69491553672316
2028,NGFS2023MESSAGE_DT,Global,Power,NuclearCap,price,$/MWh,101.69491553672316
2029,NGFS2023GCAM_NZ2050,Global,Power,NuclearCap,price,$/MWh,101.69491553672316
2029,NGFS2023GCAM_LD,Global,Power,NuclearCap,price,$/MWh,101.69491553672316
2029,NGFS2023GCAM_B2DS,Global,Power,NuclearCap,price,$/MWh,101.69491553672316
2029,NGFS2023GCAM_DT,Global,Power,NuclearCap,price,$/MWh,101.69491553672316
2029,NGFS2023REMIND_NZ2050,Global,Power,NuclearCap,price,$/MWh,101.69491553672316
2029,NGFS2023REMIND_LD,Global,Power,NuclearCap,price,$/MWh,101.69491553672316
2029,NGFS2023REMIND_B2DS,Global,Power,NuclearCap,price,$/MWh,101.69491553672316
2029,NGFS2023REMIND_DT,Global,Power,NuclearCap,price,$/MWh,101.69491553672316
2029,NGFS2023MESSAGE_NZ2050,Global,Power,NuclearCap,price,$/MWh,101.69491553672316
2029,NGFS2023MESSAGE_LD,Global,Power,NuclearCap,price,$/MWh,101.69491553672316
2029,NGFS2023MESSAGE_B2DS,Global,Power,NuclearCap,price,$/MWh,101.69491553672316
2029,NGFS2023MESSAGE_DT,Global,Power,NuclearCap,price,$/MWh,101.69491553672316
2030,NGFS2023GCAM_NZ2050,Global,Power,NuclearCap,price,$/MWh,101.69491553672316
2030,NGFS2023GCAM_LD,Global,Power,NuclearCap,price,$/MWh,101.69491553672316
2030,NGFS2023GCAM_B2DS,Global,Power,NuclearCap,price,$/MWh,101.69491553672316
2030,NGFS2023GCAM_DT,Global,Power,NuclearCap,price,$/MWh,101.69491553672316
2030,NGFS2023REMIND_NZ2050,Global,Power,NuclearCap,price,$/MWh,101.69491553672316
2030,NGFS2023REMIND_LD,Global,Power,NuclearCap,price,$/MWh,101.69491553672316
2030,NGFS2023REMIND_B2DS,Global,Power,NuclearCap,price,$/MWh,101.69491553672316
2030,NGFS2023REMIND_DT,Global,Power,NuclearCap,price,$/MWh,101.69491553672316
2030,NGFS2023MESSAGE_NZ2050,Global,Power,NuclearCap,price,$/MWh,101.69491553672316
2030,NGFS2023MESSAGE_LD,Global,Power,NuclearCap,price,$/MWh,101.69491553672316
2030,NGFS2023MESSAGE_B2DS,Global,Power,NuclearCap,price,$/MWh,101.69491553672316
2030,NGFS2023MESSAGE_DT,Global,Power,NuclearCap,price,$/MWh,101.69491553672316
2031,NGFS2023GCAM_NZ2050,Global,Power,NuclearCap,price,$/MWh,101.69491553672316
2031,NGFS2023GCAM_LD,Global,Power,NuclearCap,price,$/MWh,101.69491553672316
2031,NGFS2023GCAM_B2DS,Global,Power,NuclearCap,price,$/MWh,101.69491553672316
2031,NGFS2023GCAM_DT,Global,Power,NuclearCap,price,$/MWh,101.69491553672316
2031,NGFS2023REMIND_NZ2050,Global,Power,NuclearCap,price,$/MWh,101.69491553672316
2031,NGFS2023REMIND_LD,Global,Power,NuclearCap,price,$/MWh,101.69491553672316
2031,NGFS2023REMIND_B2DS,Global,Power,NuclearCap,price,$/MWh,101.69491553672316
2031,NGFS2023REMIND_DT,Global,Power,NuclearCap,price,$/MWh,101.69491553672316
2031,NGFS2023MESSAGE_NZ2050,Global,Power,NuclearCap,price,$/MWh,101.69491553672316
2031,NGFS2023MESSAGE_LD,Global,Power,NuclearCap,price,$/MWh,101.69491553672316
2031,NGFS2023MESSAGE_B2DS,Global,Power,NuclearCap,price,$/MWh,101.69491553672316
2031,NGFS2023MESSAGE_DT,Global,Power,NuclearCap,price,$/MWh,101.69491553672316
2032,NGFS2023GCAM_NZ2050,Global,Power,NuclearCap,price,$/MWh,101.69491553672316
2032,NGFS2023GCAM_LD,Global,Power,NuclearCap,price,$/MWh,101.69491553672316
2032,NGFS2023GCAM_B2DS,Global,Power,NuclearCap,price,$/MWh,101.69491553672316
2032,NGFS2023GCAM_DT,Global,Power,NuclearCap,price,$/MWh,101.69491553672316
2032,NGFS2023REMIND_NZ2050,Global,Power,NuclearCap,price,$/MWh,101.69491553672316
2032,NGFS2023REMIND_LD,Global,Power,NuclearCap,price,$/MWh,101.69491553672316
2032,NGFS2023REMIND_B2DS,Global,Power,NuclearCap,price,$/MWh,101.69491553672316
2032,NGFS2023REMIND_DT,Global,Power,NuclearCap,price,$/MWh,101.69491553672316
2032,NGFS2023MESSAGE_NZ2050,Global,Power,NuclearCap,price,$/MWh,101.69491553672316
2032,NGFS2023MESSAGE_LD,Global,Power,NuclearCap,price,$/MWh,101.69491553672316
2032,NGFS2023MESSAGE_B2DS,Global,Power,NuclearCap,price,$/MWh,101.69491553672316
2032,NGFS2023MESSAGE_DT,Global,Power,NuclearCap,price,$/MWh,101.69491553672316
2033,NGFS2023GCAM_NZ2050,Global,Power,NuclearCap,price,$/MWh,101.69491553672316
2033,NGFS2023GCAM_LD,Global,Power,NuclearCap,price,$/MWh,101.69491553672316
2033,NGFS2023GCAM_B2DS,Global,Power,NuclearCap,price,$/MWh,101.69491553672316
2033,NGFS2023GCAM_DT,Global,Power,NuclearCap,price,$/MWh,101.69491553672316
2033,NGFS2023REMIND_NZ2050,Global,Power,NuclearCap,price,$/MWh,101.69491553672316
2033,NGFS2023REMIND_LD,Global,Power,NuclearCap,price,$/MWh,101.69491553672316
2033,NGFS2023REMIND_B2DS,Global,Power,NuclearCap,price,$/MWh,101.69491553672316
2033,NGFS2023REMIND_DT,Global,Power,NuclearCap,price,$/MWh,101.69491553672316
2033,NGFS2023MESSAGE_NZ2050,Global,Power,NuclearCap,price,$/MWh,101.69491553672316
2033,NGFS2023MESSAGE_LD,Global,Power,NuclearCap,price,$/MWh,101.69491553672316
2033,NGFS2023MESSAGE_B2DS,Global,Power,NuclearCap,price,$/MWh,101.69491553672316
2033,NGFS2023MESSAGE_DT,Global,Power,NuclearCap,price,$/MWh,101.69491553672316
2034,NGFS2023GCAM_NZ2050,Global,Power,NuclearCap,price,$/MWh,101.69491553672316
2034,NGFS2023GCAM_LD,Global,Power,NuclearCap,price,$/MWh,101.69491553672316
2034,NGFS2023GCAM_B2DS,Global,Power,NuclearCap,price,$/MWh,101.69491553672316
2034,NGFS2023GCAM_DT,Global,Power,NuclearCap,price,$/MWh,101.69491553672316
2034,NGFS2023REMIND_NZ2050,Global,Power,NuclearCap,price,$/MWh,101.69491553672316
2034,NGFS2023REMIND_LD,Global,Power,NuclearCap,price,$/MWh,101.69491553672316
2034,NGFS2023REMIND_B2DS,Global,Power,NuclearCap,price,$/MWh,101.69491553672316
2034,NGFS2023REMIND_DT,Global,Power,NuclearCap,price,$/MWh,101.69491553672316
2034,NGFS2023MESSAGE_NZ2050,Global,Power,NuclearCap,price,$/MWh,101.69491553672316
2034,NGFS2023MESSAGE_LD,Global,Power,NuclearCap,price,$/MWh,101.69491553672316
2034,NGFS2023MESSAGE_B2DS,Global,Power,NuclearCap,price,$/MWh,101.69491553672316
2034,NGFS2023MESSAGE_DT,Global,Power,NuclearCap,price,$/MWh,101.69491553672316
2035,NGFS2023GCAM_NZ2050,Global,Power,NuclearCap,price,$/MWh,101.69491553672316
2035,NGFS2023GCAM_LD,Global,Power,NuclearCap,price,$/MWh,101.69491553672316
2035,NGFS2023GCAM_B2DS,Global,Power,NuclearCap,price,$/MWh,101.69491553672316
2035,NGFS2023GCAM_DT,Global,Power,NuclearCap,price,$/MWh,101.69491553672316
2035,NGFS2023REMIND_NZ2050,Global,Power,NuclearCap,price,$/MWh,101.69491553672316
2035,NGFS2023REMIND_LD,Global,Power,NuclearCap,price,$/MWh,101.69491553672316
2035,NGFS2023REMIND_B2DS,Global,Power,NuclearCap,price,$/MWh,101.69491553672316
2035,NGFS2023REMIND_DT,Global,Power,NuclearCap,price,$/MWh,101.69491553672316
2035,NGFS2023MESSAGE_NZ2050,Global,Power,NuclearCap,price,$/MWh,101.69491553672316
2035,NGFS2023MESSAGE_LD,Global,Power,NuclearCap,price,$/MWh,101.69491553672316
2035,NGFS2023MESSAGE_B2DS,Global,Power,NuclearCap,price,$/MWh,101.69491553672316
2035,NGFS2023MESSAGE_DT,Global,Power,NuclearCap,price,$/MWh,101.69491553672316
2036,NGFS2023GCAM_NZ2050,Global,Power,NuclearCap,price,$/MWh,101.69491553672316
2036,NGFS2023GCAM_LD,Global,Power,NuclearCap,price,$/MWh,101.69491553672316
2036,NGFS2023GCAM_B2DS,Global,Power,NuclearCap,price,$/MWh,101.69491553672316
2036,NGFS2023GCAM_DT,Global,Power,NuclearCap,price,$/MWh,101.69491553672316
2036,NGFS2023REMIND_NZ2050,Global,Power,NuclearCap,price,$/MWh,101.69491553672316
2036,NGFS2023REMIND_LD,Global,Power,NuclearCap,price,$/MWh,101.69491553672316
2036,NGFS2023REMIND_B2DS,Global,Power,NuclearCap,price,$/MWh,101.69491553672316
2036,NGFS2023REMIND_DT,Global,Power,NuclearCap,price,$/MWh,101.69491553672316
2036,NGFS2023MESSAGE_NZ2050,Global,Power,NuclearCap,price,$/MWh,101.69491553672316
2036,NGFS2023MESSAGE_LD,Global,Power,NuclearCap,price,$/MWh,101.69491553672316
2036,NGFS2023MESSAGE_B2DS,Global,Power,NuclearCap,price,$/MWh,101.69491553672316
2036,NGFS2023MESSAGE_DT,Global,Power,NuclearCap,price,$/MWh,101.69491553672316
2037,NGFS2023GCAM_NZ2050,Global,Power,NuclearCap,price,$/MWh,101.69491553672316
2037,NGFS2023GCAM_LD,Global,Power,NuclearCap,price,$/MWh,101.69491553672316
2037,NGFS2023GCAM_B2DS,Global,Power,NuclearCap,price,$/MWh,101.69491553672316
2037,NGFS2023GCAM_DT,Global,Power,NuclearCap,price,$/MWh,101.69491553672316
2037,NGFS2023REMIND_NZ2050,Global,Power,NuclearCap,price,$/MWh,101.69491553672316
2037,NGFS2023REMIND_LD,Global,Power,NuclearCap,price,$/MWh,101.69491553672316
2037,NGFS2023REMIND_B2DS,Global,Power,NuclearCap,price,$/MWh,101.69491553672316
2037,NGFS2023REMIND_DT,Global,Power,NuclearCap,price,$/MWh,101.69491553672316
2037,NGFS2023MESSAGE_NZ2050,Global,Power,NuclearCap,price,$/MWh,101.69491553672316
2037,NGFS2023MESSAGE_LD,Global,Power,NuclearCap,price,$/MWh,101.69491553672316
2037,NGFS2023MESSAGE_B2DS,Global,Power,NuclearCap,price,$/MWh,101.69491553672316
2037,NGFS2023MESSAGE_DT,Global,Power,NuclearCap,price,$/MWh,101.69491553672316
2038,NGFS2023GCAM_NZ2050,Global,Power,NuclearCap,price,$/MWh,101.69491553672316
2038,NGFS2023GCAM_LD,Global,Power,NuclearCap,price,$/MWh,101.69491553672316
2038,NGFS2023GCAM_B2DS,Global,Power,NuclearCap,price,$/MWh,101.69491553672316
2038,NGFS2023GCAM_DT,Global,Power,NuclearCap,price,$/MWh,101.69491553672316
2038,NGFS2023REMIND_NZ2050,Global,Power,NuclearCap,price,$/MWh,101.69491553672316
2038,NGFS2023REMIND_LD,Global,Power,NuclearCap,price,$/MWh,101.69491553672316
2038,NGFS2023REMIND_B2DS,Global,Power,NuclearCap,price,$/MWh,101.69491553672316
2038,NGFS2023REMIND_DT,Global,Power,NuclearCap,price,$/MWh,101.69491553672316
2038,NGFS2023MESSAGE_NZ2050,Global,Power,NuclearCap,price,$/MWh,101.69491553672316
2038,NGFS2023MESSAGE_LD,Global,Power,NuclearCap,price,$/MWh,101.69491553672316
2038,NGFS2023MESSAGE_B2DS,Global,Power,NuclearCap,price,$/MWh,101.69491553672316
2038,NGFS2023MESSAGE_DT,Global,Power,NuclearCap,price,$/MWh,101.69491553672316
2039,NGFS2023GCAM_NZ2050,Global,Power,NuclearCap,price,$/MWh,101.69491553672316
2039,NGFS2023GCAM_LD,Global,Power,NuclearCap,price,$/MWh,101.69491553672316
2039,NGFS2023GCAM_B2DS,Global,Power,NuclearCap,price,$/MWh,101.69491553672316
2039,NGFS2023GCAM_DT,Global,Power,NuclearCap,price,$/MWh,101.69491553672316
2039,NGFS2023REMIND_NZ2050,Global,Power,NuclearCap,price,$/MWh,101.69491553672316
2039,NGFS2023REMIND_LD,Global,Power,NuclearCap,price,$/MWh,101.69491553672316
2039,NGFS2023REMIND_B2DS,Global,Power,NuclearCap,price,$/MWh,101.69491553672316
2039,NGFS2023REMIND_DT,Global,Power,NuclearCap,price,$/MWh,101.69491553672316
2039,NGFS2023MESSAGE_NZ2050,Global,Power,NuclearCap,price,$/MWh,101.69491553672316
2039,NGFS2023MESSAGE_LD,Global,Power,NuclearCap,price,$/MWh,101.69491553672316
2039,NGFS2023MESSAGE_B2DS,Global,Power,NuclearCap,price,$/MWh,101.69491553672316
2039,NGFS2023MESSAGE_DT,Global,Power,NuclearCap,price,$/MWh,101.69491553672316
2040,NGFS2023GCAM_NZ2050,Global,Power,NuclearCap,price,$/MWh,101.69491553672316
2040,NGFS2023GCAM_LD,Global,Power,NuclearCap,price,$/MWh,101.69491553672316
2040,NGFS2023GCAM_B2DS,Global,Power,NuclearCap,price,$/MWh,101.69491553672316
2040,NGFS2023GCAM_DT,Global,Power,NuclearCap,price,$/MWh,101.69491553672316
2040,NGFS2023REMIND_NZ2050,Global,Power,NuclearCap,price,$/MWh,101.69491553672316
2040,NGFS2023REMIND_LD,Global,Power,NuclearCap,price,$/MWh,101.69491553672316
2040,NGFS2023REMIND_B2DS,Global,Power,NuclearCap,price,$/MWh,101.69491553672316
2040,NGFS2023REMIND_DT,Global,Power,NuclearCap,price,$/MWh,101.69491553672316
2040,NGFS2023MESSAGE_NZ2050,Global,Power,NuclearCap,price,$/MWh,101.69491553672316
2040,NGFS2023MESSAGE_LD,Global,Power,NuclearCap,price,$/MWh,101.69491553672316
2040,NGFS2023MESSAGE_B2DS,Global,Power,NuclearCap,price,$/MWh,101.69491553672316
2040,NGFS2023MESSAGE_DT,Global,Power,NuclearCap,price,$/MWh,101.69491553672316
2041,NGFS2023GCAM_NZ2050,Global,Power,NuclearCap,price,$/MWh,101.69491553672316
2041,NGFS2023GCAM_LD,Global,Power,NuclearCap,price,$/MWh,101.69491553672316
2041,NGFS2023GCAM_B2DS,Global,Power,NuclearCap,price,$/MWh,101.69491553672316
2041,NGFS2023GCAM_DT,Global,Power,NuclearCap,price,$/MWh,101.69491553672316
2041,NGFS2023REMIND_NZ2050,Global,Power,NuclearCap,price,$/MWh,101.69491553672316
2041,NGFS2023REMIND_LD,Global,Power,NuclearCap,price,$/MWh,101.69491553672316
2041,NGFS2023REMIND_B2DS,Global,Power,NuclearCap,price,$/MWh,101.69491553672316
2041,NGFS2023REMIND_DT,Global,Power,NuclearCap,price,$/MWh,101.69491553672316
2041,NGFS2023MESSAGE_NZ2050,Global,Power,NuclearCap,price,$/MWh,101.69491553672316
2041,NGFS2023MESSAGE_LD,Global,Power,NuclearCap,price,$/MWh,101.69491553672316
2041,NGFS2023MESSAGE_B2DS,Global,Power,NuclearCap,price,$/MWh,101.69491553672316
2041,NGFS2023MESSAGE_DT,Global,Power,NuclearCap,price,$/MWh,101.69491553672316
2042,NGFS2023GCAM_NZ2050,Global,Power,NuclearCap,price,$/MWh,101.69491553672316
2042,NGFS2023GCAM_LD,Global,Power,NuclearCap,price,$/MWh,101.69491553672316
2042,NGFS2023GCAM_B2DS,Global,Power,NuclearCap,price,$/MWh,101.69491553672316
2042,NGFS2023GCAM_DT,Global,Power,NuclearCap,price,$/MWh,101.69491553672316
2042,NGFS2023REMIND_NZ2050,Global,Power,NuclearCap,price,$/MWh,101.69491553672316
2042,NGFS2023REMIND_LD,Global,Power,NuclearCap,price,$/MWh,101.69491553672316
2042,NGFS2023REMIND_B2DS,Global,Power,NuclearCap,price,$/MWh,101.69491553672316
2042,NGFS2023REMIND_DT,Global,Power,NuclearCap,price,$/MWh,101.69491553672316
2042,NGFS2023MESSAGE_NZ2050,Global,Power,NuclearCap,price,$/MWh,101.69491553672316
2042,NGFS2023MESSAGE_LD,Global,Power,NuclearCap,price,$/MWh,101.69491553672316
2042,NGFS2023MESSAGE_B2DS,Global,Power,NuclearCap,price,$/MWh,101.69491553672316
2042,NGFS2023MESSAGE_DT,Global,Power,NuclearCap,price,$/MWh,101.69491553672316
2043,NGFS2023GCAM_NZ2050,Global,Power,NuclearCap,price,$/MWh,101.69491553672316
2043,NGFS2023GCAM_LD,Global,Power,NuclearCap,price,$/MWh,101.69491553672316
2043,NGFS2023GCAM_B2DS,Global,Power,NuclearCap,price,$/MWh,101.69491553672316
2043,NGFS2023GCAM_DT,Global,Power,NuclearCap,price,$/MWh,101.69491553672316
2043,NGFS2023REMIND_NZ2050,Global,Power,NuclearCap,price,$/MWh,101.69491553672316
2043,NGFS2023REMIND_LD,Global,Power,NuclearCap,price,$/MWh,101.69491553672316
2043,NGFS2023REMIND_B2DS,Global,Power,NuclearCap,price,$/MWh,101.69491553672316
2043,NGFS2023REMIND_DT,Global,Power,NuclearCap,price,$/MWh,101.69491553672316
2043,NGFS2023MESSAGE_NZ2050,Global,Power,NuclearCap,price,$/MWh,101.69491553672316
2043,NGFS2023MESSAGE_LD,Global,Power,NuclearCap,price,$/MWh,101.69491553672316
2043,NGFS2023MESSAGE_B2DS,Global,Power,NuclearCap,price,$/MWh,101.69491553672316
2043,NGFS2023MESSAGE_DT,Global,Power,NuclearCap,price,$/MWh,101.69491553672316
2044,NGFS2023GCAM_NZ2050,Global,Power,NuclearCap,price,$/MWh,101.69491553672316
2044,NGFS2023GCAM_LD,Global,Power,NuclearCap,price,$/MWh,101.69491553672316
2044,NGFS2023GCAM_B2DS,Global,Power,NuclearCap,price,$/MWh,101.69491553672316
2044,NGFS2023GCAM_DT,Global,Power,NuclearCap,price,$/MWh,101.69491553672316
2044,NGFS2023REMIND_NZ2050,Global,Power,NuclearCap,price,$/MWh,101.69491553672316
2044,NGFS2023REMIND_LD,Global,Power,NuclearCap,price,$/MWh,101.69491553672316
2044,NGFS2023REMIND_B2DS,Global,Power,NuclearCap,price,$/MWh,101.69491553672316
2044,NGFS2023REMIND_DT,Global,Power,NuclearCap,price,$/MWh,101.69491553672316
2044,NGFS2023MESSAGE_NZ2050,Global,Power,NuclearCap,price,$/MWh,101.69491553672316
2044,NGFS2023MESSAGE_LD,Global,Power,NuclearCap,price,$/MWh,101.69491553672316
2044,NGFS2023MESSAGE_B2DS,Global,Power,NuclearCap,price,$/MWh,101.69491553672316
2044,NGFS2023MESSAGE_DT,Global,Power,NuclearCap,price,$/MWh,101.69491553672316
2045,NGFS2023GCAM_NZ2050,Global,Power,NuclearCap,price,$/MWh,101.69491553672316
2045,NGFS2023GCAM_LD,Global,Power,NuclearCap,price,$/MWh,101.69491553672316
2045,NGFS2023GCAM_B2DS,Global,Power,NuclearCap,price,$/MWh,101.69491553672316
2045,NGFS2023GCAM_DT,Global,Power,NuclearCap,price,$/MWh,101.69491553672316
2045,NGFS2023REMIND_NZ2050,Global,Power,NuclearCap,price,$/MWh,101.69491553672316
2045,NGFS2023REMIND_LD,Global,Power,NuclearCap,price,$/MWh,101.69491553672316
2045,NGFS2023REMIND_B2DS,Global,Power,NuclearCap,price,$/MWh,101.69491553672316
2045,NGFS2023REMIND_DT,Global,Power,NuclearCap,price,$/MWh,101.69491553672316
2045,NGFS2023MESSAGE_NZ2050,Global,Power,NuclearCap,price,$/MWh,101.69491553672316
2045,NGFS2023MESSAGE_LD,Global,Power,NuclearCap,price,$/MWh,101.69491553672316
2045,NGFS2023MESSAGE_B2DS,Global,Power,NuclearCap,price,$/MWh,101.69491553672316
2045,NGFS2023MESSAGE_DT,Global,Power,NuclearCap,price,$/MWh,101.69491553672316
2046,NGFS2023GCAM_NZ2050,Global,Power,NuclearCap,price,$/MWh,101.69491553672316
2046,NGFS2023GCAM_LD,Global,Power,NuclearCap,price,$/MWh,101.69491553672316
2046,NGFS2023GCAM_B2DS,Global,Power,NuclearCap,price,$/MWh,101.69491553672316
2046,NGFS2023GCAM_DT,Global,Power,NuclearCap,price,$/MWh,101.69491553672316
2046,NGFS2023REMIND_NZ2050,Global,Power,NuclearCap,price,$/MWh,101.69491553672316
2046,NGFS2023REMIND_LD,Global,Power,NuclearCap,price,$/MWh,101.69491553672316
2046,NGFS2023REMIND_B2DS,Global,Power,NuclearCap,price,$/MWh,101.69491553672316
2046,NGFS2023REMIND_DT,Global,Power,NuclearCap,price,$/MWh,101.69491553672316
2046,NGFS2023MESSAGE_NZ2050,Global,Power,NuclearCap,price,$/MWh,101.69491553672316
2046,NGFS2023MESSAGE_LD,Global,Power,NuclearCap,price,$/MWh,101.69491553672316
2046,NGFS2023MESSAGE_B2DS,Global,Power,NuclearCap,price,$/MWh,101.69491553672316
2046,NGFS2023MESSAGE_DT,Global,Power,NuclearCap,price,$/MWh,101.69491553672316
2047,NGFS2023GCAM_NZ2050,Global,Power,NuclearCap,price,$/MWh,101.69491553672316
2047,NGFS2023GCAM_LD,Global,Power,NuclearCap,price,$/MWh,101.69491553672316
2047,NGFS2023GCAM_B2DS,Global,Power,NuclearCap,price,$/MWh,101.69491553672316
2047,NGFS2023GCAM_DT,Global,Power,NuclearCap,price,$/MWh,101.69491553672316
2047,NGFS2023REMIND_NZ2050,Global,Power,NuclearCap,price,$/MWh,101.69491553672316
2047,NGFS2023REMIND_LD,Global,Power,NuclearCap,price,$/MWh,101.69491553672316
2047,NGFS2023REMIND_B2DS,Global,Power,NuclearCap,price,$/MWh,101.69491553672316
2047,NGFS2023REMIND_DT,Global,Power,NuclearCap,price,$/MWh,101.69491553672316
2047,NGFS2023MESSAGE_NZ2050,Global,Power,NuclearCap,price,$/MWh,101.69491553672316
2047,NGFS2023MESSAGE_LD,Global,Power,NuclearCap,price,$/MWh,101.69491553672316
2047,NGFS2023MESSAGE_B2DS,Global,Power,NuclearCap,price,$/MWh,101.69491553672316
2047,NGFS2023MESSAGE_DT,Global,Power,NuclearCap,price,$/MWh,101.69491553672316
2048,NGFS2023GCAM_NZ2050,Global,Power,NuclearCap,price,$/MWh,101.69491553672316
2048,NGFS2023GCAM_LD,Global,Power,NuclearCap,price,$/MWh,101.69491553672316
2048,NGFS2023GCAM_B2DS,Global,Power,NuclearCap,price,$/MWh,101.69491553672316
2048,NGFS2023GCAM_DT,Global,Power,NuclearCap,price,$/MWh,101.69491553672316
2048,NGFS2023REMIND_NZ2050,Global,Power,NuclearCap,price,$/MWh,101.69491553672316
2048,NGFS2023REMIND_LD,Global,Power,NuclearCap,price,$/MWh,101.69491553672316
2048,NGFS2023REMIND_B2DS,Global,Power,NuclearCap,price,$/MWh,101.69491553672316
2048,NGFS2023REMIND_DT,Global,Power,NuclearCap,price,$/MWh,101.69491553672316
2048,NGFS2023MESSAGE_NZ2050,Global,Power,NuclearCap,price,$/MWh,101.69491553672316
2048,NGFS2023MESSAGE_LD,Global,Power,NuclearCap,price,$/MWh,101.69491553672316
2048,NGFS2023MESSAGE_B2DS,Global,Power,NuclearCap,price,$/MWh,101.69491553672316
2048,NGFS2023MESSAGE_DT,Global,Power,NuclearCap,price,$/MWh,101.69491553672316
2049,NGFS2023GCAM_NZ2050,Global,Power,NuclearCap,price,$/MWh,101.69491553672316
2049,NGFS2023GCAM_LD,Global,Power,NuclearCap,price,$/MWh,101.69491553672316
2049,NGFS2023GCAM_B2DS,Global,Power,NuclearCap,price,$/MWh,101.69491553672316
2049,NGFS2023GCAM_DT,Global,Power,NuclearCap,price,$/MWh,101.69491553672316
2049,NGFS2023REMIND_NZ2050,Global,Power,NuclearCap,price,$/MWh,101.69491553672316
2049,NGFS2023REMIND_LD,Global,Power,NuclearCap,price,$/MWh,101.69491553672316
2049,NGFS2023REMIND_B2DS,Global,Power,NuclearCap,price,$/MWh,101.69491553672316
2049,NGFS2023REMIND_DT,Global,Power,NuclearCap,price,$/MWh,101.69491553672316
2049,NGFS2023MESSAGE_NZ2050,Global,Power,NuclearCap,price,$/MWh,101.69491553672316
2049,NGFS2023MESSAGE_LD,Global,Power,NuclearCap,price,$/MWh,101.69491553672316
2049,NGFS2023MESSAGE_B2DS,Global,Power,NuclearCap,price,$/MWh,101.69491553672316
2049,NGFS2023MESSAGE_DT,Global,Power,NuclearCap,price,$/MWh,101.69491553672316
2050,NGFS2023GCAM_NZ2050,Global,Power,NuclearCap,price,$/MWh,101.69491553672316
2050,NGFS2023GCAM_LD,Global,Power,NuclearCap,price,$/MWh,101.69491553672316
2050,NGFS2023GCAM_B2DS,Global,Power,NuclearCap,price,$/MWh,101.69491553672316
2050,NGFS2023GCAM_DT,Global,Power,NuclearCap,price,$/MWh,101.69491553672316
2050,NGFS2023REMIND_NZ2050,Global,Power,NuclearCap,price,$/MWh,101.69491553672316
2050,NGFS2023REMIND_LD,Global,Power,NuclearCap,price,$/MWh,101.69491553672316
2050,NGFS2023REMIND_B2DS,Global,Power,NuclearCap,price,$/MWh,101.69491553672316
2050,NGFS2023REMIND_DT,Global,Power,NuclearCap,price,$/MWh,101.69491553672316
2050,NGFS2023MESSAGE_NZ2050,Global,Power,NuclearCap,price,$/MWh,101.69491553672316
2050,NGFS2023MESSAGE_LD,Global,Power,NuclearCap,price,$/MWh,101.69491553672316
2050,NGFS2023MESSAGE_B2DS,Global,Power,NuclearCap,price,$/MWh,101.69491553672316
2050,NGFS2023MESSAGE_DT,Global,Power,NuclearCap,price,$/MWh,101.69491553672316
2051,NGFS2023GCAM_NZ2050,Global,Power,NuclearCap,price,$/MWh,101.69491553672316
2051,NGFS2023GCAM_LD,Global,Power,NuclearCap,price,$/MWh,101.69491553672316
2051,NGFS2023GCAM_B2DS,Global,Power,NuclearCap,price,$/MWh,101.69491553672316
2051,NGFS2023GCAM_DT,Global,Power,NuclearCap,price,$/MWh,101.69491553672316
2051,NGFS2023REMIND_NZ2050,Global,Power,NuclearCap,price,$/MWh,101.69491553672316
2051,NGFS2023REMIND_LD,Global,Power,NuclearCap,price,$/MWh,101.69491553672316
2051,NGFS2023REMIND_B2DS,Global,Power,NuclearCap,price,$/MWh,101.69491553672316
2051,NGFS2023REMIND_DT,Global,Power,NuclearCap,price,$/MWh,101.69491553672316
2051,NGFS2023MESSAGE_NZ2050,Global,Power,NuclearCap,price,$/MWh,101.69491553672316
2051,NGFS2023MESSAGE_LD,Global,Power,NuclearCap,price,$/MWh,101.69491553672316
2051,NGFS2023MESSAGE_B2DS,Global,Power,NuclearCap,price,$/MWh,101.69491553672316
2051,NGFS2023MESSAGE_DT,Global,Power,NuclearCap,price,$/MWh,101.69491553672316
2052,NGFS2023GCAM_NZ2050,Global,Power,NuclearCap,price,$/MWh,101.69491553672316
2052,NGFS2023GCAM_LD,Global,Power,NuclearCap,price,$/MWh,101.69491553672316
2052,NGFS2023GCAM_B2DS,Global,Power,NuclearCap,price,$/MWh,101.69491553672316
2052,NGFS2023GCAM_DT,Global,Power,NuclearCap,price,$/MWh,101.69491553672316
2052,NGFS2023REMIND_NZ2050,Global,Power,NuclearCap,price,$/MWh,101.69491553672316
2052,NGFS2023REMIND_LD,Global,Power,NuclearCap,price,$/MWh,101.69491553672316
2052,NGFS2023REMIND_B2DS,Global,Power,NuclearCap,price,$/MWh,101.69491553672316
2052,NGFS2023REMIND_DT,Global,Power,NuclearCap,price,$/MWh,101.69491553672316
2052,NGFS2023MESSAGE_NZ2050,Global,Power,NuclearCap,price,$/MWh,101.69491553672316
2052,NGFS2023MESSAGE_LD,Global,Power,NuclearCap,price,$/MWh,101.69491553672316
2052,NGFS2023MESSAGE_B2DS,Global,Power,NuclearCap,price,$/MWh,101.69491553672316
2052,NGFS2023MESSAGE_DT,Global,Power,NuclearCap,price,$/MWh,101.69491553672316
2053,NGFS2023GCAM_NZ2050,Global,Power,NuclearCap,price,$/MWh,101.69491553672316
2053,NGFS2023GCAM_LD,Global,Power,NuclearCap,price,$/MWh,101.69491553672316
2053,NGFS2023GCAM_B2DS,Global,Power,NuclearCap,price,$/MWh,101.69491553672316
2053,NGFS2023GCAM_DT,Global,Power,NuclearCap,price,$/MWh,101.69491553672316
2053,NGFS2023REMIND_NZ2050,Global,Power,NuclearCap,price,$/MWh,101.69491553672316
2053,NGFS2023REMIND_LD,Global,Power,NuclearCap,price,$/MWh,101.69491553672316
2053,NGFS2023REMIND_B2DS,Global,Power,NuclearCap,price,$/MWh,101.69491553672316
2053,NGFS2023REMIND_DT,Global,Power,NuclearCap,price,$/MWh,101.69491553672316
2053,NGFS2023MESSAGE_NZ2050,Global,Power,NuclearCap,price,$/MWh,101.69491553672316
2053,NGFS2023MESSAGE_LD,Global,Power,NuclearCap,price,$/MWh,101.69491553672316
2053,NGFS2023MESSAGE_B2DS,Global,Power,NuclearCap,price,$/MWh,101.69491553672316
2053,NGFS2023MESSAGE_DT,Global,Power,NuclearCap,price,$/MWh,101.69491553672316
2054,NGFS2023GCAM_NZ2050,Global,Power,NuclearCap,price,$/MWh,101.69491553672316
2054,NGFS2023GCAM_LD,Global,Power,NuclearCap,price,$/MWh,101.69491553672316
2054,NGFS2023GCAM_B2DS,Global,Power,NuclearCap,price,$/MWh,101.69491553672316
2054,NGFS2023GCAM_DT,Global,Power,NuclearCap,price,$/MWh,101.69491553672316
2054,NGFS2023REMIND_NZ2050,Global,Power,NuclearCap,price,$/MWh,101.69491553672316
2054,NGFS2023REMIND_LD,Global,Power,NuclearCap,price,$/MWh,101.69491553672316
2054,NGFS2023REMIND_B2DS,Global,Power,NuclearCap,price,$/MWh,101.69491553672316
2054,NGFS2023REMIND_DT,Global,Power,NuclearCap,price,$/MWh,101.69491553672316
2054,NGFS2023MESSAGE_NZ2050,Global,Power,NuclearCap,price,$/MWh,101.69491553672316
2054,NGFS2023MESSAGE_LD,Global,Power,NuclearCap,price,$/MWh,101.69491553672316
2054,NGFS2023MESSAGE_B2DS,Global,Power,NuclearCap,price,$/MWh,101.69491553672316
2054,NGFS2023MESSAGE_DT,Global,Power,NuclearCap,price,$/MWh,101.69491553672316
2055,NGFS2023GCAM_NZ2050,Global,Power,NuclearCap,price,$/MWh,101.69491553672316
2055,NGFS2023GCAM_LD,Global,Power,NuclearCap,price,$/MWh,101.69491553672316
2055,NGFS2023GCAM_B2DS,Global,Power,NuclearCap,price,$/MWh,101.69491553672316
2055,NGFS2023GCAM_DT,Global,Power,NuclearCap,price,$/MWh,101.69491553672316
2055,NGFS2023REMIND_NZ2050,Global,Power,NuclearCap,price,$/MWh,101.69491553672316
2055,NGFS2023REMIND_LD,Global,Power,NuclearCap,price,$/MWh,101.69491553672316
2055,NGFS2023REMIND_B2DS,Global,Power,NuclearCap,price,$/MWh,101.69491553672316
2055,NGFS2023REMIND_DT,Global,Power,NuclearCap,price,$/MWh,101.69491553672316
2055,NGFS2023MESSAGE_NZ2050,Global,Power,NuclearCap,price,$/MWh,101.69491553672316
2055,NGFS2023MESSAGE_LD,Global,Power,NuclearCap,price,$/MWh,101.69491553672316
2055,NGFS2023MESSAGE_B2DS,Global,Power,NuclearCap,price,$/MWh,101.69491553672316
2055,NGFS2023MESSAGE_DT,Global,Power,NuclearCap,price,$/MWh,101.69491553672316
2056,NGFS2023GCAM_NZ2050,Global,Power,NuclearCap,price,$/MWh,101.69491553672316
2056,NGFS2023GCAM_LD,Global,Power,NuclearCap,price,$/MWh,101.69491553672316
2056,NGFS2023GCAM_B2DS,Global,Power,NuclearCap,price,$/MWh,101.69491553672316
2056,NGFS2023GCAM_DT,Global,Power,NuclearCap,price,$/MWh,101.69491553672316
2056,NGFS2023REMIND_NZ2050,Global,Power,NuclearCap,price,$/MWh,101.69491553672316
2056,NGFS2023REMIND_LD,Global,Power,NuclearCap,price,$/MWh,101.69491553672316
2056,NGFS2023REMIND_B2DS,Global,Power,NuclearCap,price,$/MWh,101.69491553672316
2056,NGFS2023REMIND_DT,Global,Power,NuclearCap,price,$/MWh,101.69491553672316
2056,NGFS2023MESSAGE_NZ2050,Global,Power,NuclearCap,price,$/MWh,101.69491553672316
2056,NGFS2023MESSAGE_LD,Global,Power,NuclearCap,price,$/MWh,101.69491553672316
2056,NGFS2023MESSAGE_B2DS,Global,Power,NuclearCap,price,$/MWh,101.69491553672316
2056,NGFS2023MESSAGE_DT,Global,Power,NuclearCap,price,$/MWh,101.69491553672316
2057,NGFS2023GCAM_NZ2050,Global,Power,NuclearCap,price,$/MWh,101.69491553672316
2057,NGFS2023GCAM_LD,Global,Power,NuclearCap,price,$/MWh,101.69491553672316
2057,NGFS2023GCAM_B2DS,Global,Power,NuclearCap,price,$/MWh,101.69491553672316
2057,NGFS2023GCAM_DT,Global,Power,NuclearCap,price,$/MWh,101.69491553672316
2057,NGFS2023REMIND_NZ2050,Global,Power,NuclearCap,price,$/MWh,101.69491553672316
2057,NGFS2023REMIND_LD,Global,Power,NuclearCap,price,$/MWh,101.69491553672316
2057,NGFS2023REMIND_B2DS,Global,Power,NuclearCap,price,$/MWh,101.69491553672316
2057,NGFS2023REMIND_DT,Global,Power,NuclearCap,price,$/MWh,101.69491553672316
2057,NGFS2023MESSAGE_NZ2050,Global,Power,NuclearCap,price,$/MWh,101.69491553672316
2057,NGFS2023MESSAGE_LD,Global,Power,NuclearCap,price,$/MWh,101.69491553672316
2057,NGFS2023MESSAGE_B2DS,Global,Power,NuclearCap,price,$/MWh,101.69491553672316
2057,NGFS2023MESSAGE_DT,Global,Power,NuclearCap,price,$/MWh,101.69491553672316
2058,NGFS2023GCAM_NZ2050,Global,Power,NuclearCap,price,$/MWh,101.69491553672316
2058,NGFS2023GCAM_LD,Global,Power,NuclearCap,price,$/MWh,101.69491553672316
2058,NGFS2023GCAM_B2DS,Global,Power,NuclearCap,price,$/MWh,101.69491553672316
2058,NGFS2023GCAM_DT,Global,Power,NuclearCap,price,$/MWh,101.69491553672316
2058,NGFS2023REMIND_NZ2050,Global,Power,NuclearCap,price,$/MWh,101.69491553672316
2058,NGFS2023REMIND_LD,Global,Power,NuclearCap,price,$/MWh,101.69491553672316
2058,NGFS2023REMIND_B2DS,Global,Power,NuclearCap,price,$/MWh,101.69491553672316
2058,NGFS2023REMIND_DT,Global,Power,NuclearCap,price,$/MWh,101.69491553672316
2058,NGFS2023MESSAGE_NZ2050,Global,Power,NuclearCap,price,$/MWh,101.69491553672316
2058,NGFS2023MESSAGE_LD,Global,Power,NuclearCap,price,$/MWh,101.69491553672316
2058,NGFS2023MESSAGE_B2DS,Global,Power,NuclearCap,price,$/MWh,101.69491553672316
2058,NGFS2023MESSAGE_DT,Global,Power,NuclearCap,price,$/MWh,101.69491553672316
2059,NGFS2023GCAM_NZ2050,Global,Power,NuclearCap,price,$/MWh,101.69491553672316
2059,NGFS2023GCAM_LD,Global,Power,NuclearCap,price,$/MWh,101.69491553672316
2059,NGFS2023GCAM_B2DS,Global,Power,NuclearCap,price,$/MWh,101.69491553672316
2059,NGFS2023GCAM_DT,Global,Power,NuclearCap,price,$/MWh,101.69491553672316
2059,NGFS2023REMIND_NZ2050,Global,Power,NuclearCap,price,$/MWh,101.69491553672316
2059,NGFS2023REMIND_LD,Global,Power,NuclearCap,price,$/MWh,101.69491553672316
2059,NGFS2023REMIND_B2DS,Global,Power,NuclearCap,price,$/MWh,101.69491553672316
2059,NGFS2023REMIND_DT,Global,Power,NuclearCap,price,$/MWh,101.69491553672316
2059,NGFS2023MESSAGE_NZ2050,Global,Power,NuclearCap,price,$/MWh,101.69491553672316
2059,NGFS2023MESSAGE_LD,Global,Power,NuclearCap,price,$/MWh,101.69491553672316
2059,NGFS2023MESSAGE_B2DS,Global,Power,NuclearCap,price,$/MWh,101.69491553672316
2059,NGFS2023MESSAGE_DT,Global,Power,NuclearCap,price,$/MWh,101.69491553672316
2060,NGFS2023GCAM_NZ2050,Global,Power,NuclearCap,price,$/MWh,101.69491553672316
2060,NGFS2023GCAM_LD,Global,Power,NuclearCap,price,$/MWh,101.69491553672316
2060,NGFS2023GCAM_B2DS,Global,Power,NuclearCap,price,$/MWh,101.69491553672316
2060,NGFS2023GCAM_DT,Global,Power,NuclearCap,price,$/MWh,101.69491553672316
2060,NGFS2023REMIND_NZ2050,Global,Power,NuclearCap,price,$/MWh,101.69491553672316
2060,NGFS2023REMIND_LD,Global,Power,NuclearCap,price,$/MWh,101.69491553672316
2060,NGFS2023REMIND_B2DS,Global,Power,NuclearCap,price,$/MWh,101.69491553672316
2060,NGFS2023REMIND_DT,Global,Power,NuclearCap,price,$/MWh,101.69491553672316
2060,NGFS2023MESSAGE_NZ2050,Global,Power,NuclearCap,price,$/MWh,101.69491553672316
2060,NGFS2023MESSAGE_LD,Global,Power,NuclearCap,price,$/MWh,101.69491553672316
2060,NGFS2023MESSAGE_B2DS,Global,Power,NuclearCap,price,$/MWh,101.69491553672316
2060,NGFS2023MESSAGE_DT,Global,Power,NuclearCap,price,$/MWh,101.69491553672316
2061,NGFS2023GCAM_NZ2050,Global,Power,NuclearCap,price,$/MWh,101.69491553672316
2061,NGFS2023GCAM_LD,Global,Power,NuclearCap,price,$/MWh,101.69491553672316
2061,NGFS2023GCAM_B2DS,Global,Power,NuclearCap,price,$/MWh,101.69491553672316
2061,NGFS2023GCAM_DT,Global,Power,NuclearCap,price,$/MWh,101.69491553672316
2061,NGFS2023REMIND_NZ2050,Global,Power,NuclearCap,price,$/MWh,101.69491553672316
2061,NGFS2023REMIND_LD,Global,Power,NuclearCap,price,$/MWh,101.69491553672316
2061,NGFS2023REMIND_B2DS,Global,Power,NuclearCap,price,$/MWh,101.69491553672316
2061,NGFS2023REMIND_DT,Global,Power,NuclearCap,price,$/MWh,101.69491553672316
2061,NGFS2023MESSAGE_NZ2050,Global,Power,NuclearCap,price,$/MWh,101.69491553672316
2061,NGFS2023MESSAGE_LD,Global,Power,NuclearCap,price,$/MWh,101.69491553672316
2061,NGFS2023MESSAGE_B2DS,Global,Power,NuclearCap,price,$/MWh,101.69491553672316
2061,NGFS2023MESSAGE_DT,Global,Power,NuclearCap,price,$/MWh,101.69491553672316
2062,NGFS2023GCAM_NZ2050,Global,Power,NuclearCap,price,$/MWh,101.69491553672316
2062,NGFS2023GCAM_LD,Global,Power,NuclearCap,price,$/MWh,101.69491553672316
2062,NGFS2023GCAM_B2DS,Global,Power,NuclearCap,price,$/MWh,101.69491553672316
2062,NGFS2023GCAM_DT,Global,Power,NuclearCap,price,$/MWh,101.69491553672316
2062,NGFS2023REMIND_NZ2050,Global,Power,NuclearCap,price,$/MWh,101.69491553672316
2062,NGFS2023REMIND_LD,Global,Power,NuclearCap,price,$/MWh,101.69491553672316
2062,NGFS2023REMIND_B2DS,Global,Power,NuclearCap,price,$/MWh,101.69491553672316
2062,NGFS2023REMIND_DT,Global,Power,NuclearCap,price,$/MWh,101.69491553672316
2062,NGFS2023MESSAGE_NZ2050,Global,Power,NuclearCap,price,$/MWh,101.69491553672316
2062,NGFS2023MESSAGE_LD,Global,Power,NuclearCap,price,$/MWh,101.69491553672316
2062,NGFS2023MESSAGE_B2DS,Global,Power,NuclearCap,price,$/MWh,101.69491553672316
2062,NGFS2023MESSAGE_DT,Global,Power,NuclearCap,price,$/MWh,101.69491553672316
2063,NGFS2023GCAM_NZ2050,Global,Power,NuclearCap,price,$/MWh,101.69491553672316
2063,NGFS2023GCAM_LD,Global,Power,NuclearCap,price,$/MWh,101.69491553672316
2063,NGFS2023GCAM_B2DS,Global,Power,NuclearCap,price,$/MWh,101.69491553672316
2063,NGFS2023GCAM_DT,Global,Power,NuclearCap,price,$/MWh,101.69491553672316
2063,NGFS2023REMIND_NZ2050,Global,Power,NuclearCap,price,$/MWh,101.69491553672316
2063,NGFS2023REMIND_LD,Global,Power,NuclearCap,price,$/MWh,101.69491553672316
2063,NGFS2023REMIND_B2DS,Global,Power,NuclearCap,price,$/MWh,101.69491553672316
2063,NGFS2023REMIND_DT,Global,Power,NuclearCap,price,$/MWh,101.69491553672316
2063,NGFS2023MESSAGE_NZ2050,Global,Power,NuclearCap,price,$/MWh,101.69491553672316
2063,NGFS2023MESSAGE_LD,Global,Power,NuclearCap,price,$/MWh,101.69491553672316
2063,NGFS2023MESSAGE_B2DS,Global,Power,NuclearCap,price,$/MWh,101.69491553672316
2063,NGFS2023MESSAGE_DT,Global,Power,NuclearCap,price,$/MWh,101.69491553672316
2064,NGFS2023GCAM_NZ2050,Global,Power,NuclearCap,price,$/MWh,101.69491553672316
2064,NGFS2023GCAM_LD,Global,Power,NuclearCap,price,$/MWh,101.69491553672316
2064,NGFS2023GCAM_B2DS,Global,Power,NuclearCap,price,$/MWh,101.69491553672316
2064,NGFS2023GCAM_DT,Global,Power,NuclearCap,price,$/MWh,101.69491553672316
2064,NGFS2023REMIND_NZ2050,Global,Power,NuclearCap,price,$/MWh,101.69491553672316
2064,NGFS2023REMIND_LD,Global,Power,NuclearCap,price,$/MWh,101.69491553672316
2064,NGFS2023REMIND_B2DS,Global,Power,NuclearCap,price,$/MWh,101.69491553672316
2064,NGFS2023REMIND_DT,Global,Power,NuclearCap,price,$/MWh,101.69491553672316
2064,NGFS2023MESSAGE_NZ2050,Global,Power,NuclearCap,price,$/MWh,101.69491553672316
2064,NGFS2023MESSAGE_LD,Global,Power,NuclearCap,price,$/MWh,101.69491553672316
2064,NGFS2023MESSAGE_B2DS,Global,Power,NuclearCap,price,$/MWh,101.69491553672316
2064,NGFS2023MESSAGE_DT,Global,Power,NuclearCap,price,$/MWh,101.69491553672316
2065,NGFS2023GCAM_NZ2050,Global,Power,NuclearCap,price,$/MWh,101.69491553672316
2065,NGFS2023GCAM_LD,Global,Power,NuclearCap,price,$/MWh,101.69491553672316
2065,NGFS2023GCAM_B2DS,Global,Power,NuclearCap,price,$/MWh,101.69491553672316
2065,NGFS2023GCAM_DT,Global,Power,NuclearCap,price,$/MWh,101.69491553672316
2065,NGFS2023REMIND_NZ2050,Global,Power,NuclearCap,price,$/MWh,101.69491553672316
2065,NGFS2023REMIND_LD,Global,Power,NuclearCap,price,$/MWh,101.69491553672316
2065,NGFS2023REMIND_B2DS,Global,Power,NuclearCap,price,$/MWh,101.69491553672316
2065,NGFS2023REMIND_DT,Global,Power,NuclearCap,price,$/MWh,101.69491553672316
2065,NGFS2023MESSAGE_NZ2050,Global,Power,NuclearCap,price,$/MWh,101.69491553672316
2065,NGFS2023MESSAGE_LD,Global,Power,NuclearCap,price,$/MWh,101.69491553672316
2065,NGFS2023MESSAGE_B2DS,Global,Power,NuclearCap,price,$/MWh,101.69491553672316
2065,NGFS2023MESSAGE_DT,Global,Power,NuclearCap,price,$/MWh,101.69491553672316
2066,NGFS2023GCAM_NZ2050,Global,Power,NuclearCap,price,$/MWh,101.69491553672316
2066,NGFS2023GCAM_LD,Global,Power,NuclearCap,price,$/MWh,101.69491553672316
2066,NGFS2023GCAM_B2DS,Global,Power,NuclearCap,price,$/MWh,101.69491553672316
2066,NGFS2023GCAM_DT,Global,Power,NuclearCap,price,$/MWh,101.69491553672316
2066,NGFS2023REMIND_NZ2050,Global,Power,NuclearCap,price,$/MWh,101.69491553672316
2066,NGFS2023REMIND_LD,Global,Power,NuclearCap,price,$/MWh,101.69491553672316
2066,NGFS2023REMIND_B2DS,Global,Power,NuclearCap,price,$/MWh,101.69491553672316
2066,NGFS2023REMIND_DT,Global,Power,NuclearCap,price,$/MWh,101.69491553672316
2066,NGFS2023MESSAGE_NZ2050,Global,Power,NuclearCap,price,$/MWh,101.69491553672316
2066,NGFS2023MESSAGE_LD,Global,Power,NuclearCap,price,$/MWh,101.69491553672316
2066,NGFS2023MESSAGE_B2DS,Global,Power,NuclearCap,price,$/MWh,101.69491553672316
2066,NGFS2023MESSAGE_DT,Global,Power,NuclearCap,price,$/MWh,101.69491553672316
2067,NGFS2023GCAM_NZ2050,Global,Power,NuclearCap,price,$/MWh,101.69491553672316
2067,NGFS2023GCAM_LD,Global,Power,NuclearCap,price,$/MWh,101.69491553672316
2067,NGFS2023GCAM_B2DS,Global,Power,NuclearCap,price,$/MWh,101.69491553672316
2067,NGFS2023GCAM_DT,Global,Power,NuclearCap,price,$/MWh,101.69491553672316
2067,NGFS2023REMIND_NZ2050,Global,Power,NuclearCap,price,$/MWh,101.69491553672316
2067,NGFS2023REMIND_LD,Global,Power,NuclearCap,price,$/MWh,101.69491553672316
2067,NGFS2023REMIND_B2DS,Global,Power,NuclearCap,price,$/MWh,101.69491553672316
2067,NGFS2023REMIND_DT,Global,Power,NuclearCap,price,$/MWh,101.69491553672316
2067,NGFS2023MESSAGE_NZ2050,Global,Power,NuclearCap,price,$/MWh,101.69491553672316
2067,NGFS2023MESSAGE_LD,Global,Power,NuclearCap,price,$/MWh,101.69491553672316
2067,NGFS2023MESSAGE_B2DS,Global,Power,NuclearCap,price,$/MWh,101.69491553672316
2067,NGFS2023MESSAGE_DT,Global,Power,NuclearCap,price,$/MWh,101.69491553672316
2068,NGFS2023GCAM_NZ2050,Global,Power,NuclearCap,price,$/MWh,101.69491553672316
2068,NGFS2023GCAM_LD,Global,Power,NuclearCap,price,$/MWh,101.69491553672316
2068,NGFS2023GCAM_B2DS,Global,Power,NuclearCap,price,$/MWh,101.69491553672316
2068,NGFS2023GCAM_DT,Global,Power,NuclearCap,price,$/MWh,101.69491553672316
2068,NGFS2023REMIND_NZ2050,Global,Power,NuclearCap,price,$/MWh,101.69491553672316
2068,NGFS2023REMIND_LD,Global,Power,NuclearCap,price,$/MWh,101.69491553672316
2068,NGFS2023REMIND_B2DS,Global,Power,NuclearCap,price,$/MWh,101.69491553672316
2068,NGFS2023REMIND_DT,Global,Power,NuclearCap,price,$/MWh,101.69491553672316
2068,NGFS2023MESSAGE_NZ2050,Global,Power,NuclearCap,price,$/MWh,101.69491553672316
2068,NGFS2023MESSAGE_LD,Global,Power,NuclearCap,price,$/MWh,101.69491553672316
2068,NGFS2023MESSAGE_B2DS,Global,Power,NuclearCap,price,$/MWh,101.69491553672316
2068,NGFS2023MESSAGE_DT,Global,Power,NuclearCap,price,$/MWh,101.69491553672316
2069,NGFS2023GCAM_NZ2050,Global,Power,NuclearCap,price,$/MWh,101.69491553672316
2069,NGFS2023GCAM_LD,Global,Power,NuclearCap,price,$/MWh,101.69491553672316
2069,NGFS2023GCAM_B2DS,Global,Power,NuclearCap,price,$/MWh,101.69491553672316
2069,NGFS2023GCAM_DT,Global,Power,NuclearCap,price,$/MWh,101.69491553672316
2069,NGFS2023REMIND_NZ2050,Global,Power,NuclearCap,price,$/MWh,101.69491553672316
2069,NGFS2023REMIND_LD,Global,Power,NuclearCap,price,$/MWh,101.69491553672316
2069,NGFS2023REMIND_B2DS,Global,Power,NuclearCap,price,$/MWh,101.69491553672316
2069,NGFS2023REMIND_DT,Global,Power,NuclearCap,price,$/MWh,101.69491553672316
2069,NGFS2023MESSAGE_NZ2050,Global,Power,NuclearCap,price,$/MWh,101.69491553672316
2069,NGFS2023MESSAGE_LD,Global,Power,NuclearCap,price,$/MWh,101.69491553672316
2069,NGFS2023MESSAGE_B2DS,Global,Power,NuclearCap,price,$/MWh,101.69491553672316
2069,NGFS2023MESSAGE_DT,Global,Power,NuclearCap,price,$/MWh,101.69491553672316
2022,NGFS2023GCAM_NZ2050,Global,Power,OilCap,price,$/MWh,62.85369299435028
2022,NGFS2023GCAM_LD,Global,Power,OilCap,price,$/MWh,62.85369299435028
2022,NGFS2023GCAM_B2DS,Global,Power,OilCap,price,$/MWh,62.85369299435028
2022,NGFS2023GCAM_DT,Global,Power,OilCap,price,$/MWh,62.85369299435028
2022,NGFS2023REMIND_NZ2050,Global,Power,OilCap,price,$/MWh,62.85369299435028
2022,NGFS2023REMIND_LD,Global,Power,OilCap,price,$/MWh,62.85369299435028
2022,NGFS2023REMIND_B2DS,Global,Power,OilCap,price,$/MWh,62.85369299435028
2022,NGFS2023REMIND_DT,Global,Power,OilCap,price,$/MWh,62.85369299435028
2022,NGFS2023MESSAGE_NZ2050,Global,Power,OilCap,price,$/MWh,62.85369299435028
2022,NGFS2023MESSAGE_LD,Global,Power,OilCap,price,$/MWh,62.85369299435028
2022,NGFS2023MESSAGE_B2DS,Global,Power,OilCap,price,$/MWh,62.85369299435028
2022,NGFS2023MESSAGE_DT,Global,Power,OilCap,price,$/MWh,62.85369299435028
2023,NGFS2023GCAM_NZ2050,Global,Power,OilCap,price,$/MWh,62.13181824430379
2023,NGFS2023GCAM_LD,Global,Power,OilCap,price,$/MWh,62.13181824430379
2023,NGFS2023GCAM_B2DS,Global,Power,OilCap,price,$/MWh,62.13181824430379
2023,NGFS2023GCAM_DT,Global,Power,OilCap,price,$/MWh,62.13181824430379
2023,NGFS2023REMIND_NZ2050,Global,Power,OilCap,price,$/MWh,62.13181824430379
2023,NGFS2023REMIND_LD,Global,Power,OilCap,price,$/MWh,62.13181824430379
2023,NGFS2023REMIND_B2DS,Global,Power,OilCap,price,$/MWh,62.13181824430379
2023,NGFS2023REMIND_DT,Global,Power,OilCap,price,$/MWh,62.13181824430379
2023,NGFS2023MESSAGE_NZ2050,Global,Power,OilCap,price,$/MWh,62.13181824430379
2023,NGFS2023MESSAGE_LD,Global,Power,OilCap,price,$/MWh,62.13181824430379
2023,NGFS2023MESSAGE_B2DS,Global,Power,OilCap,price,$/MWh,62.13181824430379
2023,NGFS2023MESSAGE_DT,Global,Power,OilCap,price,$/MWh,62.13181824430379
2024,NGFS2023GCAM_NZ2050,Global,Power,OilCap,price,$/MWh,61.54106547561286
2024,NGFS2023GCAM_LD,Global,Power,OilCap,price,$/MWh,61.54106547561286
2024,NGFS2023GCAM_B2DS,Global,Power,OilCap,price,$/MWh,61.54106547561286
2024,NGFS2023GCAM_DT,Global,Power,OilCap,price,$/MWh,61.54106547561286
2024,NGFS2023REMIND_NZ2050,Global,Power,OilCap,price,$/MWh,61.54106547561286
2024,NGFS2023REMIND_LD,Global,Power,OilCap,price,$/MWh,61.54106547561286
2024,NGFS2023REMIND_B2DS,Global,Power,OilCap,price,$/MWh,61.54106547561286
2024,NGFS2023REMIND_DT,Global,Power,OilCap,price,$/MWh,61.54106547561286
2024,NGFS2023MESSAGE_NZ2050,Global,Power,OilCap,price,$/MWh,61.54106547561286
2024,NGFS2023MESSAGE_LD,Global,Power,OilCap,price,$/MWh,61.54106547561286
2024,NGFS2023MESSAGE_B2DS,Global,Power,OilCap,price,$/MWh,61.54106547561286
2024,NGFS2023MESSAGE_DT,Global,Power,OilCap,price,$/MWh,61.54106547561286
2025,NGFS2023GCAM_NZ2050,Global,Power,OilCap,price,$/MWh,61.05673416017218
2025,NGFS2023GCAM_LD,Global,Power,OilCap,price,$/MWh,61.05673416017218
2025,NGFS2023GCAM_B2DS,Global,Power,OilCap,price,$/MWh,61.05673416017218
2025,NGFS2023GCAM_DT,Global,Power,OilCap,price,$/MWh,61.05673416017218
2025,NGFS2023REMIND_NZ2050,Global,Power,OilCap,price,$/MWh,61.05673416017218
2025,NGFS2023REMIND_LD,Global,Power,OilCap,price,$/MWh,61.05673416017218
2025,NGFS2023REMIND_B2DS,Global,Power,OilCap,price,$/MWh,61.05673416017218
2025,NGFS2023REMIND_DT,Global,Power,OilCap,price,$/MWh,61.05673416017218
2025,NGFS2023MESSAGE_NZ2050,Global,Power,OilCap,price,$/MWh,61.05673416017218
2025,NGFS2023MESSAGE_LD,Global,Power,OilCap,price,$/MWh,61.05673416017218
2025,NGFS2023MESSAGE_B2DS,Global,Power,OilCap,price,$/MWh,61.05673416017218
2025,NGFS2023MESSAGE_DT,Global,Power,OilCap,price,$/MWh,61.05673416017218
2026,NGFS2023GCAM_NZ2050,Global,Power,OilCap,price,$/MWh,60.65905294306617
2026,NGFS2023GCAM_LD,Global,Power,OilCap,price,$/MWh,60.65905294306617
2026,NGFS2023GCAM_B2DS,Global,Power,OilCap,price,$/MWh,60.65905294306617
2026,NGFS2023GCAM_DT,Global,Power,OilCap,price,$/MWh,60.65905294306617
2026,NGFS2023REMIND_NZ2050,Global,Power,OilCap,price,$/MWh,60.65905294306617
2026,NGFS2023REMIND_LD,Global,Power,OilCap,price,$/MWh,60.65905294306617
2026,NGFS2023REMIND_B2DS,Global,Power,OilCap,price,$/MWh,60.65905294306617
2026,NGFS2023REMIND_DT,Global,Power,OilCap,price,$/MWh,60.65905294306617
2026,NGFS2023MESSAGE_NZ2050,Global,Power,OilCap,price,$/MWh,60.65905294306617
2026,NGFS2023MESSAGE_LD,Global,Power,OilCap,price,$/MWh,60.65905294306617
2026,NGFS2023MESSAGE_B2DS,Global,Power,OilCap,price,$/MWh,60.65905294306617
2026,NGFS2023MESSAGE_DT,Global,Power,OilCap,price,$/MWh,60.65905294306617
2027,NGFS2023GCAM_NZ2050,Global,Power,OilCap,price,$/MWh,60.33211157474872
2027,NGFS2023GCAM_LD,Global,Power,OilCap,price,$/MWh,60.33211157474872
2027,NGFS2023GCAM_B2DS,Global,Power,OilCap,price,$/MWh,60.33211157474872
2027,NGFS2023GCAM_DT,Global,Power,OilCap,price,$/MWh,60.33211157474872
2027,NGFS2023REMIND_NZ2050,Global,Power,OilCap,price,$/MWh,60.33211157474872
2027,NGFS2023REMIND_LD,Global,Power,OilCap,price,$/MWh,60.33211157474872
2027,NGFS2023REMIND_B2DS,Global,Power,OilCap,price,$/MWh,60.33211157474872
2027,NGFS2023REMIND_DT,Global,Power,OilCap,price,$/MWh,60.33211157474872
2027,NGFS2023MESSAGE_NZ2050,Global,Power,OilCap,price,$/MWh,60.33211157474872
2027,NGFS2023MESSAGE_LD,Global,Power,OilCap,price,$/MWh,60.33211157474872
2027,NGFS2023MESSAGE_B2DS,Global,Power,OilCap,price,$/MWh,60.33211157474872
2027,NGFS2023MESSAGE_DT,Global,Power,OilCap,price,$/MWh,60.33211157474872
2028,NGFS2023GCAM_NZ2050,Global,Power,OilCap,price,$/MWh,60.06304909395892
2028,NGFS2023GCAM_LD,Global,Power,OilCap,price,$/MWh,60.06304909395892
2028,NGFS2023GCAM_B2DS,Global,Power,OilCap,price,$/MWh,60.06304909395892
2028,NGFS2023GCAM_DT,Global,Power,OilCap,price,$/MWh,60.06304909395892
2028,NGFS2023REMIND_NZ2050,Global,Power,OilCap,price,$/MWh,60.06304909395892
2028,NGFS2023REMIND_LD,Global,Power,OilCap,price,$/MWh,60.06304909395892
2028,NGFS2023REMIND_B2DS,Global,Power,OilCap,price,$/MWh,60.06304909395892
2028,NGFS2023REMIND_DT,Global,Power,OilCap,price,$/MWh,60.06304909395892
2028,NGFS2023MESSAGE_NZ2050,Global,Power,OilCap,price,$/MWh,60.06304909395892
2028,NGFS2023MESSAGE_LD,Global,Power,OilCap,price,$/MWh,60.06304909395892
2028,NGFS2023MESSAGE_B2DS,Global,Power,OilCap,price,$/MWh,60.06304909395892
2028,NGFS2023MESSAGE_DT,Global,Power,OilCap,price,$/MWh,60.06304909395892
2029,NGFS2023GCAM_NZ2050,Global,Power,OilCap,price,$/MWh,59.84142992890016
2029,NGFS2023GCAM_LD,Global,Power,OilCap,price,$/MWh,59.84142992890016
2029,NGFS2023GCAM_B2DS,Global,Power,OilCap,price,$/MWh,59.84142992890016
2029,NGFS2023GCAM_DT,Global,Power,OilCap,price,$/MWh,59.84142992890016
2029,NGFS2023REMIND_NZ2050,Global,Power,OilCap,price,$/MWh,59.84142992890016
2029,NGFS2023REMIND_LD,Global,Power,OilCap,price,$/MWh,59.84142992890016
2029,NGFS2023REMIND_B2DS,Global,Power,OilCap,price,$/MWh,59.84142992890016
2029,NGFS2023REMIND_DT,Global,Power,OilCap,price,$/MWh,59.84142992890016
2029,NGFS2023MESSAGE_NZ2050,Global,Power,OilCap,price,$/MWh,59.84142992890016
2029,NGFS2023MESSAGE_LD,Global,Power,OilCap,price,$/MWh,59.84142992890016
2029,NGFS2023MESSAGE_B2DS,Global,Power,OilCap,price,$/MWh,59.84142992890016
2029,NGFS2023MESSAGE_DT,Global,Power,OilCap,price,$/MWh,59.84142992890016
2030,NGFS2023GCAM_NZ2050,Global,Power,OilCap,price,$/MWh,59.65875950917725
2030,NGFS2023GCAM_LD,Global,Power,OilCap,price,$/MWh,59.65875950917725
2030,NGFS2023GCAM_B2DS,Global,Power,OilCap,price,$/MWh,59.65875950917725
2030,NGFS2023GCAM_DT,Global,Power,OilCap,price,$/MWh,59.65875950917725
2030,NGFS2023REMIND_NZ2050,Global,Power,OilCap,price,$/MWh,59.65875950917725
2030,NGFS2023REMIND_LD,Global,Power,OilCap,price,$/MWh,59.65875950917725
2030,NGFS2023REMIND_B2DS,Global,Power,OilCap,price,$/MWh,59.65875950917725
2030,NGFS2023REMIND_DT,Global,Power,OilCap,price,$/MWh,59.65875950917725
2030,NGFS2023MESSAGE_NZ2050,Global,Power,OilCap,price,$/MWh,59.65875950917725
2030,NGFS2023MESSAGE_LD,Global,Power,OilCap,price,$/MWh,59.65875950917725
2030,NGFS2023MESSAGE_B2DS,Global,Power,OilCap,price,$/MWh,59.65875950917725
2030,NGFS2023MESSAGE_DT,Global,Power,OilCap,price,$/MWh,59.65875950917725
2031,NGFS2023GCAM_NZ2050,Global,Power,OilCap,price,$/MWh,59.50810476520781
2031,NGFS2023GCAM_LD,Global,Power,OilCap,price,$/MWh,59.50810476520781
2031,NGFS2023GCAM_B2DS,Global,Power,OilCap,price,$/MWh,59.50810476520781
2031,NGFS2023GCAM_DT,Global,Power,OilCap,price,$/MWh,59.50810476520781
2031,NGFS2023REMIND_NZ2050,Global,Power,OilCap,price,$/MWh,59.50810476520781
2031,NGFS2023REMIND_LD,Global,Power,OilCap,price,$/MWh,59.50810476520781
2031,NGFS2023REMIND_B2DS,Global,Power,OilCap,price,$/MWh,59.50810476520781
2031,NGFS2023REMIND_DT,Global,Power,OilCap,price,$/MWh,59.50810476520781
2031,NGFS2023MESSAGE_NZ2050,Global,Power,OilCap,price,$/MWh,59.50810476520781
2031,NGFS2023MESSAGE_LD,Global,Power,OilCap,price,$/MWh,59.50810476520781
2031,NGFS2023MESSAGE_B2DS,Global,Power,OilCap,price,$/MWh,59.50810476520781
2031,NGFS2023MESSAGE_DT,Global,Power,OilCap,price,$/MWh,59.50810476520781
2032,NGFS2023GCAM_NZ2050,Global,Power,OilCap,price,$/MWh,59.38379444268135
2032,NGFS2023GCAM_LD,Global,Power,OilCap,price,$/MWh,59.38379444268135
2032,NGFS2023GCAM_B2DS,Global,Power,OilCap,price,$/MWh,59.38379444268135
2032,NGFS2023GCAM_DT,Global,Power,OilCap,price,$/MWh,59.38379444268135
2032,NGFS2023REMIND_NZ2050,Global,Power,OilCap,price,$/MWh,59.38379444268135
2032,NGFS2023REMIND_LD,Global,Power,OilCap,price,$/MWh,59.38379444268135
2032,NGFS2023REMIND_B2DS,Global,Power,OilCap,price,$/MWh,59.38379444268135
2032,NGFS2023REMIND_DT,Global,Power,OilCap,price,$/MWh,59.38379444268135
2032,NGFS2023MESSAGE_NZ2050,Global,Power,OilCap,price,$/MWh,59.38379444268135
2032,NGFS2023MESSAGE_LD,Global,Power,OilCap,price,$/MWh,59.38379444268135
2032,NGFS2023MESSAGE_B2DS,Global,Power,OilCap,price,$/MWh,59.38379444268135
2032,NGFS2023MESSAGE_DT,Global,Power,OilCap,price,$/MWh,59.38379444268135
2033,NGFS2023GCAM_NZ2050,Global,Power,OilCap,price,$/MWh,59.281180797367085
2033,NGFS2023GCAM_LD,Global,Power,OilCap,price,$/MWh,59.281180797367085
2033,NGFS2023GCAM_B2DS,Global,Power,OilCap,price,$/MWh,59.281180797367085
2033,NGFS2023GCAM_DT,Global,Power,OilCap,price,$/MWh,59.281180797367085
2033,NGFS2023REMIND_NZ2050,Global,Power,OilCap,price,$/MWh,59.281180797367085
2033,NGFS2023REMIND_LD,Global,Power,OilCap,price,$/MWh,59.281180797367085
2033,NGFS2023REMIND_B2DS,Global,Power,OilCap,price,$/MWh,59.281180797367085
2033,NGFS2023REMIND_DT,Global,Power,OilCap,price,$/MWh,59.281180797367085
2033,NGFS2023MESSAGE_NZ2050,Global,Power,OilCap,price,$/MWh,59.281180797367085
2033,NGFS2023MESSAGE_LD,Global,Power,OilCap,price,$/MWh,59.281180797367085
2033,NGFS2023MESSAGE_B2DS,Global,Power,OilCap,price,$/MWh,59.281180797367085
2033,NGFS2023MESSAGE_DT,Global,Power,OilCap,price,$/MWh,59.281180797367085
2034,NGFS2023GCAM_NZ2050,Global,Power,OilCap,price,$/MWh,59.19644898490565
2034,NGFS2023GCAM_LD,Global,Power,OilCap,price,$/MWh,59.19644898490565
2034,NGFS2023GCAM_B2DS,Global,Power,OilCap,price,$/MWh,59.19644898490565
2034,NGFS2023GCAM_DT,Global,Power,OilCap,price,$/MWh,59.19644898490565
2034,NGFS2023REMIND_NZ2050,Global,Power,OilCap,price,$/MWh,59.19644898490565
2034,NGFS2023REMIND_LD,Global,Power,OilCap,price,$/MWh,59.19644898490565
2034,NGFS2023REMIND_B2DS,Global,Power,OilCap,price,$/MWh,59.19644898490565
2034,NGFS2023REMIND_DT,Global,Power,OilCap,price,$/MWh,59.19644898490565
2034,NGFS2023MESSAGE_NZ2050,Global,Power,OilCap,price,$/MWh,59.19644898490565
2034,NGFS2023MESSAGE_LD,Global,Power,OilCap,price,$/MWh,59.19644898490565
2034,NGFS2023MESSAGE_B2DS,Global,Power,OilCap,price,$/MWh,59.19644898490565
2034,NGFS2023MESSAGE_DT,Global,Power,OilCap,price,$/MWh,59.19644898490565
2035,NGFS2023GCAM_NZ2050,Global,Power,OilCap,price,$/MWh,59.12646372373537
2035,NGFS2023GCAM_LD,Global,Power,OilCap,price,$/MWh,59.12646372373537
2035,NGFS2023GCAM_B2DS,Global,Power,OilCap,price,$/MWh,59.12646372373537
2035,NGFS2023GCAM_DT,Global,Power,OilCap,price,$/MWh,59.12646372373537
2035,NGFS2023REMIND_NZ2050,Global,Power,OilCap,price,$/MWh,59.12646372373537
2035,NGFS2023REMIND_LD,Global,Power,OilCap,price,$/MWh,59.12646372373537
2035,NGFS2023REMIND_B2DS,Global,Power,OilCap,price,$/MWh,59.12646372373537
2035,NGFS2023REMIND_DT,Global,Power,OilCap,price,$/MWh,59.12646372373537
2035,NGFS2023MESSAGE_NZ2050,Global,Power,OilCap,price,$/MWh,59.12646372373537
2035,NGFS2023MESSAGE_LD,Global,Power,OilCap,price,$/MWh,59.12646372373537
2035,NGFS2023MESSAGE_B2DS,Global,Power,OilCap,price,$/MWh,59.12646372373537
2035,NGFS2023MESSAGE_DT,Global,Power,OilCap,price,$/MWh,59.12646372373537
2036,NGFS2023GCAM_NZ2050,Global,Power,OilCap,price,$/MWh,59.06864549003239
2036,NGFS2023GCAM_LD,Global,Power,OilCap,price,$/MWh,59.06864549003239
2036,NGFS2023GCAM_B2DS,Global,Power,OilCap,price,$/MWh,59.06864549003239
2036,NGFS2023GCAM_DT,Global,Power,OilCap,price,$/MWh,59.06864549003239
2036,NGFS2023REMIND_NZ2050,Global,Power,OilCap,price,$/MWh,59.06864549003239
2036,NGFS2023REMIND_LD,Global,Power,OilCap,price,$/MWh,59.06864549003239
2036,NGFS2023REMIND_B2DS,Global,Power,OilCap,price,$/MWh,59.06864549003239
2036,NGFS2023REMIND_DT,Global,Power,OilCap,price,$/MWh,59.06864549003239
2036,NGFS2023MESSAGE_NZ2050,Global,Power,OilCap,price,$/MWh,59.06864549003239
2036,NGFS2023MESSAGE_LD,Global,Power,OilCap,price,$/MWh,59.06864549003239
2036,NGFS2023MESSAGE_B2DS,Global,Power,OilCap,price,$/MWh,59.06864549003239
2036,NGFS2023MESSAGE_DT,Global,Power,OilCap,price,$/MWh,59.06864549003239
2037,NGFS2023GCAM_NZ2050,Global,Power,OilCap,price,$/MWh,59.020870091847605
2037,NGFS2023GCAM_LD,Global,Power,OilCap,price,$/MWh,59.020870091847605
2037,NGFS2023GCAM_B2DS,Global,Power,OilCap,price,$/MWh,59.020870091847605
2037,NGFS2023GCAM_DT,Global,Power,OilCap,price,$/MWh,59.020870091847605
2037,NGFS2023REMIND_NZ2050,Global,Power,OilCap,price,$/MWh,59.020870091847605
2037,NGFS2023REMIND_LD,Global,Power,OilCap,price,$/MWh,59.020870091847605
2037,NGFS2023REMIND_B2DS,Global,Power,OilCap,price,$/MWh,59.020870091847605
2037,NGFS2023REMIND_DT,Global,Power,OilCap,price,$/MWh,59.020870091847605
2037,NGFS2023MESSAGE_NZ2050,Global,Power,OilCap,price,$/MWh,59.020870091847605
2037,NGFS2023MESSAGE_LD,Global,Power,OilCap,price,$/MWh,59.020870091847605
2037,NGFS2023MESSAGE_B2DS,Global,Power,OilCap,price,$/MWh,59.020870091847605
2037,NGFS2023MESSAGE_DT,Global,Power,OilCap,price,$/MWh,59.020870091847605
2038,NGFS2023GCAM_NZ2050,Global,Power,OilCap,price,$/MWh,58.98138703985392
2038,NGFS2023GCAM_LD,Global,Power,OilCap,price,$/MWh,58.98138703985392
2038,NGFS2023GCAM_B2DS,Global,Power,OilCap,price,$/MWh,58.98138703985392
2038,NGFS2023GCAM_DT,Global,Power,OilCap,price,$/MWh,58.98138703985392
2038,NGFS2023REMIND_NZ2050,Global,Power,OilCap,price,$/MWh,58.98138703985392
2038,NGFS2023REMIND_LD,Global,Power,OilCap,price,$/MWh,58.98138703985392
2038,NGFS2023REMIND_B2DS,Global,Power,OilCap,price,$/MWh,58.98138703985392
2038,NGFS2023REMIND_DT,Global,Power,OilCap,price,$/MWh,58.98138703985392
2038,NGFS2023MESSAGE_NZ2050,Global,Power,OilCap,price,$/MWh,58.98138703985392
2038,NGFS2023MESSAGE_LD,Global,Power,OilCap,price,$/MWh,58.98138703985392
2038,NGFS2023MESSAGE_B2DS,Global,Power,OilCap,price,$/MWh,58.98138703985392
2038,NGFS2023MESSAGE_DT,Global,Power,OilCap,price,$/MWh,58.98138703985392
2039,NGFS2023GCAM_NZ2050,Global,Power,OilCap,price,$/MWh,58.94875284594225
2039,NGFS2023GCAM_LD,Global,Power,OilCap,price,$/MWh,58.94875284594225
2039,NGFS2023GCAM_B2DS,Global,Power,OilCap,price,$/MWh,58.94875284594225
2039,NGFS2023GCAM_DT,Global,Power,OilCap,price,$/MWh,58.94875284594225
2039,NGFS2023REMIND_NZ2050,Global,Power,OilCap,price,$/MWh,58.94875284594225
2039,NGFS2023REMIND_LD,Global,Power,OilCap,price,$/MWh,58.94875284594225
2039,NGFS2023REMIND_B2DS,Global,Power,OilCap,price,$/MWh,58.94875284594225
2039,NGFS2023REMIND_DT,Global,Power,OilCap,price,$/MWh,58.94875284594225
2039,NGFS2023MESSAGE_NZ2050,Global,Power,OilCap,price,$/MWh,58.94875284594225
2039,NGFS2023MESSAGE_LD,Global,Power,OilCap,price,$/MWh,58.94875284594225
2039,NGFS2023MESSAGE_B2DS,Global,Power,OilCap,price,$/MWh,58.94875284594225
2039,NGFS2023MESSAGE_DT,Global,Power,OilCap,price,$/MWh,58.94875284594225
2040,NGFS2023GCAM_NZ2050,Global,Power,OilCap,price,$/MWh,58.92177664193161
2040,NGFS2023GCAM_LD,Global,Power,OilCap,price,$/MWh,58.92177664193161
2040,NGFS2023GCAM_B2DS,Global,Power,OilCap,price,$/MWh,58.92177664193161
2040,NGFS2023GCAM_DT,Global,Power,OilCap,price,$/MWh,58.92177664193161
2040,NGFS2023REMIND_NZ2050,Global,Power,OilCap,price,$/MWh,58.92177664193161
2040,NGFS2023REMIND_LD,Global,Power,OilCap,price,$/MWh,58.92177664193161
2040,NGFS2023REMIND_B2DS,Global,Power,OilCap,price,$/MWh,58.92177664193161
2040,NGFS2023REMIND_DT,Global,Power,OilCap,price,$/MWh,58.92177664193161
2040,NGFS2023MESSAGE_NZ2050,Global,Power,OilCap,price,$/MWh,58.92177664193161
2040,NGFS2023MESSAGE_LD,Global,Power,OilCap,price,$/MWh,58.92177664193161
2040,NGFS2023MESSAGE_B2DS,Global,Power,OilCap,price,$/MWh,58.92177664193161
2040,NGFS2023MESSAGE_DT,Global,Power,OilCap,price,$/MWh,58.92177664193161
2041,NGFS2023GCAM_NZ2050,Global,Power,OilCap,price,$/MWh,58.89947551057295
2041,NGFS2023GCAM_LD,Global,Power,OilCap,price,$/MWh,58.89947551057295
2041,NGFS2023GCAM_B2DS,Global,Power,OilCap,price,$/MWh,58.89947551057295
2041,NGFS2023GCAM_DT,Global,Power,OilCap,price,$/MWh,58.89947551057295
2041,NGFS2023REMIND_NZ2050,Global,Power,OilCap,price,$/MWh,58.89947551057295
2041,NGFS2023REMIND_LD,Global,Power,OilCap,price,$/MWh,58.89947551057295
2041,NGFS2023REMIND_B2DS,Global,Power,OilCap,price,$/MWh,58.89947551057295
2041,NGFS2023REMIND_DT,Global,Power,OilCap,price,$/MWh,58.89947551057295
2041,NGFS2023MESSAGE_NZ2050,Global,Power,OilCap,price,$/MWh,58.89947551057295
2041,NGFS2023MESSAGE_LD,Global,Power,OilCap,price,$/MWh,58.89947551057295
2041,NGFS2023MESSAGE_B2DS,Global,Power,OilCap,price,$/MWh,58.89947551057295
2041,NGFS2023MESSAGE_DT,Global,Power,OilCap,price,$/MWh,58.89947551057295
2042,NGFS2023GCAM_NZ2050,Global,Power,OilCap,price,$/MWh,58.88103792013392
2042,NGFS2023GCAM_LD,Global,Power,OilCap,price,$/MWh,58.88103792013392
2042,NGFS2023GCAM_B2DS,Global,Power,OilCap,price,$/MWh,58.88103792013392
2042,NGFS2023GCAM_DT,Global,Power,OilCap,price,$/MWh,58.88103792013392
2042,NGFS2023REMIND_NZ2050,Global,Power,OilCap,price,$/MWh,58.88103792013392
2042,NGFS2023REMIND_LD,Global,Power,OilCap,price,$/MWh,58.88103792013392
2042,NGFS2023REMIND_B2DS,Global,Power,OilCap,price,$/MWh,58.88103792013392
2042,NGFS2023REMIND_DT,Global,Power,OilCap,price,$/MWh,58.88103792013392
2042,NGFS2023MESSAGE_NZ2050,Global,Power,OilCap,price,$/MWh,58.88103792013392
2042,NGFS2023MESSAGE_LD,Global,Power,OilCap,price,$/MWh,58.88103792013392
2042,NGFS2023MESSAGE_B2DS,Global,Power,OilCap,price,$/MWh,58.88103792013392
2042,NGFS2023MESSAGE_DT,Global,Power,OilCap,price,$/MWh,58.88103792013392
2043,NGFS2023GCAM_NZ2050,Global,Power,OilCap,price,$/MWh,58.86579362094929
2043,NGFS2023GCAM_LD,Global,Power,OilCap,price,$/MWh,58.86579362094929
2043,NGFS2023GCAM_B2DS,Global,Power,OilCap,price,$/MWh,58.86579362094929
2043,NGFS2023GCAM_DT,Global,Power,OilCap,price,$/MWh,58.86579362094929
2043,NGFS2023REMIND_NZ2050,Global,Power,OilCap,price,$/MWh,58.86579362094929
2043,NGFS2023REMIND_LD,Global,Power,OilCap,price,$/MWh,58.86579362094929
2043,NGFS2023REMIND_B2DS,Global,Power,OilCap,price,$/MWh,58.86579362094929
2043,NGFS2023REMIND_DT,Global,Power,OilCap,price,$/MWh,58.86579362094929
2043,NGFS2023MESSAGE_NZ2050,Global,Power,OilCap,price,$/MWh,58.86579362094929
2043,NGFS2023MESSAGE_LD,Global,Power,OilCap,price,$/MWh,58.86579362094929
2043,NGFS2023MESSAGE_B2DS,Global,Power,OilCap,price,$/MWh,58.86579362094929
2043,NGFS2023MESSAGE_DT,Global,Power,OilCap,price,$/MWh,58.86579362094929
2044,NGFS2023GCAM_NZ2050,Global,Power,OilCap,price,$/MWh,58.85318892671253
2044,NGFS2023GCAM_LD,Global,Power,OilCap,price,$/MWh,58.85318892671253
2044,NGFS2023GCAM_B2DS,Global,Power,OilCap,price,$/MWh,58.85318892671253
2044,NGFS2023GCAM_DT,Global,Power,OilCap,price,$/MWh,58.85318892671253
2044,NGFS2023REMIND_NZ2050,Global,Power,OilCap,price,$/MWh,58.85318892671253
2044,NGFS2023REMIND_LD,Global,Power,OilCap,price,$/MWh,58.85318892671253
2044,NGFS2023REMIND_B2DS,Global,Power,OilCap,price,$/MWh,58.85318892671253
2044,NGFS2023REMIND_DT,Global,Power,OilCap,price,$/MWh,58.85318892671253
2044,NGFS2023MESSAGE_NZ2050,Global,Power,OilCap,price,$/MWh,58.85318892671253
2044,NGFS2023MESSAGE_LD,Global,Power,OilCap,price,$/MWh,58.85318892671253
2044,NGFS2023MESSAGE_B2DS,Global,Power,OilCap,price,$/MWh,58.85318892671253
2044,NGFS2023MESSAGE_DT,Global,Power,OilCap,price,$/MWh,58.85318892671253
2045,NGFS2023GCAM_NZ2050,Global,Power,OilCap,price,$/MWh,58.84276635044227
2045,NGFS2023GCAM_LD,Global,Power,OilCap,price,$/MWh,58.84276635044227
2045,NGFS2023GCAM_B2DS,Global,Power,OilCap,price,$/MWh,58.84276635044227
2045,NGFS2023GCAM_DT,Global,Power,OilCap,price,$/MWh,58.84276635044227
2045,NGFS2023REMIND_NZ2050,Global,Power,OilCap,price,$/MWh,58.84276635044227
2045,NGFS2023REMIND_LD,Global,Power,OilCap,price,$/MWh,58.84276635044227
2045,NGFS2023REMIND_B2DS,Global,Power,OilCap,price,$/MWh,58.84276635044227
2045,NGFS2023REMIND_DT,Global,Power,OilCap,price,$/MWh,58.84276635044227
2045,NGFS2023MESSAGE_NZ2050,Global,Power,OilCap,price,$/MWh,58.84276635044227
2045,NGFS2023MESSAGE_LD,Global,Power,OilCap,price,$/MWh,58.84276635044227
2045,NGFS2023MESSAGE_B2DS,Global,Power,OilCap,price,$/MWh,58.84276635044227
2045,NGFS2023MESSAGE_DT,Global,Power,OilCap,price,$/MWh,58.84276635044227
2046,NGFS2023GCAM_NZ2050,Global,Power,OilCap,price,$/MWh,58.83414784281152
2046,NGFS2023GCAM_LD,Global,Power,OilCap,price,$/MWh,58.83414784281152
2046,NGFS2023GCAM_B2DS,Global,Power,OilCap,price,$/MWh,58.83414784281152
2046,NGFS2023GCAM_DT,Global,Power,OilCap,price,$/MWh,58.83414784281152
2046,NGFS2023REMIND_NZ2050,Global,Power,OilCap,price,$/MWh,58.83414784281152
2046,NGFS2023REMIND_LD,Global,Power,OilCap,price,$/MWh,58.83414784281152
2046,NGFS2023REMIND_B2DS,Global,Power,OilCap,price,$/MWh,58.83414784281152
2046,NGFS2023REMIND_DT,Global,Power,OilCap,price,$/MWh,58.83414784281152
2046,NGFS2023MESSAGE_NZ2050,Global,Power,OilCap,price,$/MWh,58.83414784281152
2046,NGFS2023MESSAGE_LD,Global,Power,OilCap,price,$/MWh,58.83414784281152
2046,NGFS2023MESSAGE_B2DS,Global,Power,OilCap,price,$/MWh,58.83414784281152
2046,NGFS2023MESSAGE_DT,Global,Power,OilCap,price,$/MWh,58.83414784281152
2047,NGFS2023GCAM_NZ2050,Global,Power,OilCap,price,$/MWh,58.82702092125009
2047,NGFS2023GCAM_LD,Global,Power,OilCap,price,$/MWh,58.82702092125009
2047,NGFS2023GCAM_B2DS,Global,Power,OilCap,price,$/MWh,58.82702092125009
2047,NGFS2023GCAM_DT,Global,Power,OilCap,price,$/MWh,58.82702092125009
2047,NGFS2023REMIND_NZ2050,Global,Power,OilCap,price,$/MWh,58.82702092125009
2047,NGFS2023REMIND_LD,Global,Power,OilCap,price,$/MWh,58.82702092125009
2047,NGFS2023REMIND_B2DS,Global,Power,OilCap,price,$/MWh,58.82702092125009
2047,NGFS2023REMIND_DT,Global,Power,OilCap,price,$/MWh,58.82702092125009
2047,NGFS2023MESSAGE_NZ2050,Global,Power,OilCap,price,$/MWh,58.82702092125009
2047,NGFS2023MESSAGE_LD,Global,Power,OilCap,price,$/MWh,58.82702092125009
2047,NGFS2023MESSAGE_B2DS,Global,Power,OilCap,price,$/MWh,58.82702092125009
2047,NGFS2023MESSAGE_DT,Global,Power,OilCap,price,$/MWh,58.82702092125009
2048,NGFS2023GCAM_NZ2050,Global,Power,OilCap,price,$/MWh,58.821127313063194
2048,NGFS2023GCAM_LD,Global,Power,OilCap,price,$/MWh,58.821127313063194
2048,NGFS2023GCAM_B2DS,Global,Power,OilCap,price,$/MWh,58.821127313063194
2048,NGFS2023GCAM_DT,Global,Power,OilCap,price,$/MWh,58.821127313063194
2048,NGFS2023REMIND_NZ2050,Global,Power,OilCap,price,$/MWh,58.821127313063194
2048,NGFS2023REMIND_LD,Global,Power,OilCap,price,$/MWh,58.821127313063194
2048,NGFS2023REMIND_B2DS,Global,Power,OilCap,price,$/MWh,58.821127313063194
2048,NGFS2023REMIND_DT,Global,Power,OilCap,price,$/MWh,58.821127313063194
2048,NGFS2023MESSAGE_NZ2050,Global,Power,OilCap,price,$/MWh,58.821127313063194
2048,NGFS2023MESSAGE_LD,Global,Power,OilCap,price,$/MWh,58.821127313063194
2048,NGFS2023MESSAGE_B2DS,Global,Power,OilCap,price,$/MWh,58.821127313063194
2048,NGFS2023MESSAGE_DT,Global,Power,OilCap,price,$/MWh,58.821127313063194
2049,NGFS2023GCAM_NZ2050,Global,Power,OilCap,price,$/MWh,58.8162534973956
2049,NGFS2023GCAM_LD,Global,Power,OilCap,price,$/MWh,58.8162534973956
2049,NGFS2023GCAM_B2DS,Global,Power,OilCap,price,$/MWh,58.8162534973956
2049,NGFS2023GCAM_DT,Global,Power,OilCap,price,$/MWh,58.8162534973956
2049,NGFS2023REMIND_NZ2050,Global,Power,OilCap,price,$/MWh,58.8162534973956
2049,NGFS2023REMIND_LD,Global,Power,OilCap,price,$/MWh,58.8162534973956
2049,NGFS2023REMIND_B2DS,Global,Power,OilCap,price,$/MWh,58.8162534973956
2049,NGFS2023REMIND_DT,Global,Power,OilCap,price,$/MWh,58.8162534973956
2049,NGFS2023MESSAGE_NZ2050,Global,Power,OilCap,price,$/MWh,58.8162534973956
2049,NGFS2023MESSAGE_LD,Global,Power,OilCap,price,$/MWh,58.8162534973956
2049,NGFS2023MESSAGE_B2DS,Global,Power,OilCap,price,$/MWh,58.8162534973956
2049,NGFS2023MESSAGE_DT,Global,Power,OilCap,price,$/MWh,58.8162534973956
2050,NGFS2023GCAM_NZ2050,Global,Power,OilCap,price,$/MWh,58.81222295973324
2050,NGFS2023GCAM_LD,Global,Power,OilCap,price,$/MWh,58.81222295973324
2050,NGFS2023GCAM_B2DS,Global,Power,OilCap,price,$/MWh,58.81222295973324
2050,NGFS2023GCAM_DT,Global,Power,OilCap,price,$/MWh,58.81222295973324
2050,NGFS2023REMIND_NZ2050,Global,Power,OilCap,price,$/MWh,58.81222295973324
2050,NGFS2023REMIND_LD,Global,Power,OilCap,price,$/MWh,58.81222295973324
2050,NGFS2023REMIND_B2DS,Global,Power,OilCap,price,$/MWh,58.81222295973324
2050,NGFS2023REMIND_DT,Global,Power,OilCap,price,$/MWh,58.81222295973324
2050,NGFS2023MESSAGE_NZ2050,Global,Power,OilCap,price,$/MWh,58.81222295973324
2050,NGFS2023MESSAGE_LD,Global,Power,OilCap,price,$/MWh,58.81222295973324
2050,NGFS2023MESSAGE_B2DS,Global,Power,OilCap,price,$/MWh,58.81222295973324
2050,NGFS2023MESSAGE_DT,Global,Power,OilCap,price,$/MWh,58.81222295973324
2051,NGFS2023GCAM_NZ2050,Global,Power,OilCap,price,$/MWh,58.80888973403883
2051,NGFS2023GCAM_LD,Global,Power,OilCap,price,$/MWh,58.80888973403883
2051,NGFS2023GCAM_B2DS,Global,Power,OilCap,price,$/MWh,58.80888973403883
2051,NGFS2023GCAM_DT,Global,Power,OilCap,price,$/MWh,58.80888973403883
2051,NGFS2023REMIND_NZ2050,Global,Power,OilCap,price,$/MWh,58.80888973403883
2051,NGFS2023REMIND_LD,Global,Power,OilCap,price,$/MWh,58.80888973403883
2051,NGFS2023REMIND_B2DS,Global,Power,OilCap,price,$/MWh,58.80888973403883
2051,NGFS2023REMIND_DT,Global,Power,OilCap,price,$/MWh,58.80888973403883
2051,NGFS2023MESSAGE_NZ2050,Global,Power,OilCap,price,$/MWh,58.80888973403883
2051,NGFS2023MESSAGE_LD,Global,Power,OilCap,price,$/MWh,58.80888973403883
2051,NGFS2023MESSAGE_B2DS,Global,Power,OilCap,price,$/MWh,58.80888973403883
2051,NGFS2023MESSAGE_DT,Global,Power,OilCap,price,$/MWh,58.80888973403883
2052,NGFS2023GCAM_NZ2050,Global,Power,OilCap,price,$/MWh,58.80613316006506
2052,NGFS2023GCAM_LD,Global,Power,OilCap,price,$/MWh,58.80613316006506
2052,NGFS2023GCAM_B2DS,Global,Power,OilCap,price,$/MWh,58.80613316006506
2052,NGFS2023GCAM_DT,Global,Power,OilCap,price,$/MWh,58.80613316006506
2052,NGFS2023REMIND_NZ2050,Global,Power,OilCap,price,$/MWh,58.80613316006506
2052,NGFS2023REMIND_LD,Global,Power,OilCap,price,$/MWh,58.80613316006506
2052,NGFS2023REMIND_B2DS,Global,Power,OilCap,price,$/MWh,58.80613316006506
2052,NGFS2023REMIND_DT,Global,Power,OilCap,price,$/MWh,58.80613316006506
2052,NGFS2023MESSAGE_NZ2050,Global,Power,OilCap,price,$/MWh,58.80613316006506
2052,NGFS2023MESSAGE_LD,Global,Power,OilCap,price,$/MWh,58.80613316006506
2052,NGFS2023MESSAGE_B2DS,Global,Power,OilCap,price,$/MWh,58.80613316006506
2052,NGFS2023MESSAGE_DT,Global,Power,OilCap,price,$/MWh,58.80613316006506
2053,NGFS2023GCAM_NZ2050,Global,Power,OilCap,price,$/MWh,58.80385346105189
2053,NGFS2023GCAM_LD,Global,Power,OilCap,price,$/MWh,58.80385346105189
2053,NGFS2023GCAM_B2DS,Global,Power,OilCap,price,$/MWh,58.80385346105189
2053,NGFS2023GCAM_DT,Global,Power,OilCap,price,$/MWh,58.80385346105189
2053,NGFS2023REMIND_NZ2050,Global,Power,OilCap,price,$/MWh,58.80385346105189
2053,NGFS2023REMIND_LD,Global,Power,OilCap,price,$/MWh,58.80385346105189
2053,NGFS2023REMIND_B2DS,Global,Power,OilCap,price,$/MWh,58.80385346105189
2053,NGFS2023REMIND_DT,Global,Power,OilCap,price,$/MWh,58.80385346105189
2053,NGFS2023MESSAGE_NZ2050,Global,Power,OilCap,price,$/MWh,58.80385346105189
2053,NGFS2023MESSAGE_LD,Global,Power,OilCap,price,$/MWh,58.80385346105189
2053,NGFS2023MESSAGE_B2DS,Global,Power,OilCap,price,$/MWh,58.80385346105189
2053,NGFS2023MESSAGE_DT,Global,Power,OilCap,price,$/MWh,58.80385346105189
2054,NGFS2023GCAM_NZ2050,Global,Power,OilCap,price,$/MWh,58.80196811593344
2054,NGFS2023GCAM_LD,Global,Power,OilCap,price,$/MWh,58.80196811593344
2054,NGFS2023GCAM_B2DS,Global,Power,OilCap,price,$/MWh,58.80196811593344
2054,NGFS2023GCAM_DT,Global,Power,OilCap,price,$/MWh,58.80196811593344
2054,NGFS2023REMIND_NZ2050,Global,Power,OilCap,price,$/MWh,58.80196811593344
2054,NGFS2023REMIND_LD,Global,Power,OilCap,price,$/MWh,58.80196811593344
2054,NGFS2023REMIND_B2DS,Global,Power,OilCap,price,$/MWh,58.80196811593344
2054,NGFS2023REMIND_DT,Global,Power,OilCap,price,$/MWh,58.80196811593344
2054,NGFS2023MESSAGE_NZ2050,Global,Power,OilCap,price,$/MWh,58.80196811593344
2054,NGFS2023MESSAGE_LD,Global,Power,OilCap,price,$/MWh,58.80196811593344
2054,NGFS2023MESSAGE_B2DS,Global,Power,OilCap,price,$/MWh,58.80196811593344
2054,NGFS2023MESSAGE_DT,Global,Power,OilCap,price,$/MWh,58.80196811593344
2055,NGFS2023GCAM_NZ2050,Global,Power,OilCap,price,$/MWh,58.80040890314694
2055,NGFS2023GCAM_LD,Global,Power,OilCap,price,$/MWh,58.80040890314694
2055,NGFS2023GCAM_B2DS,Global,Power,OilCap,price,$/MWh,58.80040890314694
2055,NGFS2023GCAM_DT,Global,Power,OilCap,price,$/MWh,58.80040890314694
2055,NGFS2023REMIND_NZ2050,Global,Power,OilCap,price,$/MWh,58.80040890314694
2055,NGFS2023REMIND_LD,Global,Power,OilCap,price,$/MWh,58.80040890314694
2055,NGFS2023REMIND_B2DS,Global,Power,OilCap,price,$/MWh,58.80040890314694
2055,NGFS2023REMIND_DT,Global,Power,OilCap,price,$/MWh,58.80040890314694
2055,NGFS2023MESSAGE_NZ2050,Global,Power,OilCap,price,$/MWh,58.80040890314694
2055,NGFS2023MESSAGE_LD,Global,Power,OilCap,price,$/MWh,58.80040890314694
2055,NGFS2023MESSAGE_B2DS,Global,Power,OilCap,price,$/MWh,58.80040890314694
2055,NGFS2023MESSAGE_DT,Global,Power,OilCap,price,$/MWh,58.80040890314694
2056,NGFS2023GCAM_NZ2050,Global,Power,OilCap,price,$/MWh,58.7991194054864
2056,NGFS2023GCAM_LD,Global,Power,OilCap,price,$/MWh,58.7991194054864
2056,NGFS2023GCAM_B2DS,Global,Power,OilCap,price,$/MWh,58.7991194054864
2056,NGFS2023GCAM_DT,Global,Power,OilCap,price,$/MWh,58.7991194054864
2056,NGFS2023REMIND_NZ2050,Global,Power,OilCap,price,$/MWh,58.7991194054864
2056,NGFS2023REMIND_LD,Global,Power,OilCap,price,$/MWh,58.7991194054864
2056,NGFS2023REMIND_B2DS,Global,Power,OilCap,price,$/MWh,58.7991194054864
2056,NGFS2023REMIND_DT,Global,Power,OilCap,price,$/MWh,58.7991194054864
2056,NGFS2023MESSAGE_NZ2050,Global,Power,OilCap,price,$/MWh,58.7991194054864
2056,NGFS2023MESSAGE_LD,Global,Power,OilCap,price,$/MWh,58.7991194054864
2056,NGFS2023MESSAGE_B2DS,Global,Power,OilCap,price,$/MWh,58.7991194054864
2056,NGFS2023MESSAGE_DT,Global,Power,OilCap,price,$/MWh,58.7991194054864
2057,NGFS2023GCAM_NZ2050,Global,Power,OilCap,price,$/MWh,58.79805295427432
2057,NGFS2023GCAM_LD,Global,Power,OilCap,price,$/MWh,58.79805295427432
2057,NGFS2023GCAM_B2DS,Global,Power,OilCap,price,$/MWh,58.79805295427432
2057,NGFS2023GCAM_DT,Global,Power,OilCap,price,$/MWh,58.79805295427432
2057,NGFS2023REMIND_NZ2050,Global,Power,OilCap,price,$/MWh,58.79805295427432
2057,NGFS2023REMIND_LD,Global,Power,OilCap,price,$/MWh,58.79805295427432
2057,NGFS2023REMIND_B2DS,Global,Power,OilCap,price,$/MWh,58.79805295427432
2057,NGFS2023REMIND_DT,Global,Power,OilCap,price,$/MWh,58.79805295427432
2057,NGFS2023MESSAGE_NZ2050,Global,Power,OilCap,price,$/MWh,58.79805295427432
2057,NGFS2023MESSAGE_LD,Global,Power,OilCap,price,$/MWh,58.79805295427432
2057,NGFS2023MESSAGE_B2DS,Global,Power,OilCap,price,$/MWh,58.79805295427432
2057,NGFS2023MESSAGE_DT,Global,Power,OilCap,price,$/MWh,58.79805295427432
2058,NGFS2023GCAM_NZ2050,Global,Power,OilCap,price,$/MWh,58.79717096205744
2058,NGFS2023GCAM_LD,Global,Power,OilCap,price,$/MWh,58.79717096205744
2058,NGFS2023GCAM_B2DS,Global,Power,OilCap,price,$/MWh,58.79717096205744
2058,NGFS2023GCAM_DT,Global,Power,OilCap,price,$/MWh,58.79717096205744
2058,NGFS2023REMIND_NZ2050,Global,Power,OilCap,price,$/MWh,58.79717096205744
2058,NGFS2023REMIND_LD,Global,Power,OilCap,price,$/MWh,58.79717096205744
2058,NGFS2023REMIND_B2DS,Global,Power,OilCap,price,$/MWh,58.79717096205744
2058,NGFS2023REMIND_DT,Global,Power,OilCap,price,$/MWh,58.79717096205744
2058,NGFS2023MESSAGE_NZ2050,Global,Power,OilCap,price,$/MWh,58.79717096205744
2058,NGFS2023MESSAGE_LD,Global,Power,OilCap,price,$/MWh,58.79717096205744
2058,NGFS2023MESSAGE_B2DS,Global,Power,OilCap,price,$/MWh,58.79717096205744
2058,NGFS2023MESSAGE_DT,Global,Power,OilCap,price,$/MWh,58.79717096205744
2059,NGFS2023GCAM_NZ2050,Global,Power,OilCap,price,$/MWh,58.79644153413186
2059,NGFS2023GCAM_LD,Global,Power,OilCap,price,$/MWh,58.79644153413186
2059,NGFS2023GCAM_B2DS,Global,Power,OilCap,price,$/MWh,58.79644153413186
2059,NGFS2023GCAM_DT,Global,Power,OilCap,price,$/MWh,58.79644153413186
2059,NGFS2023REMIND_NZ2050,Global,Power,OilCap,price,$/MWh,58.79644153413186
2059,NGFS2023REMIND_LD,Global,Power,OilCap,price,$/MWh,58.79644153413186
2059,NGFS2023REMIND_B2DS,Global,Power,OilCap,price,$/MWh,58.79644153413186
2059,NGFS2023REMIND_DT,Global,Power,OilCap,price,$/MWh,58.79644153413186
2059,NGFS2023MESSAGE_NZ2050,Global,Power,OilCap,price,$/MWh,58.79644153413186
2059,NGFS2023MESSAGE_LD,Global,Power,OilCap,price,$/MWh,58.79644153413186
2059,NGFS2023MESSAGE_B2DS,Global,Power,OilCap,price,$/MWh,58.79644153413186
2059,NGFS2023MESSAGE_DT,Global,Power,OilCap,price,$/MWh,58.79644153413186
2060,NGFS2023GCAM_NZ2050,Global,Power,OilCap,price,$/MWh,58.79583827917091
2060,NGFS2023GCAM_LD,Global,Power,OilCap,price,$/MWh,58.79583827917091
2060,NGFS2023GCAM_B2DS,Global,Power,OilCap,price,$/MWh,58.79583827917091
2060,NGFS2023GCAM_DT,Global,Power,OilCap,price,$/MWh,58.79583827917091
2060,NGFS2023REMIND_NZ2050,Global,Power,OilCap,price,$/MWh,58.79583827917091
2060,NGFS2023REMIND_LD,Global,Power,OilCap,price,$/MWh,58.79583827917091
2060,NGFS2023REMIND_B2DS,Global,Power,OilCap,price,$/MWh,58.79583827917091
2060,NGFS2023REMIND_DT,Global,Power,OilCap,price,$/MWh,58.79583827917091
2060,NGFS2023MESSAGE_NZ2050,Global,Power,OilCap,price,$/MWh,58.79583827917091
2060,NGFS2023MESSAGE_LD,Global,Power,OilCap,price,$/MWh,58.79583827917091
2060,NGFS2023MESSAGE_B2DS,Global,Power,OilCap,price,$/MWh,58.79583827917091
2060,NGFS2023MESSAGE_DT,Global,Power,OilCap,price,$/MWh,58.79583827917091
2061,NGFS2023GCAM_NZ2050,Global,Power,OilCap,price,$/MWh,58.79533935807949
2061,NGFS2023GCAM_LD,Global,Power,OilCap,price,$/MWh,58.79533935807949
2061,NGFS2023GCAM_B2DS,Global,Power,OilCap,price,$/MWh,58.79533935807949
2061,NGFS2023GCAM_DT,Global,Power,OilCap,price,$/MWh,58.79533935807949
2061,NGFS2023REMIND_NZ2050,Global,Power,OilCap,price,$/MWh,58.79533935807949
2061,NGFS2023REMIND_LD,Global,Power,OilCap,price,$/MWh,58.79533935807949
2061,NGFS2023REMIND_B2DS,Global,Power,OilCap,price,$/MWh,58.79533935807949
2061,NGFS2023REMIND_DT,Global,Power,OilCap,price,$/MWh,58.79533935807949
2061,NGFS2023MESSAGE_NZ2050,Global,Power,OilCap,price,$/MWh,58.79533935807949
2061,NGFS2023MESSAGE_LD,Global,Power,OilCap,price,$/MWh,58.79533935807949
2061,NGFS2023MESSAGE_B2DS,Global,Power,OilCap,price,$/MWh,58.79533935807949
2061,NGFS2023MESSAGE_DT,Global,Power,OilCap,price,$/MWh,58.79533935807949
2062,NGFS2023GCAM_NZ2050,Global,Power,OilCap,price,$/MWh,58.79492673122455
2062,NGFS2023GCAM_LD,Global,Power,OilCap,price,$/MWh,58.79492673122455
2062,NGFS2023GCAM_B2DS,Global,Power,OilCap,price,$/MWh,58.79492673122455
2062,NGFS2023GCAM_DT,Global,Power,OilCap,price,$/MWh,58.79492673122455
2062,NGFS2023REMIND_NZ2050,Global,Power,OilCap,price,$/MWh,58.79492673122455
2062,NGFS2023REMIND_LD,Global,Power,OilCap,price,$/MWh,58.79492673122455
2062,NGFS2023REMIND_B2DS,Global,Power,OilCap,price,$/MWh,58.79492673122455
2062,NGFS2023REMIND_DT,Global,Power,OilCap,price,$/MWh,58.79492673122455
2062,NGFS2023MESSAGE_NZ2050,Global,Power,OilCap,price,$/MWh,58.79492673122455
2062,NGFS2023MESSAGE_LD,Global,Power,OilCap,price,$/MWh,58.79492673122455
2062,NGFS2023MESSAGE_B2DS,Global,Power,OilCap,price,$/MWh,58.79492673122455
2062,NGFS2023MESSAGE_DT,Global,Power,OilCap,price,$/MWh,58.79492673122455
2063,NGFS2023GCAM_NZ2050,Global,Power,OilCap,price,$/MWh,58.79458547530508
2063,NGFS2023GCAM_LD,Global,Power,OilCap,price,$/MWh,58.79458547530508
2063,NGFS2023GCAM_B2DS,Global,Power,OilCap,price,$/MWh,58.79458547530508
2063,NGFS2023GCAM_DT,Global,Power,OilCap,price,$/MWh,58.79458547530508
2063,NGFS2023REMIND_NZ2050,Global,Power,OilCap,price,$/MWh,58.79458547530508
2063,NGFS2023REMIND_LD,Global,Power,OilCap,price,$/MWh,58.79458547530508
2063,NGFS2023REMIND_B2DS,Global,Power,OilCap,price,$/MWh,58.79458547530508
2063,NGFS2023REMIND_DT,Global,Power,OilCap,price,$/MWh,58.79458547530508
2063,NGFS2023MESSAGE_NZ2050,Global,Power,OilCap,price,$/MWh,58.79458547530508
2063,NGFS2023MESSAGE_LD,Global,Power,OilCap,price,$/MWh,58.79458547530508
2063,NGFS2023MESSAGE_B2DS,Global,Power,OilCap,price,$/MWh,58.79458547530508
2063,NGFS2023MESSAGE_DT,Global,Power,OilCap,price,$/MWh,58.79458547530508
2064,NGFS2023GCAM_NZ2050,Global,Power,OilCap,price,$/MWh,58.79430324882607
2064,NGFS2023GCAM_LD,Global,Power,OilCap,price,$/MWh,58.79430324882607
2064,NGFS2023GCAM_B2DS,Global,Power,OilCap,price,$/MWh,58.79430324882607
2064,NGFS2023GCAM_DT,Global,Power,OilCap,price,$/MWh,58.79430324882607
2064,NGFS2023REMIND_NZ2050,Global,Power,OilCap,price,$/MWh,58.79430324882607
2064,NGFS2023REMIND_LD,Global,Power,OilCap,price,$/MWh,58.79430324882607
2064,NGFS2023REMIND_B2DS,Global,Power,OilCap,price,$/MWh,58.79430324882607
2064,NGFS2023REMIND_DT,Global,Power,OilCap,price,$/MWh,58.79430324882607
2064,NGFS2023MESSAGE_NZ2050,Global,Power,OilCap,price,$/MWh,58.79430324882607
2064,NGFS2023MESSAGE_LD,Global,Power,OilCap,price,$/MWh,58.79430324882607
2064,NGFS2023MESSAGE_B2DS,Global,Power,OilCap,price,$/MWh,58.79430324882607
2064,NGFS2023MESSAGE_DT,Global,Power,OilCap,price,$/MWh,58.79430324882607
2065,NGFS2023GCAM_NZ2050,Global,Power,OilCap,price,$/MWh,58.79406983687013
2065,NGFS2023GCAM_LD,Global,Power,OilCap,price,$/MWh,58.79406983687013
2065,NGFS2023GCAM_B2DS,Global,Power,OilCap,price,$/MWh,58.79406983687013
2065,NGFS2023GCAM_DT,Global,Power,OilCap,price,$/MWh,58.79406983687013
2065,NGFS2023REMIND_NZ2050,Global,Power,OilCap,price,$/MWh,58.79406983687013
2065,NGFS2023REMIND_LD,Global,Power,OilCap,price,$/MWh,58.79406983687013
2065,NGFS2023REMIND_B2DS,Global,Power,OilCap,price,$/MWh,58.79406983687013
2065,NGFS2023REMIND_DT,Global,Power,OilCap,price,$/MWh,58.79406983687013
2065,NGFS2023MESSAGE_NZ2050,Global,Power,OilCap,price,$/MWh,58.79406983687013
2065,NGFS2023MESSAGE_LD,Global,Power,OilCap,price,$/MWh,58.79406983687013
2065,NGFS2023MESSAGE_B2DS,Global,Power,OilCap,price,$/MWh,58.79406983687013
2065,NGFS2023MESSAGE_DT,Global,Power,OilCap,price,$/MWh,58.79406983687013
2066,NGFS2023GCAM_NZ2050,Global,Power,OilCap,price,$/MWh,58.793876794876574
2066,NGFS2023GCAM_LD,Global,Power,OilCap,price,$/MWh,58.793876794876574
2066,NGFS2023GCAM_B2DS,Global,Power,OilCap,price,$/MWh,58.793876794876574
2066,NGFS2023GCAM_DT,Global,Power,OilCap,price,$/MWh,58.793876794876574
2066,NGFS2023REMIND_NZ2050,Global,Power,OilCap,price,$/MWh,58.793876794876574
2066,NGFS2023REMIND_LD,Global,Power,OilCap,price,$/MWh,58.793876794876574
2066,NGFS2023REMIND_B2DS,Global,Power,OilCap,price,$/MWh,58.793876794876574
2066,NGFS2023REMIND_DT,Global,Power,OilCap,price,$/MWh,58.793876794876574
2066,NGFS2023MESSAGE_NZ2050,Global,Power,OilCap,price,$/MWh,58.793876794876574
2066,NGFS2023MESSAGE_LD,Global,Power,OilCap,price,$/MWh,58.793876794876574
2066,NGFS2023MESSAGE_B2DS,Global,Power,OilCap,price,$/MWh,58.793876794876574
2066,NGFS2023MESSAGE_DT,Global,Power,OilCap,price,$/MWh,58.793876794876574
2067,NGFS2023GCAM_NZ2050,Global,Power,OilCap,price,$/MWh,58.79371713206211
2067,NGFS2023GCAM_LD,Global,Power,OilCap,price,$/MWh,58.79371713206211
2067,NGFS2023GCAM_B2DS,Global,Power,OilCap,price,$/MWh,58.79371713206211
2067,NGFS2023GCAM_DT,Global,Power,OilCap,price,$/MWh,58.79371713206211
2067,NGFS2023REMIND_NZ2050,Global,Power,OilCap,price,$/MWh,58.79371713206211
2067,NGFS2023REMIND_LD,Global,Power,OilCap,price,$/MWh,58.79371713206211
2067,NGFS2023REMIND_B2DS,Global,Power,OilCap,price,$/MWh,58.79371713206211
2067,NGFS2023REMIND_DT,Global,Power,OilCap,price,$/MWh,58.79371713206211
2067,NGFS2023MESSAGE_NZ2050,Global,Power,OilCap,price,$/MWh,58.79371713206211
2067,NGFS2023MESSAGE_LD,Global,Power,OilCap,price,$/MWh,58.79371713206211
2067,NGFS2023MESSAGE_B2DS,Global,Power,OilCap,price,$/MWh,58.79371713206211
2067,NGFS2023MESSAGE_DT,Global,Power,OilCap,price,$/MWh,58.79371713206211
2068,NGFS2023GCAM_NZ2050,Global,Power,OilCap,price,$/MWh,58.79358509377442
2068,NGFS2023GCAM_LD,Global,Power,OilCap,price,$/MWh,58.79358509377442
2068,NGFS2023GCAM_B2DS,Global,Power,OilCap,price,$/MWh,58.79358509377442
2068,NGFS2023GCAM_DT,Global,Power,OilCap,price,$/MWh,58.79358509377442
2068,NGFS2023REMIND_NZ2050,Global,Power,OilCap,price,$/MWh,58.79358509377442
2068,NGFS2023REMIND_LD,Global,Power,OilCap,price,$/MWh,58.79358509377442
2068,NGFS2023REMIND_B2DS,Global,Power,OilCap,price,$/MWh,58.79358509377442
2068,NGFS2023REMIND_DT,Global,Power,OilCap,price,$/MWh,58.79358509377442
2068,NGFS2023MESSAGE_NZ2050,Global,Power,OilCap,price,$/MWh,58.79358509377442
2068,NGFS2023MESSAGE_LD,Global,Power,OilCap,price,$/MWh,58.79358509377442
2068,NGFS2023MESSAGE_B2DS,Global,Power,OilCap,price,$/MWh,58.79358509377442
2068,NGFS2023MESSAGE_DT,Global,Power,OilCap,price,$/MWh,58.79358509377442
2069,NGFS2023GCAM_NZ2050,Global,Power,OilCap,price,$/MWh,58.79347589445553
2069,NGFS2023GCAM_LD,Global,Power,OilCap,price,$/MWh,58.79347589445553
2069,NGFS2023GCAM_B2DS,Global,Power,OilCap,price,$/MWh,58.79347589445553
2069,NGFS2023GCAM_DT,Global,Power,OilCap,price,$/MWh,58.79347589445553
2069,NGFS2023REMIND_NZ2050,Global,Power,OilCap,price,$/MWh,58.79347589445553
2069,NGFS2023REMIND_LD,Global,Power,OilCap,price,$/MWh,58.79347589445553
2069,NGFS2023REMIND_B2DS,Global,Power,OilCap,price,$/MWh,58.79347589445553
2069,NGFS2023REMIND_DT,Global,Power,OilCap,price,$/MWh,58.79347589445553
2069,NGFS2023MESSAGE_NZ2050,Global,Power,OilCap,price,$/MWh,58.79347589445553
2069,NGFS2023MESSAGE_LD,Global,Power,OilCap,price,$/MWh,58.79347589445553
2069,NGFS2023MESSAGE_B2DS,Global,Power,OilCap,price,$/MWh,58.79347589445553
2069,NGFS2023MESSAGE_DT,Global,Power,OilCap,price,$/MWh,58.79347589445553
2022,NGFS2023GCAM_NZ2050,Global,Power,RenewablesCap,price,$/MWh,62.26935345009416
2022,NGFS2023GCAM_LD,Global,Power,RenewablesCap,price,$/MWh,62.26935345009416
2022,NGFS2023GCAM_B2DS,Global,Power,RenewablesCap,price,$/MWh,62.26935345009416
2022,NGFS2023GCAM_DT,Global,Power,RenewablesCap,price,$/MWh,62.26935345009416
2022,NGFS2023REMIND_NZ2050,Global,Power,RenewablesCap,price,$/MWh,62.26935345009416
2022,NGFS2023REMIND_LD,Global,Power,RenewablesCap,price,$/MWh,62.26935345009416
2022,NGFS2023REMIND_B2DS,Global,Power,RenewablesCap,price,$/MWh,62.26935345009416
2022,NGFS2023REMIND_DT,Global,Power,RenewablesCap,price,$/MWh,62.26935345009416
2022,NGFS2023MESSAGE_NZ2050,Global,Power,RenewablesCap,price,$/MWh,62.26935345009416
2022,NGFS2023MESSAGE_LD,Global,Power,RenewablesCap,price,$/MWh,62.26935345009416
2022,NGFS2023MESSAGE_B2DS,Global,Power,RenewablesCap,price,$/MWh,62.26935345009416
2022,NGFS2023MESSAGE_DT,Global,Power,RenewablesCap,price,$/MWh,62.26935345009416
2023,NGFS2023GCAM_NZ2050,Global,Power,RenewablesCap,price,$/MWh,64.17665038549558
2023,NGFS2023GCAM_LD,Global,Power,RenewablesCap,price,$/MWh,64.17665038549558
2023,NGFS2023GCAM_B2DS,Global,Power,RenewablesCap,price,$/MWh,64.17665038549558
2023,NGFS2023GCAM_DT,Global,Power,RenewablesCap,price,$/MWh,64.17665038549558
2023,NGFS2023REMIND_NZ2050,Global,Power,RenewablesCap,price,$/MWh,64.17665038549558
2023,NGFS2023REMIND_LD,Global,Power,RenewablesCap,price,$/MWh,64.17665038549558
2023,NGFS2023REMIND_B2DS,Global,Power,RenewablesCap,price,$/MWh,64.17665038549558
2023,NGFS2023REMIND_DT,Global,Power,RenewablesCap,price,$/MWh,64.17665038549558
2023,NGFS2023MESSAGE_NZ2050,Global,Power,RenewablesCap,price,$/MWh,64.17665038549558
2023,NGFS2023MESSAGE_LD,Global,Power,RenewablesCap,price,$/MWh,64.17665038549558
2023,NGFS2023MESSAGE_B2DS,Global,Power,RenewablesCap,price,$/MWh,64.17665038549558
2023,NGFS2023MESSAGE_DT,Global,Power,RenewablesCap,price,$/MWh,64.17665038549558
2024,NGFS2023GCAM_NZ2050,Global,Power,RenewablesCap,price,$/MWh,66.06098752995085
2024,NGFS2023GCAM_LD,Global,Power,RenewablesCap,price,$/MWh,66.06098752995085
2024,NGFS2023GCAM_B2DS,Global,Power,RenewablesCap,price,$/MWh,66.06098752995085
2024,NGFS2023GCAM_DT,Global,Power,RenewablesCap,price,$/MWh,66.06098752995085
2024,NGFS2023REMIND_NZ2050,Global,Power,RenewablesCap,price,$/MWh,66.06098752995085
2024,NGFS2023REMIND_LD,Global,Power,RenewablesCap,price,$/MWh,66.06098752995085
2024,NGFS2023REMIND_B2DS,Global,Power,RenewablesCap,price,$/MWh,66.06098752995085
2024,NGFS2023REMIND_DT,Global,Power,RenewablesCap,price,$/MWh,66.06098752995085
2024,NGFS2023MESSAGE_NZ2050,Global,Power,RenewablesCap,price,$/MWh,66.06098752995085
2024,NGFS2023MESSAGE_LD,Global,Power,RenewablesCap,price,$/MWh,66.06098752995085
2024,NGFS2023MESSAGE_B2DS,Global,Power,RenewablesCap,price,$/MWh,66.06098752995085
2024,NGFS2023MESSAGE_DT,Global,Power,RenewablesCap,price,$/MWh,66.06098752995085
2025,NGFS2023GCAM_NZ2050,Global,Power,RenewablesCap,price,$/MWh,67.92276413223314
2025,NGFS2023GCAM_LD,Global,Power,RenewablesCap,price,$/MWh,67.92276413223314
2025,NGFS2023GCAM_B2DS,Global,Power,RenewablesCap,price,$/MWh,67.92276413223314
2025,NGFS2023GCAM_DT,Global,Power,RenewablesCap,price,$/MWh,67.92276413223314
2025,NGFS2023REMIND_NZ2050,Global,Power,RenewablesCap,price,$/MWh,67.92276413223314
2025,NGFS2023REMIND_LD,Global,Power,RenewablesCap,price,$/MWh,67.92276413223314
2025,NGFS2023REMIND_B2DS,Global,Power,RenewablesCap,price,$/MWh,67.92276413223314
2025,NGFS2023REMIND_DT,Global,Power,RenewablesCap,price,$/MWh,67.92276413223314
2025,NGFS2023MESSAGE_NZ2050,Global,Power,RenewablesCap,price,$/MWh,67.92276413223314
2025,NGFS2023MESSAGE_LD,Global,Power,RenewablesCap,price,$/MWh,67.92276413223314
2025,NGFS2023MESSAGE_B2DS,Global,Power,RenewablesCap,price,$/MWh,67.92276413223314
2025,NGFS2023MESSAGE_DT,Global,Power,RenewablesCap,price,$/MWh,67.92276413223314
2026,NGFS2023GCAM_NZ2050,Global,Power,RenewablesCap,price,$/MWh,69.75687389446644
2026,NGFS2023GCAM_LD,Global,Power,RenewablesCap,price,$/MWh,69.75687389446644
2026,NGFS2023GCAM_B2DS,Global,Power,RenewablesCap,price,$/MWh,69.75687389446644
2026,NGFS2023GCAM_DT,Global,Power,RenewablesCap,price,$/MWh,69.75687389446644
2026,NGFS2023REMIND_NZ2050,Global,Power,RenewablesCap,price,$/MWh,69.75687389446644
2026,NGFS2023REMIND_LD,Global,Power,RenewablesCap,price,$/MWh,69.75687389446644
2026,NGFS2023REMIND_B2DS,Global,Power,RenewablesCap,price,$/MWh,69.75687389446644
2026,NGFS2023REMIND_DT,Global,Power,RenewablesCap,price,$/MWh,69.75687389446644
2026,NGFS2023MESSAGE_NZ2050,Global,Power,RenewablesCap,price,$/MWh,69.75687389446644
2026,NGFS2023MESSAGE_LD,Global,Power,RenewablesCap,price,$/MWh,69.75687389446644
2026,NGFS2023MESSAGE_B2DS,Global,Power,RenewablesCap,price,$/MWh,69.75687389446644
2026,NGFS2023MESSAGE_DT,Global,Power,RenewablesCap,price,$/MWh,69.75687389446644
2027,NGFS2023GCAM_NZ2050,Global,Power,RenewablesCap,price,$/MWh,71.56052042629476
2027,NGFS2023GCAM_LD,Global,Power,RenewablesCap,price,$/MWh,71.56052042629476
2027,NGFS2023GCAM_B2DS,Global,Power,RenewablesCap,price,$/MWh,71.56052042629476
2027,NGFS2023GCAM_DT,Global,Power,RenewablesCap,price,$/MWh,71.56052042629476
2027,NGFS2023REMIND_NZ2050,Global,Power,RenewablesCap,price,$/MWh,71.56052042629476
2027,NGFS2023REMIND_LD,Global,Power,RenewablesCap,price,$/MWh,71.56052042629476
2027,NGFS2023REMIND_B2DS,Global,Power,RenewablesCap,price,$/MWh,71.56052042629476
2027,NGFS2023REMIND_DT,Global,Power,RenewablesCap,price,$/MWh,71.56052042629476
2027,NGFS2023MESSAGE_NZ2050,Global,Power,RenewablesCap,price,$/MWh,71.56052042629476
2027,NGFS2023MESSAGE_LD,Global,Power,RenewablesCap,price,$/MWh,71.56052042629476
2027,NGFS2023MESSAGE_B2DS,Global,Power,RenewablesCap,price,$/MWh,71.56052042629476
2027,NGFS2023MESSAGE_DT,Global,Power,RenewablesCap,price,$/MWh,71.56052042629476
2028,NGFS2023GCAM_NZ2050,Global,Power,RenewablesCap,price,$/MWh,73.33128077683021
2028,NGFS2023GCAM_LD,Global,Power,RenewablesCap,price,$/MWh,73.33128077683021
2028,NGFS2023GCAM_B2DS,Global,Power,RenewablesCap,price,$/MWh,73.33128077683021
2028,NGFS2023GCAM_DT,Global,Power,RenewablesCap,price,$/MWh,73.33128077683021
2028,NGFS2023REMIND_NZ2050,Global,Power,RenewablesCap,price,$/MWh,73.33128077683021
2028,NGFS2023REMIND_LD,Global,Power,RenewablesCap,price,$/MWh,73.33128077683021
2028,NGFS2023REMIND_B2DS,Global,Power,RenewablesCap,price,$/MWh,73.33128077683021
2028,NGFS2023REMIND_DT,Global,Power,RenewablesCap,price,$/MWh,73.33128077683021
2028,NGFS2023MESSAGE_NZ2050,Global,Power,RenewablesCap,price,$/MWh,73.33128077683021
2028,NGFS2023MESSAGE_LD,Global,Power,RenewablesCap,price,$/MWh,73.33128077683021
2028,NGFS2023MESSAGE_B2DS,Global,Power,RenewablesCap,price,$/MWh,73.33128077683021
2028,NGFS2023MESSAGE_DT,Global,Power,RenewablesCap,price,$/MWh,73.33128077683021
2029,NGFS2023GCAM_NZ2050,Global,Power,RenewablesCap,price,$/MWh,75.06563893165314
2029,NGFS2023GCAM_LD,Global,Power,RenewablesCap,price,$/MWh,75.06563893165314
2029,NGFS2023GCAM_B2DS,Global,Power,RenewablesCap,price,$/MWh,75.06563893165314
2029,NGFS2023GCAM_DT,Global,Power,RenewablesCap,price,$/MWh,75.06563893165314
2029,NGFS2023REMIND_NZ2050,Global,Power,RenewablesCap,price,$/MWh,75.06563893165314
2029,NGFS2023REMIND_LD,Global,Power,RenewablesCap,price,$/MWh,75.06563893165314
2029,NGFS2023REMIND_B2DS,Global,Power,RenewablesCap,price,$/MWh,75.06563893165314
2029,NGFS2023REMIND_DT,Global,Power,RenewablesCap,price,$/MWh,75.06563893165314
2029,NGFS2023MESSAGE_NZ2050,Global,Power,RenewablesCap,price,$/MWh,75.06563893165314
2029,NGFS2023MESSAGE_LD,Global,Power,RenewablesCap,price,$/MWh,75.06563893165314
2029,NGFS2023MESSAGE_B2DS,Global,Power,RenewablesCap,price,$/MWh,75.06563893165314
2029,NGFS2023MESSAGE_DT,Global,Power,RenewablesCap,price,$/MWh,75.06563893165314
2030,NGFS2023GCAM_NZ2050,Global,Power,RenewablesCap,price,$/MWh,76.75897777137602
2030,NGFS2023GCAM_LD,Global,Power,RenewablesCap,price,$/MWh,76.75897777137602
2030,NGFS2023GCAM_B2DS,Global,Power,RenewablesCap,price,$/MWh,76.75897777137602
2030,NGFS2023GCAM_DT,Global,Power,RenewablesCap,price,$/MWh,76.75897777137602
2030,NGFS2023REMIND_NZ2050,Global,Power,RenewablesCap,price,$/MWh,76.75897777137602
2030,NGFS2023REMIND_LD,Global,Power,RenewablesCap,price,$/MWh,76.75897777137602
2030,NGFS2023REMIND_B2DS,Global,Power,RenewablesCap,price,$/MWh,76.75897777137602
2030,NGFS2023REMIND_DT,Global,Power,RenewablesCap,price,$/MWh,76.75897777137602
2030,NGFS2023MESSAGE_NZ2050,Global,Power,RenewablesCap,price,$/MWh,76.75897777137602
2030,NGFS2023MESSAGE_LD,Global,Power,RenewablesCap,price,$/MWh,76.75897777137602
2030,NGFS2023MESSAGE_B2DS,Global,Power,RenewablesCap,price,$/MWh,76.75897777137602
2030,NGFS2023MESSAGE_DT,Global,Power,RenewablesCap,price,$/MWh,76.75897777137602
2031,NGFS2023GCAM_NZ2050,Global,Power,RenewablesCap,price,$/MWh,78.40585448962693
2031,NGFS2023GCAM_LD,Global,Power,RenewablesCap,price,$/MWh,78.40585448962693
2031,NGFS2023GCAM_B2DS,Global,Power,RenewablesCap,price,$/MWh,78.40585448962693
2031,NGFS2023GCAM_DT,Global,Power,RenewablesCap,price,$/MWh,78.40585448962693
2031,NGFS2023REMIND_NZ2050,Global,Power,RenewablesCap,price,$/MWh,78.40585448962693
2031,NGFS2023REMIND_LD,Global,Power,RenewablesCap,price,$/MWh,78.40585448962693
2031,NGFS2023REMIND_B2DS,Global,Power,RenewablesCap,price,$/MWh,78.40585448962693
2031,NGFS2023REMIND_DT,Global,Power,RenewablesCap,price,$/MWh,78.40585448962693
2031,NGFS2023MESSAGE_NZ2050,Global,Power,RenewablesCap,price,$/MWh,78.40585448962693
2031,NGFS2023MESSAGE_LD,Global,Power,RenewablesCap,price,$/MWh,78.40585448962693
2031,NGFS2023MESSAGE_B2DS,Global,Power,RenewablesCap,price,$/MWh,78.40585448962693
2031,NGFS2023MESSAGE_DT,Global,Power,RenewablesCap,price,$/MWh,78.40585448962693
2032,NGFS2023GCAM_NZ2050,Global,Power,RenewablesCap,price,$/MWh,80.00028476214175
2032,NGFS2023GCAM_LD,Global,Power,RenewablesCap,price,$/MWh,80.00028476214175
2032,NGFS2023GCAM_B2DS,Global,Power,RenewablesCap,price,$/MWh,80.00028476214175
2032,NGFS2023GCAM_DT,Global,Power,RenewablesCap,price,$/MWh,80.00028476214175
2032,NGFS2023REMIND_NZ2050,Global,Power,RenewablesCap,price,$/MWh,80.00028476214175
2032,NGFS2023REMIND_LD,Global,Power,RenewablesCap,price,$/MWh,80.00028476214175
2032,NGFS2023REMIND_B2DS,Global,Power,RenewablesCap,price,$/MWh,80.00028476214175
2032,NGFS2023REMIND_DT,Global,Power,RenewablesCap,price,$/MWh,80.00028476214175
2032,NGFS2023MESSAGE_NZ2050,Global,Power,RenewablesCap,price,$/MWh,80.00028476214175
2032,NGFS2023MESSAGE_LD,Global,Power,RenewablesCap,price,$/MWh,80.00028476214175
2032,NGFS2023MESSAGE_B2DS,Global,Power,RenewablesCap,price,$/MWh,80.00028476214175
2032,NGFS2023MESSAGE_DT,Global,Power,RenewablesCap,price,$/MWh,80.00028476214175
2033,NGFS2023GCAM_NZ2050,Global,Power,RenewablesCap,price,$/MWh,81.53626856119797
2033,NGFS2023GCAM_LD,Global,Power,RenewablesCap,price,$/MWh,81.53626856119797
2033,NGFS2023GCAM_B2DS,Global,Power,RenewablesCap,price,$/MWh,81.53626856119797
2033,NGFS2023GCAM_DT,Global,Power,RenewablesCap,price,$/MWh,81.53626856119797
2033,NGFS2023REMIND_NZ2050,Global,Power,RenewablesCap,price,$/MWh,81.53626856119797
2033,NGFS2023REMIND_LD,Global,Power,RenewablesCap,price,$/MWh,81.53626856119797
2033,NGFS2023REMIND_B2DS,Global,Power,RenewablesCap,price,$/MWh,81.53626856119797
2033,NGFS2023REMIND_DT,Global,Power,RenewablesCap,price,$/MWh,81.53626856119797
2033,NGFS2023MESSAGE_NZ2050,Global,Power,RenewablesCap,price,$/MWh,81.53626856119797
2033,NGFS2023MESSAGE_LD,Global,Power,RenewablesCap,price,$/MWh,81.53626856119797
2033,NGFS2023MESSAGE_B2DS,Global,Power,RenewablesCap,price,$/MWh,81.53626856119797
2033,NGFS2023MESSAGE_DT,Global,Power,RenewablesCap,price,$/MWh,81.53626856119797
2034,NGFS2023GCAM_NZ2050,Global,Power,RenewablesCap,price,$/MWh,83.00868482144365
2034,NGFS2023GCAM_LD,Global,Power,RenewablesCap,price,$/MWh,83.00868482144365
2034,NGFS2023GCAM_B2DS,Global,Power,RenewablesCap,price,$/MWh,83.00868482144365
2034,NGFS2023GCAM_DT,Global,Power,RenewablesCap,price,$/MWh,83.00868482144365
2034,NGFS2023REMIND_NZ2050,Global,Power,RenewablesCap,price,$/MWh,83.00868482144365
2034,NGFS2023REMIND_LD,Global,Power,RenewablesCap,price,$/MWh,83.00868482144365
2034,NGFS2023REMIND_B2DS,Global,Power,RenewablesCap,price,$/MWh,83.00868482144365
2034,NGFS2023REMIND_DT,Global,Power,RenewablesCap,price,$/MWh,83.00868482144365
2034,NGFS2023MESSAGE_NZ2050,Global,Power,RenewablesCap,price,$/MWh,83.00868482144365
2034,NGFS2023MESSAGE_LD,Global,Power,RenewablesCap,price,$/MWh,83.00868482144365
2034,NGFS2023MESSAGE_B2DS,Global,Power,RenewablesCap,price,$/MWh,83.00868482144365
2034,NGFS2023MESSAGE_DT,Global,Power,RenewablesCap,price,$/MWh,83.00868482144365
2035,NGFS2023GCAM_NZ2050,Global,Power,RenewablesCap,price,$/MWh,84.41384314079247
2035,NGFS2023GCAM_LD,Global,Power,RenewablesCap,price,$/MWh,84.41384314079247
2035,NGFS2023GCAM_B2DS,Global,Power,RenewablesCap,price,$/MWh,84.41384314079247
2035,NGFS2023GCAM_DT,Global,Power,RenewablesCap,price,$/MWh,84.41384314079247
2035,NGFS2023REMIND_NZ2050,Global,Power,RenewablesCap,price,$/MWh,84.41384314079247
2035,NGFS2023REMIND_LD,Global,Power,RenewablesCap,price,$/MWh,84.41384314079247
2035,NGFS2023REMIND_B2DS,Global,Power,RenewablesCap,price,$/MWh,84.41384314079247
2035,NGFS2023REMIND_DT,Global,Power,RenewablesCap,price,$/MWh,84.41384314079247
2035,NGFS2023MESSAGE_NZ2050,Global,Power,RenewablesCap,price,$/MWh,84.41384314079247
2035,NGFS2023MESSAGE_LD,Global,Power,RenewablesCap,price,$/MWh,84.41384314079247
2035,NGFS2023MESSAGE_B2DS,Global,Power,RenewablesCap,price,$/MWh,84.41384314079247
2035,NGFS2023MESSAGE_DT,Global,Power,RenewablesCap,price,$/MWh,84.41384314079247
2036,NGFS2023GCAM_NZ2050,Global,Power,RenewablesCap,price,$/MWh,85.74985955380465
2036,NGFS2023GCAM_LD,Global,Power,RenewablesCap,price,$/MWh,85.74985955380465
2036,NGFS2023GCAM_B2DS,Global,Power,RenewablesCap,price,$/MWh,85.74985955380465
2036,NGFS2023GCAM_DT,Global,Power,RenewablesCap,price,$/MWh,85.74985955380465
2036,NGFS2023REMIND_NZ2050,Global,Power,RenewablesCap,price,$/MWh,85.74985955380465
2036,NGFS2023REMIND_LD,Global,Power,RenewablesCap,price,$/MWh,85.74985955380465
2036,NGFS2023REMIND_B2DS,Global,Power,RenewablesCap,price,$/MWh,85.74985955380465
2036,NGFS2023REMIND_DT,Global,Power,RenewablesCap,price,$/MWh,85.74985955380465
2036,NGFS2023MESSAGE_NZ2050,Global,Power,RenewablesCap,price,$/MWh,85.74985955380465
2036,NGFS2023MESSAGE_LD,Global,Power,RenewablesCap,price,$/MWh,85.74985955380465
2036,NGFS2023MESSAGE_B2DS,Global,Power,RenewablesCap,price,$/MWh,85.74985955380465
2036,NGFS2023MESSAGE_DT,Global,Power,RenewablesCap,price,$/MWh,85.74985955380465
2037,NGFS2023GCAM_NZ2050,Global,Power,RenewablesCap,price,$/MWh,87.01674382204423
2037,NGFS2023GCAM_LD,Global,Power,RenewablesCap,price,$/MWh,87.01674382204423
2037,NGFS2023GCAM_B2DS,Global,Power,RenewablesCap,price,$/MWh,87.01674382204423
2037,NGFS2023GCAM_DT,Global,Power,RenewablesCap,price,$/MWh,87.01674382204423
2037,NGFS2023REMIND_NZ2050,Global,Power,RenewablesCap,price,$/MWh,87.01674382204423
2037,NGFS2023REMIND_LD,Global,Power,RenewablesCap,price,$/MWh,87.01674382204423
2037,NGFS2023REMIND_B2DS,Global,Power,RenewablesCap,price,$/MWh,87.01674382204423
2037,NGFS2023REMIND_DT,Global,Power,RenewablesCap,price,$/MWh,87.01674382204423
2037,NGFS2023MESSAGE_NZ2050,Global,Power,RenewablesCap,price,$/MWh,87.01674382204423
2037,NGFS2023MESSAGE_LD,Global,Power,RenewablesCap,price,$/MWh,87.01674382204423
2037,NGFS2023MESSAGE_B2DS,Global,Power,RenewablesCap,price,$/MWh,87.01674382204423
2037,NGFS2023MESSAGE_DT,Global,Power,RenewablesCap,price,$/MWh,87.01674382204423
2038,NGFS2023GCAM_NZ2050,Global,Power,RenewablesCap,price,$/MWh,88.21616891611292
2038,NGFS2023GCAM_LD,Global,Power,RenewablesCap,price,$/MWh,88.21616891611292
2038,NGFS2023GCAM_B2DS,Global,Power,RenewablesCap,price,$/MWh,88.21616891611292
2038,NGFS2023GCAM_DT,Global,Power,RenewablesCap,price,$/MWh,88.21616891611292
2038,NGFS2023REMIND_NZ2050,Global,Power,RenewablesCap,price,$/MWh,88.21616891611292
2038,NGFS2023REMIND_LD,Global,Power,RenewablesCap,price,$/MWh,88.21616891611292
2038,NGFS2023REMIND_B2DS,Global,Power,RenewablesCap,price,$/MWh,88.21616891611292
2038,NGFS2023REMIND_DT,Global,Power,RenewablesCap,price,$/MWh,88.21616891611292
2038,NGFS2023MESSAGE_NZ2050,Global,Power,RenewablesCap,price,$/MWh,88.21616891611292
2038,NGFS2023MESSAGE_LD,Global,Power,RenewablesCap,price,$/MWh,88.21616891611292
2038,NGFS2023MESSAGE_B2DS,Global,Power,RenewablesCap,price,$/MWh,88.21616891611292
2038,NGFS2023MESSAGE_DT,Global,Power,RenewablesCap,price,$/MWh,88.21616891611292
2039,NGFS2023GCAM_NZ2050,Global,Power,RenewablesCap,price,$/MWh,89.35118188480645
2039,NGFS2023GCAM_LD,Global,Power,RenewablesCap,price,$/MWh,89.35118188480645
2039,NGFS2023GCAM_B2DS,Global,Power,RenewablesCap,price,$/MWh,89.35118188480645
2039,NGFS2023GCAM_DT,Global,Power,RenewablesCap,price,$/MWh,89.35118188480645
2039,NGFS2023REMIND_NZ2050,Global,Power,RenewablesCap,price,$/MWh,89.35118188480645
2039,NGFS2023REMIND_LD,Global,Power,RenewablesCap,price,$/MWh,89.35118188480645
2039,NGFS2023REMIND_B2DS,Global,Power,RenewablesCap,price,$/MWh,89.35118188480645
2039,NGFS2023REMIND_DT,Global,Power,RenewablesCap,price,$/MWh,89.35118188480645
2039,NGFS2023MESSAGE_NZ2050,Global,Power,RenewablesCap,price,$/MWh,89.35118188480645
2039,NGFS2023MESSAGE_LD,Global,Power,RenewablesCap,price,$/MWh,89.35118188480645
2039,NGFS2023MESSAGE_B2DS,Global,Power,RenewablesCap,price,$/MWh,89.35118188480645
2039,NGFS2023MESSAGE_DT,Global,Power,RenewablesCap,price,$/MWh,89.35118188480645
2040,NGFS2023GCAM_NZ2050,Global,Power,RenewablesCap,price,$/MWh,90.42571771311876
2040,NGFS2023GCAM_LD,Global,Power,RenewablesCap,price,$/MWh,90.42571771311876
2040,NGFS2023GCAM_B2DS,Global,Power,RenewablesCap,price,$/MWh,90.42571771311876
2040,NGFS2023GCAM_DT,Global,Power,RenewablesCap,price,$/MWh,90.42571771311876
2040,NGFS2023REMIND_NZ2050,Global,Power,RenewablesCap,price,$/MWh,90.42571771311876
2040,NGFS2023REMIND_LD,Global,Power,RenewablesCap,price,$/MWh,90.42571771311876
2040,NGFS2023REMIND_B2DS,Global,Power,RenewablesCap,price,$/MWh,90.42571771311876
2040,NGFS2023REMIND_DT,Global,Power,RenewablesCap,price,$/MWh,90.42571771311876
2040,NGFS2023MESSAGE_NZ2050,Global,Power,RenewablesCap,price,$/MWh,90.42571771311876
2040,NGFS2023MESSAGE_LD,Global,Power,RenewablesCap,price,$/MWh,90.42571771311876
2040,NGFS2023MESSAGE_B2DS,Global,Power,RenewablesCap,price,$/MWh,90.42571771311876
2040,NGFS2023MESSAGE_DT,Global,Power,RenewablesCap,price,$/MWh,90.42571771311876
2041,NGFS2023GCAM_NZ2050,Global,Power,RenewablesCap,price,$/MWh,91.4442125410597
2041,NGFS2023GCAM_LD,Global,Power,RenewablesCap,price,$/MWh,91.4442125410597
2041,NGFS2023GCAM_B2DS,Global,Power,RenewablesCap,price,$/MWh,91.4442125410597
2041,NGFS2023GCAM_DT,Global,Power,RenewablesCap,price,$/MWh,91.4442125410597
2041,NGFS2023REMIND_NZ2050,Global,Power,RenewablesCap,price,$/MWh,91.4442125410597
2041,NGFS2023REMIND_LD,Global,Power,RenewablesCap,price,$/MWh,91.4442125410597
2041,NGFS2023REMIND_B2DS,Global,Power,RenewablesCap,price,$/MWh,91.4442125410597
2041,NGFS2023REMIND_DT,Global,Power,RenewablesCap,price,$/MWh,91.4442125410597
2041,NGFS2023MESSAGE_NZ2050,Global,Power,RenewablesCap,price,$/MWh,91.4442125410597
2041,NGFS2023MESSAGE_LD,Global,Power,RenewablesCap,price,$/MWh,91.4442125410597
2041,NGFS2023MESSAGE_B2DS,Global,Power,RenewablesCap,price,$/MWh,91.4442125410597
2041,NGFS2023MESSAGE_DT,Global,Power,RenewablesCap,price,$/MWh,91.4442125410597
2042,NGFS2023GCAM_NZ2050,Global,Power,RenewablesCap,price,$/MWh,92.41129368104232
2042,NGFS2023GCAM_LD,Global,Power,RenewablesCap,price,$/MWh,92.41129368104232
2042,NGFS2023GCAM_B2DS,Global,Power,RenewablesCap,price,$/MWh,92.41129368104232
2042,NGFS2023GCAM_DT,Global,Power,RenewablesCap,price,$/MWh,92.41129368104232
2042,NGFS2023REMIND_NZ2050,Global,Power,RenewablesCap,price,$/MWh,92.41129368104232
2042,NGFS2023REMIND_LD,Global,Power,RenewablesCap,price,$/MWh,92.41129368104232
2042,NGFS2023REMIND_B2DS,Global,Power,RenewablesCap,price,$/MWh,92.41129368104232
2042,NGFS2023REMIND_DT,Global,Power,RenewablesCap,price,$/MWh,92.41129368104232
2042,NGFS2023MESSAGE_NZ2050,Global,Power,RenewablesCap,price,$/MWh,92.41129368104232
2042,NGFS2023MESSAGE_LD,Global,Power,RenewablesCap,price,$/MWh,92.41129368104232
2042,NGFS2023MESSAGE_B2DS,Global,Power,RenewablesCap,price,$/MWh,92.41129368104232
2042,NGFS2023MESSAGE_DT,Global,Power,RenewablesCap,price,$/MWh,92.41129368104232
2043,NGFS2023GCAM_NZ2050,Global,Power,RenewablesCap,price,$/MWh,93.33155241343826
2043,NGFS2023GCAM_LD,Global,Power,RenewablesCap,price,$/MWh,93.33155241343826
2043,NGFS2023GCAM_B2DS,Global,Power,RenewablesCap,price,$/MWh,93.33155241343826
2043,NGFS2023GCAM_DT,Global,Power,RenewablesCap,price,$/MWh,93.33155241343826
2043,NGFS2023REMIND_NZ2050,Global,Power,RenewablesCap,price,$/MWh,93.33155241343826
2043,NGFS2023REMIND_LD,Global,Power,RenewablesCap,price,$/MWh,93.33155241343826
2043,NGFS2023REMIND_B2DS,Global,Power,RenewablesCap,price,$/MWh,93.33155241343826
2043,NGFS2023REMIND_DT,Global,Power,RenewablesCap,price,$/MWh,93.33155241343826
2043,NGFS2023MESSAGE_NZ2050,Global,Power,RenewablesCap,price,$/MWh,93.33155241343826
2043,NGFS2023MESSAGE_LD,Global,Power,RenewablesCap,price,$/MWh,93.33155241343826
2043,NGFS2023MESSAGE_B2DS,Global,Power,RenewablesCap,price,$/MWh,93.33155241343826
2043,NGFS2023MESSAGE_DT,Global,Power,RenewablesCap,price,$/MWh,93.33155241343826
2044,NGFS2023GCAM_NZ2050,Global,Power,RenewablesCap,price,$/MWh,94.2093900281161
2044,NGFS2023GCAM_LD,Global,Power,RenewablesCap,price,$/MWh,94.2093900281161
2044,NGFS2023GCAM_B2DS,Global,Power,RenewablesCap,price,$/MWh,94.2093900281161
2044,NGFS2023GCAM_DT,Global,Power,RenewablesCap,price,$/MWh,94.2093900281161
2044,NGFS2023REMIND_NZ2050,Global,Power,RenewablesCap,price,$/MWh,94.2093900281161
2044,NGFS2023REMIND_LD,Global,Power,RenewablesCap,price,$/MWh,94.2093900281161
2044,NGFS2023REMIND_B2DS,Global,Power,RenewablesCap,price,$/MWh,94.2093900281161
2044,NGFS2023REMIND_DT,Global,Power,RenewablesCap,price,$/MWh,94.2093900281161
2044,NGFS2023MESSAGE_NZ2050,Global,Power,RenewablesCap,price,$/MWh,94.2093900281161
2044,NGFS2023MESSAGE_LD,Global,Power,RenewablesCap,price,$/MWh,94.2093900281161
2044,NGFS2023MESSAGE_B2DS,Global,Power,RenewablesCap,price,$/MWh,94.2093900281161
2044,NGFS2023MESSAGE_DT,Global,Power,RenewablesCap,price,$/MWh,94.2093900281161
2045,NGFS2023GCAM_NZ2050,Global,Power,RenewablesCap,price,$/MWh,95.04892285479708
2045,NGFS2023GCAM_LD,Global,Power,RenewablesCap,price,$/MWh,95.04892285479708
2045,NGFS2023GCAM_B2DS,Global,Power,RenewablesCap,price,$/MWh,95.04892285479708
2045,NGFS2023GCAM_DT,Global,Power,RenewablesCap,price,$/MWh,95.04892285479708
2045,NGFS2023REMIND_NZ2050,Global,Power,RenewablesCap,price,$/MWh,95.04892285479708
2045,NGFS2023REMIND_LD,Global,Power,RenewablesCap,price,$/MWh,95.04892285479708
2045,NGFS2023REMIND_B2DS,Global,Power,RenewablesCap,price,$/MWh,95.04892285479708
2045,NGFS2023REMIND_DT,Global,Power,RenewablesCap,price,$/MWh,95.04892285479708
2045,NGFS2023MESSAGE_NZ2050,Global,Power,RenewablesCap,price,$/MWh,95.04892285479708
2045,NGFS2023MESSAGE_LD,Global,Power,RenewablesCap,price,$/MWh,95.04892285479708
2045,NGFS2023MESSAGE_B2DS,Global,Power,RenewablesCap,price,$/MWh,95.04892285479708
2045,NGFS2023MESSAGE_DT,Global,Power,RenewablesCap,price,$/MWh,95.04892285479708
2046,NGFS2023GCAM_NZ2050,Global,Power,RenewablesCap,price,$/MWh,95.85251207850358
2046,NGFS2023GCAM_LD,Global,Power,RenewablesCap,price,$/MWh,95.85251207850358
2046,NGFS2023GCAM_B2DS,Global,Power,RenewablesCap,price,$/MWh,95.85251207850358
2046,NGFS2023GCAM_DT,Global,Power,RenewablesCap,price,$/MWh,95.85251207850358
2046,NGFS2023REMIND_NZ2050,Global,Power,RenewablesCap,price,$/MWh,95.85251207850358
2046,NGFS2023REMIND_LD,Global,Power,RenewablesCap,price,$/MWh,95.85251207850358
2046,NGFS2023REMIND_B2DS,Global,Power,RenewablesCap,price,$/MWh,95.85251207850358
2046,NGFS2023REMIND_DT,Global,Power,RenewablesCap,price,$/MWh,95.85251207850358
2046,NGFS2023MESSAGE_NZ2050,Global,Power,RenewablesCap,price,$/MWh,95.85251207850358
2046,NGFS2023MESSAGE_LD,Global,Power,RenewablesCap,price,$/MWh,95.85251207850358
2046,NGFS2023MESSAGE_B2DS,Global,Power,RenewablesCap,price,$/MWh,95.85251207850358
2046,NGFS2023MESSAGE_DT,Global,Power,RenewablesCap,price,$/MWh,95.85251207850358
2047,NGFS2023GCAM_NZ2050,Global,Power,RenewablesCap,price,$/MWh,96.62346734263636
2047,NGFS2023GCAM_LD,Global,Power,RenewablesCap,price,$/MWh,96.62346734263636
2047,NGFS2023GCAM_B2DS,Global,Power,RenewablesCap,price,$/MWh,96.62346734263636
2047,NGFS2023GCAM_DT,Global,Power,RenewablesCap,price,$/MWh,96.62346734263636
2047,NGFS2023REMIND_NZ2050,Global,Power,RenewablesCap,price,$/MWh,96.62346734263636
2047,NGFS2023REMIND_LD,Global,Power,RenewablesCap,price,$/MWh,96.62346734263636
2047,NGFS2023REMIND_B2DS,Global,Power,RenewablesCap,price,$/MWh,96.62346734263636
2047,NGFS2023REMIND_DT,Global,Power,RenewablesCap,price,$/MWh,96.62346734263636
2047,NGFS2023MESSAGE_NZ2050,Global,Power,RenewablesCap,price,$/MWh,96.62346734263636
2047,NGFS2023MESSAGE_LD,Global,Power,RenewablesCap,price,$/MWh,96.62346734263636
2047,NGFS2023MESSAGE_B2DS,Global,Power,RenewablesCap,price,$/MWh,96.62346734263636
2047,NGFS2023MESSAGE_DT,Global,Power,RenewablesCap,price,$/MWh,96.62346734263636
2048,NGFS2023GCAM_NZ2050,Global,Power,RenewablesCap,price,$/MWh,97.36473127601928
2048,NGFS2023GCAM_LD,Global,Power,RenewablesCap,price,$/MWh,97.36473127601928
2048,NGFS2023GCAM_B2DS,Global,Power,RenewablesCap,price,$/MWh,97.36473127601928
2048,NGFS2023GCAM_DT,Global,Power,RenewablesCap,price,$/MWh,97.36473127601928
2048,NGFS2023REMIND_NZ2050,Global,Power,RenewablesCap,price,$/MWh,97.36473127601928
2048,NGFS2023REMIND_LD,Global,Power,RenewablesCap,price,$/MWh,97.36473127601928
2048,NGFS2023REMIND_B2DS,Global,Power,RenewablesCap,price,$/MWh,97.36473127601928
2048,NGFS2023REMIND_DT,Global,Power,RenewablesCap,price,$/MWh,97.36473127601928
2048,NGFS2023MESSAGE_NZ2050,Global,Power,RenewablesCap,price,$/MWh,97.36473127601928
2048,NGFS2023MESSAGE_LD,Global,Power,RenewablesCap,price,$/MWh,97.36473127601928
2048,NGFS2023MESSAGE_B2DS,Global,Power,RenewablesCap,price,$/MWh,97.36473127601928
2048,NGFS2023MESSAGE_DT,Global,Power,RenewablesCap,price,$/MWh,97.36473127601928
2049,NGFS2023GCAM_NZ2050,Global,Power,RenewablesCap,price,$/MWh,98.07884586629326
2049,NGFS2023GCAM_LD,Global,Power,RenewablesCap,price,$/MWh,98.07884586629326
2049,NGFS2023GCAM_B2DS,Global,Power,RenewablesCap,price,$/MWh,98.07884586629326
2049,NGFS2023GCAM_DT,Global,Power,RenewablesCap,price,$/MWh,98.07884586629326
2049,NGFS2023REMIND_NZ2050,Global,Power,RenewablesCap,price,$/MWh,98.07884586629326
2049,NGFS2023REMIND_LD,Global,Power,RenewablesCap,price,$/MWh,98.07884586629326
2049,NGFS2023REMIND_B2DS,Global,Power,RenewablesCap,price,$/MWh,98.07884586629326
2049,NGFS2023REMIND_DT,Global,Power,RenewablesCap,price,$/MWh,98.07884586629326
2049,NGFS2023MESSAGE_NZ2050,Global,Power,RenewablesCap,price,$/MWh,98.07884586629326
2049,NGFS2023MESSAGE_LD,Global,Power,RenewablesCap,price,$/MWh,98.07884586629326
2049,NGFS2023MESSAGE_B2DS,Global,Power,RenewablesCap,price,$/MWh,98.07884586629326
2049,NGFS2023MESSAGE_DT,Global,Power,RenewablesCap,price,$/MWh,98.07884586629326
2050,NGFS2023GCAM_NZ2050,Global,Power,RenewablesCap,price,$/MWh,98.7683514654581
2050,NGFS2023GCAM_LD,Global,Power,RenewablesCap,price,$/MWh,98.7683514654581
2050,NGFS2023GCAM_B2DS,Global,Power,RenewablesCap,price,$/MWh,98.7683514654581
2050,NGFS2023GCAM_DT,Global,Power,RenewablesCap,price,$/MWh,98.7683514654581
2050,NGFS2023REMIND_NZ2050,Global,Power,RenewablesCap,price,$/MWh,98.7683514654581
2050,NGFS2023REMIND_LD,Global,Power,RenewablesCap,price,$/MWh,98.7683514654581
2050,NGFS2023REMIND_B2DS,Global,Power,RenewablesCap,price,$/MWh,98.7683514654581
2050,NGFS2023REMIND_DT,Global,Power,RenewablesCap,price,$/MWh,98.7683514654581
2050,NGFS2023MESSAGE_NZ2050,Global,Power,RenewablesCap,price,$/MWh,98.7683514654581
2050,NGFS2023MESSAGE_LD,Global,Power,RenewablesCap,price,$/MWh,98.7683514654581
2050,NGFS2023MESSAGE_B2DS,Global,Power,RenewablesCap,price,$/MWh,98.7683514654581
2050,NGFS2023MESSAGE_DT,Global,Power,RenewablesCap,price,$/MWh,98.7683514654581
2051,NGFS2023GCAM_NZ2050,Global,Power,RenewablesCap,price,$/MWh,99.43547531690596
2051,NGFS2023GCAM_LD,Global,Power,RenewablesCap,price,$/MWh,99.43547531690596
2051,NGFS2023GCAM_B2DS,Global,Power,RenewablesCap,price,$/MWh,99.43547531690596
2051,NGFS2023GCAM_DT,Global,Power,RenewablesCap,price,$/MWh,99.43547531690596
2051,NGFS2023REMIND_NZ2050,Global,Power,RenewablesCap,price,$/MWh,99.43547531690596
2051,NGFS2023REMIND_LD,Global,Power,RenewablesCap,price,$/MWh,99.43547531690596
2051,NGFS2023REMIND_B2DS,Global,Power,RenewablesCap,price,$/MWh,99.43547531690596
2051,NGFS2023REMIND_DT,Global,Power,RenewablesCap,price,$/MWh,99.43547531690596
2051,NGFS2023MESSAGE_NZ2050,Global,Power,RenewablesCap,price,$/MWh,99.43547531690596
2051,NGFS2023MESSAGE_LD,Global,Power,RenewablesCap,price,$/MWh,99.43547531690596
2051,NGFS2023MESSAGE_B2DS,Global,Power,RenewablesCap,price,$/MWh,99.43547531690596
2051,NGFS2023MESSAGE_DT,Global,Power,RenewablesCap,price,$/MWh,99.43547531690596
2052,NGFS2023GCAM_NZ2050,Global,Power,RenewablesCap,price,$/MWh,100.08231297426978
2052,NGFS2023GCAM_LD,Global,Power,RenewablesCap,price,$/MWh,100.08231297426978
2052,NGFS2023GCAM_B2DS,Global,Power,RenewablesCap,price,$/MWh,100.08231297426978
2052,NGFS2023GCAM_DT,Global,Power,RenewablesCap,price,$/MWh,100.08231297426978
2052,NGFS2023REMIND_NZ2050,Global,Power,RenewablesCap,price,$/MWh,100.08231297426978
2052,NGFS2023REMIND_LD,Global,Power,RenewablesCap,price,$/MWh,100.08231297426978
2052,NGFS2023REMIND_B2DS,Global,Power,RenewablesCap,price,$/MWh,100.08231297426978
2052,NGFS2023REMIND_DT,Global,Power,RenewablesCap,price,$/MWh,100.08231297426978
2052,NGFS2023MESSAGE_NZ2050,Global,Power,RenewablesCap,price,$/MWh,100.08231297426978
2052,NGFS2023MESSAGE_LD,Global,Power,RenewablesCap,price,$/MWh,100.08231297426978
2052,NGFS2023MESSAGE_B2DS,Global,Power,RenewablesCap,price,$/MWh,100.08231297426978
2052,NGFS2023MESSAGE_DT,Global,Power,RenewablesCap,price,$/MWh,100.08231297426978
2053,NGFS2023GCAM_NZ2050,Global,Power,RenewablesCap,price,$/MWh,100.71074231814129
2053,NGFS2023GCAM_LD,Global,Power,RenewablesCap,price,$/MWh,100.71074231814129
2053,NGFS2023GCAM_B2DS,Global,Power,RenewablesCap,price,$/MWh,100.71074231814129
2053,NGFS2023GCAM_DT,Global,Power,RenewablesCap,price,$/MWh,100.71074231814129
2053,NGFS2023REMIND_NZ2050,Global,Power,RenewablesCap,price,$/MWh,100.71074231814129
2053,NGFS2023REMIND_LD,Global,Power,RenewablesCap,price,$/MWh,100.71074231814129
2053,NGFS2023REMIND_B2DS,Global,Power,RenewablesCap,price,$/MWh,100.71074231814129
2053,NGFS2023REMIND_DT,Global,Power,RenewablesCap,price,$/MWh,100.71074231814129
2053,NGFS2023MESSAGE_NZ2050,Global,Power,RenewablesCap,price,$/MWh,100.71074231814129
2053,NGFS2023MESSAGE_LD,Global,Power,RenewablesCap,price,$/MWh,100.71074231814129
2053,NGFS2023MESSAGE_B2DS,Global,Power,RenewablesCap,price,$/MWh,100.71074231814129
2053,NGFS2023MESSAGE_DT,Global,Power,RenewablesCap,price,$/MWh,100.71074231814129
2054,NGFS2023GCAM_NZ2050,Global,Power,RenewablesCap,price,$/MWh,101.32244299194608
2054,NGFS2023GCAM_LD,Global,Power,RenewablesCap,price,$/MWh,101.32244299194608
2054,NGFS2023GCAM_B2DS,Global,Power,RenewablesCap,price,$/MWh,101.32244299194608
2054,NGFS2023GCAM_DT,Global,Power,RenewablesCap,price,$/MWh,101.32244299194608
2054,NGFS2023REMIND_NZ2050,Global,Power,RenewablesCap,price,$/MWh,101.32244299194608
2054,NGFS2023REMIND_LD,Global,Power,RenewablesCap,price,$/MWh,101.32244299194608
2054,NGFS2023REMIND_B2DS,Global,Power,RenewablesCap,price,$/MWh,101.32244299194608
2054,NGFS2023REMIND_DT,Global,Power,RenewablesCap,price,$/MWh,101.32244299194608
2054,NGFS2023MESSAGE_NZ2050,Global,Power,RenewablesCap,price,$/MWh,101.32244299194608
2054,NGFS2023MESSAGE_LD,Global,Power,RenewablesCap,price,$/MWh,101.32244299194608
2054,NGFS2023MESSAGE_B2DS,Global,Power,RenewablesCap,price,$/MWh,101.32244299194608
2054,NGFS2023MESSAGE_DT,Global,Power,RenewablesCap,price,$/MWh,101.32244299194608
2055,NGFS2023GCAM_NZ2050,Global,Power,RenewablesCap,price,$/MWh,101.91891478792334
2055,NGFS2023GCAM_LD,Global,Power,RenewablesCap,price,$/MWh,101.91891478792334
2055,NGFS2023GCAM_B2DS,Global,Power,RenewablesCap,price,$/MWh,101.91891478792334
2055,NGFS2023GCAM_DT,Global,Power,RenewablesCap,price,$/MWh,101.91891478792334
2055,NGFS2023REMIND_NZ2050,Global,Power,RenewablesCap,price,$/MWh,101.91891478792334
2055,NGFS2023REMIND_LD,Global,Power,RenewablesCap,price,$/MWh,101.91891478792334
2055,NGFS2023REMIND_B2DS,Global,Power,RenewablesCap,price,$/MWh,101.91891478792334
2055,NGFS2023REMIND_DT,Global,Power,RenewablesCap,price,$/MWh,101.91891478792334
2055,NGFS2023MESSAGE_NZ2050,Global,Power,RenewablesCap,price,$/MWh,101.91891478792334
2055,NGFS2023MESSAGE_LD,Global,Power,RenewablesCap,price,$/MWh,101.91891478792334
2055,NGFS2023MESSAGE_B2DS,Global,Power,RenewablesCap,price,$/MWh,101.91891478792334
2055,NGFS2023MESSAGE_DT,Global,Power,RenewablesCap,price,$/MWh,101.91891478792334
2056,NGFS2023GCAM_NZ2050,Global,Power,RenewablesCap,price,$/MWh,102.50115832483236
2056,NGFS2023GCAM_LD,Global,Power,RenewablesCap,price,$/MWh,102.50115832483236
2056,NGFS2023GCAM_B2DS,Global,Power,RenewablesCap,price,$/MWh,102.50115832483236
2056,NGFS2023GCAM_DT,Global,Power,RenewablesCap,price,$/MWh,102.50115832483236
2056,NGFS2023REMIND_NZ2050,Global,Power,RenewablesCap,price,$/MWh,102.50115832483236
2056,NGFS2023REMIND_LD,Global,Power,RenewablesCap,price,$/MWh,102.50115832483236
2056,NGFS2023REMIND_B2DS,Global,Power,RenewablesCap,price,$/MWh,102.50115832483236
2056,NGFS2023REMIND_DT,Global,Power,RenewablesCap,price,$/MWh,102.50115832483236
2056,NGFS2023MESSAGE_NZ2050,Global,Power,RenewablesCap,price,$/MWh,102.50115832483236
2056,NGFS2023MESSAGE_LD,Global,Power,RenewablesCap,price,$/MWh,102.50115832483236
2056,NGFS2023MESSAGE_B2DS,Global,Power,RenewablesCap,price,$/MWh,102.50115832483236
2056,NGFS2023MESSAGE_DT,Global,Power,RenewablesCap,price,$/MWh,102.50115832483236
2057,NGFS2023GCAM_NZ2050,Global,Power,RenewablesCap,price,$/MWh,103.070432226142
2057,NGFS2023GCAM_LD,Global,Power,RenewablesCap,price,$/MWh,103.070432226142
2057,NGFS2023GCAM_B2DS,Global,Power,RenewablesCap,price,$/MWh,103.070432226142
2057,NGFS2023GCAM_DT,Global,Power,RenewablesCap,price,$/MWh,103.070432226142
2057,NGFS2023REMIND_NZ2050,Global,Power,RenewablesCap,price,$/MWh,103.070432226142
2057,NGFS2023REMIND_LD,Global,Power,RenewablesCap,price,$/MWh,103.070432226142
2057,NGFS2023REMIND_B2DS,Global,Power,RenewablesCap,price,$/MWh,103.070432226142
2057,NGFS2023REMIND_DT,Global,Power,RenewablesCap,price,$/MWh,103.070432226142
2057,NGFS2023MESSAGE_NZ2050,Global,Power,RenewablesCap,price,$/MWh,103.070432226142
2057,NGFS2023MESSAGE_LD,Global,Power,RenewablesCap,price,$/MWh,103.070432226142
2057,NGFS2023MESSAGE_B2DS,Global,Power,RenewablesCap,price,$/MWh,103.070432226142
2057,NGFS2023MESSAGE_DT,Global,Power,RenewablesCap,price,$/MWh,103.070432226142
2058,NGFS2023GCAM_NZ2050,Global,Power,RenewablesCap,price,$/MWh,103.6279148861288
2058,NGFS2023GCAM_LD,Global,Power,RenewablesCap,price,$/MWh,103.6279148861288
2058,NGFS2023GCAM_B2DS,Global,Power,RenewablesCap,price,$/MWh,103.6279148861288
2058,NGFS2023GCAM_DT,Global,Power,RenewablesCap,price,$/MWh,103.6279148861288
2058,NGFS2023REMIND_NZ2050,Global,Power,RenewablesCap,price,$/MWh,103.6279148861288
2058,NGFS2023REMIND_LD,Global,Power,RenewablesCap,price,$/MWh,103.6279148861288
2058,NGFS2023REMIND_B2DS,Global,Power,RenewablesCap,price,$/MWh,103.6279148861288
2058,NGFS2023REMIND_DT,Global,Power,RenewablesCap,price,$/MWh,103.6279148861288
2058,NGFS2023MESSAGE_NZ2050,Global,Power,RenewablesCap,price,$/MWh,103.6279148861288
2058,NGFS2023MESSAGE_LD,Global,Power,RenewablesCap,price,$/MWh,103.6279148861288
2058,NGFS2023MESSAGE_B2DS,Global,Power,RenewablesCap,price,$/MWh,103.6279148861288
2058,NGFS2023MESSAGE_DT,Global,Power,RenewablesCap,price,$/MWh,103.6279148861288
2059,NGFS2023GCAM_NZ2050,Global,Power,RenewablesCap,price,$/MWh,104.17331342063336
2059,NGFS2023GCAM_LD,Global,Power,RenewablesCap,price,$/MWh,104.17331342063336
2059,NGFS2023GCAM_B2DS,Global,Power,RenewablesCap,price,$/MWh,104.17331342063336
2059,NGFS2023GCAM_DT,Global,Power,RenewablesCap,price,$/MWh,104.17331342063336
2059,NGFS2023REMIND_NZ2050,Global,Power,RenewablesCap,price,$/MWh,104.17331342063336
2059,NGFS2023REMIND_LD,Global,Power,RenewablesCap,price,$/MWh,104.17331342063336
2059,NGFS2023REMIND_B2DS,Global,Power,RenewablesCap,price,$/MWh,104.17331342063336
2059,NGFS2023REMIND_DT,Global,Power,RenewablesCap,price,$/MWh,104.17331342063336
2059,NGFS2023MESSAGE_NZ2050,Global,Power,RenewablesCap,price,$/MWh,104.17331342063336
2059,NGFS2023MESSAGE_LD,Global,Power,RenewablesCap,price,$/MWh,104.17331342063336
2059,NGFS2023MESSAGE_B2DS,Global,Power,RenewablesCap,price,$/MWh,104.17331342063336
2059,NGFS2023MESSAGE_DT,Global,Power,RenewablesCap,price,$/MWh,104.17331342063336
2060,NGFS2023GCAM_NZ2050,Global,Power,RenewablesCap,price,$/MWh,104.70650542144456
2060,NGFS2023GCAM_LD,Global,Power,RenewablesCap,price,$/MWh,104.70650542144456
2060,NGFS2023GCAM_B2DS,Global,Power,RenewablesCap,price,$/MWh,104.70650542144456
2060,NGFS2023GCAM_DT,Global,Power,RenewablesCap,price,$/MWh,104.70650542144456
2060,NGFS2023REMIND_NZ2050,Global,Power,RenewablesCap,price,$/MWh,104.70650542144456
2060,NGFS2023REMIND_LD,Global,Power,RenewablesCap,price,$/MWh,104.70650542144456
2060,NGFS2023REMIND_B2DS,Global,Power,RenewablesCap,price,$/MWh,104.70650542144456
2060,NGFS2023REMIND_DT,Global,Power,RenewablesCap,price,$/MWh,104.70650542144456
2060,NGFS2023MESSAGE_NZ2050,Global,Power,RenewablesCap,price,$/MWh,104.70650542144456
2060,NGFS2023MESSAGE_LD,Global,Power,RenewablesCap,price,$/MWh,104.70650542144456
2060,NGFS2023MESSAGE_B2DS,Global,Power,RenewablesCap,price,$/MWh,104.70650542144456
2060,NGFS2023MESSAGE_DT,Global,Power,RenewablesCap,price,$/MWh,104.70650542144456
2061,NGFS2023GCAM_NZ2050,Global,Power,RenewablesCap,price,$/MWh,105.22750610362428
2061,NGFS2023GCAM_LD,Global,Power,RenewablesCap,price,$/MWh,105.22750610362428
2061,NGFS2023GCAM_B2DS,Global,Power,RenewablesCap,price,$/MWh,105.22750610362428
2061,NGFS2023GCAM_DT,Global,Power,RenewablesCap,price,$/MWh,105.22750610362428
2061,NGFS2023REMIND_NZ2050,Global,Power,RenewablesCap,price,$/MWh,105.22750610362428
2061,NGFS2023REMIND_LD,Global,Power,RenewablesCap,price,$/MWh,105.22750610362428
2061,NGFS2023REMIND_B2DS,Global,Power,RenewablesCap,price,$/MWh,105.22750610362428
2061,NGFS2023REMIND_DT,Global,Power,RenewablesCap,price,$/MWh,105.22750610362428
2061,NGFS2023MESSAGE_NZ2050,Global,Power,RenewablesCap,price,$/MWh,105.22750610362428
2061,NGFS2023MESSAGE_LD,Global,Power,RenewablesCap,price,$/MWh,105.22750610362428
2061,NGFS2023MESSAGE_B2DS,Global,Power,RenewablesCap,price,$/MWh,105.22750610362428
2061,NGFS2023MESSAGE_DT,Global,Power,RenewablesCap,price,$/MWh,105.22750610362428
2062,NGFS2023GCAM_NZ2050,Global,Power,RenewablesCap,price,$/MWh,105.7368774624905
2062,NGFS2023GCAM_LD,Global,Power,RenewablesCap,price,$/MWh,105.7368774624905
2062,NGFS2023GCAM_B2DS,Global,Power,RenewablesCap,price,$/MWh,105.7368774624905
2062,NGFS2023GCAM_DT,Global,Power,RenewablesCap,price,$/MWh,105.7368774624905
2062,NGFS2023REMIND_NZ2050,Global,Power,RenewablesCap,price,$/MWh,105.7368774624905
2062,NGFS2023REMIND_LD,Global,Power,RenewablesCap,price,$/MWh,105.7368774624905
2062,NGFS2023REMIND_B2DS,Global,Power,RenewablesCap,price,$/MWh,105.7368774624905
2062,NGFS2023REMIND_DT,Global,Power,RenewablesCap,price,$/MWh,105.7368774624905
2062,NGFS2023MESSAGE_NZ2050,Global,Power,RenewablesCap,price,$/MWh,105.7368774624905
2062,NGFS2023MESSAGE_LD,Global,Power,RenewablesCap,price,$/MWh,105.7368774624905
2062,NGFS2023MESSAGE_B2DS,Global,Power,RenewablesCap,price,$/MWh,105.7368774624905
2062,NGFS2023MESSAGE_DT,Global,Power,RenewablesCap,price,$/MWh,105.7368774624905
2063,NGFS2023GCAM_NZ2050,Global,Power,RenewablesCap,price,$/MWh,106.23543808145187
2063,NGFS2023GCAM_LD,Global,Power,RenewablesCap,price,$/MWh,106.23543808145187
2063,NGFS2023GCAM_B2DS,Global,Power,RenewablesCap,price,$/MWh,106.23543808145187
2063,NGFS2023GCAM_DT,Global,Power,RenewablesCap,price,$/MWh,106.23543808145187
2063,NGFS2023REMIND_NZ2050,Global,Power,RenewablesCap,price,$/MWh,106.23543808145187
2063,NGFS2023REMIND_LD,Global,Power,RenewablesCap,price,$/MWh,106.23543808145187
2063,NGFS2023REMIND_B2DS,Global,Power,RenewablesCap,price,$/MWh,106.23543808145187
2063,NGFS2023REMIND_DT,Global,Power,RenewablesCap,price,$/MWh,106.23543808145187
2063,NGFS2023MESSAGE_NZ2050,Global,Power,RenewablesCap,price,$/MWh,106.23543808145187
2063,NGFS2023MESSAGE_LD,Global,Power,RenewablesCap,price,$/MWh,106.23543808145187
2063,NGFS2023MESSAGE_B2DS,Global,Power,RenewablesCap,price,$/MWh,106.23543808145187
2063,NGFS2023MESSAGE_DT,Global,Power,RenewablesCap,price,$/MWh,106.23543808145187
2064,NGFS2023GCAM_NZ2050,Global,Power,RenewablesCap,price,$/MWh,106.72392590783063
2064,NGFS2023GCAM_LD,Global,Power,RenewablesCap,price,$/MWh,106.72392590783063
2064,NGFS2023GCAM_B2DS,Global,Power,RenewablesCap,price,$/MWh,106.72392590783063
2064,NGFS2023GCAM_DT,Global,Power,RenewablesCap,price,$/MWh,106.72392590783063
2064,NGFS2023REMIND_NZ2050,Global,Power,RenewablesCap,price,$/MWh,106.72392590783063
2064,NGFS2023REMIND_LD,Global,Power,RenewablesCap,price,$/MWh,106.72392590783063
2064,NGFS2023REMIND_B2DS,Global,Power,RenewablesCap,price,$/MWh,106.72392590783063
2064,NGFS2023REMIND_DT,Global,Power,RenewablesCap,price,$/MWh,106.72392590783063
2064,NGFS2023MESSAGE_NZ2050,Global,Power,RenewablesCap,price,$/MWh,106.72392590783063
2064,NGFS2023MESSAGE_LD,Global,Power,RenewablesCap,price,$/MWh,106.72392590783063
2064,NGFS2023MESSAGE_B2DS,Global,Power,RenewablesCap,price,$/MWh,106.72392590783063
2064,NGFS2023MESSAGE_DT,Global,Power,RenewablesCap,price,$/MWh,106.72392590783063
2065,NGFS2023GCAM_NZ2050,Global,Power,RenewablesCap,price,$/MWh,107.20300860266651
2065,NGFS2023GCAM_LD,Global,Power,RenewablesCap,price,$/MWh,107.20300860266651
2065,NGFS2023GCAM_B2DS,Global,Power,RenewablesCap,price,$/MWh,107.20300860266651
2065,NGFS2023GCAM_DT,Global,Power,RenewablesCap,price,$/MWh,107.20300860266651
2065,NGFS2023REMIND_NZ2050,Global,Power,RenewablesCap,price,$/MWh,107.20300860266651
2065,NGFS2023REMIND_LD,Global,Power,RenewablesCap,price,$/MWh,107.20300860266651
2065,NGFS2023REMIND_B2DS,Global,Power,RenewablesCap,price,$/MWh,107.20300860266651
2065,NGFS2023REMIND_DT,Global,Power,RenewablesCap,price,$/MWh,107.20300860266651
2065,NGFS2023MESSAGE_NZ2050,Global,Power,RenewablesCap,price,$/MWh,107.20300860266651
2065,NGFS2023MESSAGE_LD,Global,Power,RenewablesCap,price,$/MWh,107.20300860266651
2065,NGFS2023MESSAGE_B2DS,Global,Power,RenewablesCap,price,$/MWh,107.20300860266651
2065,NGFS2023MESSAGE_DT,Global,Power,RenewablesCap,price,$/MWh,107.20300860266651
2066,NGFS2023GCAM_NZ2050,Global,Power,RenewablesCap,price,$/MWh,107.67329221476795
2066,NGFS2023GCAM_LD,Global,Power,RenewablesCap,price,$/MWh,107.67329221476795
2066,NGFS2023GCAM_B2DS,Global,Power,RenewablesCap,price,$/MWh,107.67329221476795
2066,NGFS2023GCAM_DT,Global,Power,RenewablesCap,price,$/MWh,107.67329221476795
2066,NGFS2023REMIND_NZ2050,Global,Power,RenewablesCap,price,$/MWh,107.67329221476795
2066,NGFS2023REMIND_LD,Global,Power,RenewablesCap,price,$/MWh,107.67329221476795
2066,NGFS2023REMIND_B2DS,Global,Power,RenewablesCap,price,$/MWh,107.67329221476795
2066,NGFS2023REMIND_DT,Global,Power,RenewablesCap,price,$/MWh,107.67329221476795
2066,NGFS2023MESSAGE_NZ2050,Global,Power,RenewablesCap,price,$/MWh,107.67329221476795
2066,NGFS2023MESSAGE_LD,Global,Power,RenewablesCap,price,$/MWh,107.67329221476795
2066,NGFS2023MESSAGE_B2DS,Global,Power,RenewablesCap,price,$/MWh,107.67329221476795
2066,NGFS2023MESSAGE_DT,Global,Power,RenewablesCap,price,$/MWh,107.67329221476795
2067,NGFS2023GCAM_NZ2050,Global,Power,RenewablesCap,price,$/MWh,108.13532870846322
2067,NGFS2023GCAM_LD,Global,Power,RenewablesCap,price,$/MWh,108.13532870846322
2067,NGFS2023GCAM_B2DS,Global,Power,RenewablesCap,price,$/MWh,108.13532870846322
2067,NGFS2023GCAM_DT,Global,Power,RenewablesCap,price,$/MWh,108.13532870846322
2067,NGFS2023REMIND_NZ2050,Global,Power,RenewablesCap,price,$/MWh,108.13532870846322
2067,NGFS2023REMIND_LD,Global,Power,RenewablesCap,price,$/MWh,108.13532870846322
2067,NGFS2023REMIND_B2DS,Global,Power,RenewablesCap,price,$/MWh,108.13532870846322
2067,NGFS2023REMIND_DT,Global,Power,RenewablesCap,price,$/MWh,108.13532870846322
2067,NGFS2023MESSAGE_NZ2050,Global,Power,RenewablesCap,price,$/MWh,108.13532870846322
2067,NGFS2023MESSAGE_LD,Global,Power,RenewablesCap,price,$/MWh,108.13532870846322
2067,NGFS2023MESSAGE_B2DS,Global,Power,RenewablesCap,price,$/MWh,108.13532870846322
2067,NGFS2023MESSAGE_DT,Global,Power,RenewablesCap,price,$/MWh,108.13532870846322
2068,NGFS2023GCAM_NZ2050,Global,Power,RenewablesCap,price,$/MWh,108.58962212323333
2068,NGFS2023GCAM_LD,Global,Power,RenewablesCap,price,$/MWh,108.58962212323333
2068,NGFS2023GCAM_B2DS,Global,Power,RenewablesCap,price,$/MWh,108.58962212323333
2068,NGFS2023GCAM_DT,Global,Power,RenewablesCap,price,$/MWh,108.58962212323333
2068,NGFS2023REMIND_NZ2050,Global,Power,RenewablesCap,price,$/MWh,108.58962212323333
2068,NGFS2023REMIND_LD,Global,Power,RenewablesCap,price,$/MWh,108.58962212323333
2068,NGFS2023REMIND_B2DS,Global,Power,RenewablesCap,price,$/MWh,108.58962212323333
2068,NGFS2023REMIND_DT,Global,Power,RenewablesCap,price,$/MWh,108.58962212323333
2068,NGFS2023MESSAGE_NZ2050,Global,Power,RenewablesCap,price,$/MWh,108.58962212323333
2068,NGFS2023MESSAGE_LD,Global,Power,RenewablesCap,price,$/MWh,108.58962212323333
2068,NGFS2023MESSAGE_B2DS,Global,Power,RenewablesCap,price,$/MWh,108.58962212323333
2068,NGFS2023MESSAGE_DT,Global,Power,RenewablesCap,price,$/MWh,108.58962212323333
2069,NGFS2023GCAM_NZ2050,Global,Power,RenewablesCap,price,$/MWh,109.03663410877698
2069,NGFS2023GCAM_LD,Global,Power,RenewablesCap,price,$/MWh,109.03663410877698
2069,NGFS2023GCAM_B2DS,Global,Power,RenewablesCap,price,$/MWh,109.03663410877698
2069,NGFS2023GCAM_DT,Global,Power,RenewablesCap,price,$/MWh,109.03663410877698
2069,NGFS2023REMIND_NZ2050,Global,Power,RenewablesCap,price,$/MWh,109.03663410877698
2069,NGFS2023REMIND_LD,Global,Power,RenewablesCap,price,$/MWh,109.03663410877698
2069,NGFS2023REMIND_B2DS,Global,Power,RenewablesCap,price,$/MWh,109.03663410877698
2069,NGFS2023REMIND_DT,Global,Power,RenewablesCap,price,$/MWh,109.03663410877698
2069,NGFS2023MESSAGE_NZ2050,Global,Power,RenewablesCap,price,$/MWh,109.03663410877698
2069,NGFS2023MESSAGE_LD,Global,Power,RenewablesCap,price,$/MWh,109.03663410877698
2069,NGFS2023MESSAGE_B2DS,Global,Power,RenewablesCap,price,$/MWh,109.03663410877698
2069,NGFS2023MESSAGE_DT,Global,Power,RenewablesCap,price,$/MWh,109.03663410877698
2070,NGFS2023GCAM_NZ2050,Global,Power,OilCap,price,$/MWh,58.78864416982829
2070,NGFS2023GCAM_LD,Global,Power,OilCap,price,$/MWh,58.78864416982829
2070,NGFS2023GCAM_B2DS,Global,Power,OilCap,price,$/MWh,58.78864416982829
2070,NGFS2023GCAM_DT,Global,Power,OilCap,price,$/MWh,58.78864416982829
2070,NGFS2023REMIND_NZ2050,Global,Power,OilCap,price,$/MWh,58.78864416982829
2070,NGFS2023REMIND_LD,Global,Power,OilCap,price,$/MWh,58.78864416982829
2070,NGFS2023REMIND_B2DS,Global,Power,OilCap,price,$/MWh,58.78864416982829
2070,NGFS2023REMIND_DT,Global,Power,OilCap,price,$/MWh,58.78864416982829
2070,NGFS2023MESSAGE_NZ2050,Global,Power,OilCap,price,$/MWh,58.78864416982829
2070,NGFS2023MESSAGE_LD,Global,Power,OilCap,price,$/MWh,58.78864416982829
2070,NGFS2023MESSAGE_B2DS,Global,Power,OilCap,price,$/MWh,58.78864416982829
2070,NGFS2023MESSAGE_DT,Global,Power,OilCap,price,$/MWh,58.78864416982829
2070,NGFS2023GCAM_NZ2050,Global,Power,CoalCap,price,$/MWh,68.35625842931431
2070,NGFS2023GCAM_LD,Global,Power,CoalCap,price,$/MWh,68.35625842931431
2070,NGFS2023GCAM_B2DS,Global,Power,CoalCap,price,$/MWh,68.35625842931431
2070,NGFS2023GCAM_DT,Global,Power,CoalCap,price,$/MWh,68.35625842931431
2070,NGFS2023REMIND_NZ2050,Global,Power,CoalCap,price,$/MWh,68.35625842931431
2070,NGFS2023REMIND_LD,Global,Power,CoalCap,price,$/MWh,68.35625842931431
2070,NGFS2023REMIND_B2DS,Global,Power,CoalCap,price,$/MWh,68.35625842931431
2070,NGFS2023REMIND_DT,Global,Power,CoalCap,price,$/MWh,68.35625842931431
2070,NGFS2023MESSAGE_NZ2050,Global,Power,CoalCap,price,$/MWh,68.35625842931431
2070,NGFS2023MESSAGE_LD,Global,Power,CoalCap,price,$/MWh,68.35625842931431
2070,NGFS2023MESSAGE_B2DS,Global,Power,CoalCap,price,$/MWh,68.35625842931431
2070,NGFS2023MESSAGE_DT,Global,Power,CoalCap,price,$/MWh,68.35625842931431
2070,NGFS2023GCAM_NZ2050,Global,Power,GasCap,price,$/MWh,58.78864416982829
2070,NGFS2023GCAM_LD,Global,Power,GasCap,price,$/MWh,58.78864416982829
2070,NGFS2023GCAM_B2DS,Global,Power,GasCap,price,$/MWh,58.78864416982829
2070,NGFS2023GCAM_DT,Global,Power,GasCap,price,$/MWh,58.78864416982829
2070,NGFS2023REMIND_NZ2050,Global,Power,GasCap,price,$/MWh,58.78864416982829
2070,NGFS2023REMIND_LD,Global,Power,GasCap,price,$/MWh,58.78864416982829
2070,NGFS2023REMIND_B2DS,Global,Power,GasCap,price,$/MWh,58.78864416982829
2070,NGFS2023REMIND_DT,Global,Power,GasCap,price,$/MWh,58.78864416982829
2070,NGFS2023MESSAGE_NZ2050,Global,Power,GasCap,price,$/MWh,58.78864416982829
2070,NGFS2023MESSAGE_LD,Global,Power,GasCap,price,$/MWh,58.78864416982829
2070,NGFS2023MESSAGE_B2DS,Global,Power,GasCap,price,$/MWh,58.78864416982829
2070,NGFS2023MESSAGE_DT,Global,Power,GasCap,price,$/MWh,58.78864416982829
2070,NGFS2023GCAM_NZ2050,Global,Power,RenewablesCap,price,$/MWh,109.93655446242064
2070,NGFS2023GCAM_LD,Global,Power,RenewablesCap,price,$/MWh,109.93655446242064
2070,NGFS2023GCAM_B2DS,Global,Power,RenewablesCap,price,$/MWh,109.93655446242064
2070,NGFS2023GCAM_DT,Global,Power,RenewablesCap,price,$/MWh,109.93655446242064
2070,NGFS2023REMIND_NZ2050,Global,Power,RenewablesCap,price,$/MWh,109.93655446242064
2070,NGFS2023REMIND_LD,Global,Power,RenewablesCap,price,$/MWh,109.93655446242064
2070,NGFS2023REMIND_B2DS,Global,Power,RenewablesCap,price,$/MWh,109.93655446242064
2070,NGFS2023REMIND_DT,Global,Power,RenewablesCap,price,$/MWh,109.93655446242064
2070,NGFS2023MESSAGE_NZ2050,Global,Power,RenewablesCap,price,$/MWh,109.93655446242064
2070,NGFS2023MESSAGE_LD,Global,Power,RenewablesCap,price,$/MWh,109.93655446242064
2070,NGFS2023MESSAGE_B2DS,Global,Power,RenewablesCap,price,$/MWh,109.93655446242064
2070,NGFS2023MESSAGE_DT,Global,Power,RenewablesCap,price,$/MWh,109.93655446242064
2070,NGFS2023GCAM_NZ2050,Global,Power,HydroCap,price,$/MWh,52.88135607909605
2070,NGFS2023GCAM_LD,Global,Power,HydroCap,price,$/MWh,52.88135607909605
2070,NGFS2023GCAM_B2DS,Global,Power,HydroCap,price,$/MWh,52.88135607909605
2070,NGFS2023GCAM_DT,Global,Power,HydroCap,price,$/MWh,52.88135607909605
2070,NGFS2023REMIND_NZ2050,Global,Power,HydroCap,price,$/MWh,52.88135607909605
2070,NGFS2023REMIND_LD,Global,Power,HydroCap,price,$/MWh,52.88135607909605
2070,NGFS2023REMIND_B2DS,Global,Power,HydroCap,price,$/MWh,52.88135607909605
2070,NGFS2023REMIND_DT,Global,Power,HydroCap,price,$/MWh,52.88135607909605
2070,NGFS2023MESSAGE_NZ2050,Global,Power,HydroCap,price,$/MWh,52.88135607909605
2070,NGFS2023MESSAGE_LD,Global,Power,HydroCap,price,$/MWh,52.88135607909605
2070,NGFS2023MESSAGE_B2DS,Global,Power,HydroCap,price,$/MWh,52.88135607909605
2070,NGFS2023MESSAGE_DT,Global,Power,HydroCap,price,$/MWh,52.88135607909605
2070,NGFS2023GCAM_NZ2050,Global,Power,NuclearCap,price,$/MWh,101.69491553672316
2070,NGFS2023GCAM_LD,Global,Power,NuclearCap,price,$/MWh,101.69491553672316
2070,NGFS2023GCAM_B2DS,Global,Power,NuclearCap,price,$/MWh,101.69491553672316
2070,NGFS2023GCAM_DT,Global,Power,NuclearCap,price,$/MWh,101.69491553672316
2070,NGFS2023REMIND_NZ2050,Global,Power,NuclearCap,price,$/MWh,101.69491553672316
2070,NGFS2023REMIND_LD,Global,Power,NuclearCap,price,$/MWh,101.69491553672316
2070,NGFS2023REMIND_B2DS,Global,Power,NuclearCap,price,$/MWh,101.69491553672316
2070,NGFS2023REMIND_DT,Global,Power,NuclearCap,price,$/MWh,101.69491553672316
2070,NGFS2023MESSAGE_NZ2050,Global,Power,NuclearCap,price,$/MWh,101.69491553672316
2070,NGFS2023MESSAGE_LD,Global,Power,NuclearCap,price,$/MWh,101.69491553672316
2070,NGFS2023MESSAGE_B2DS,Global,Power,NuclearCap,price,$/MWh,101.69491553672316
2070,NGFS2023MESSAGE_DT,Global,Power,NuclearCap,price,$/MWh,101.69491553672316
2071,NGFS2023GCAM_NZ2050,Global,Power,OilCap,price,$/MWh,58.78768007906826
2071,NGFS2023GCAM_LD,Global,Power,OilCap,price,$/MWh,58.78768007906826
2071,NGFS2023GCAM_B2DS,Global,Power,OilCap,price,$/MWh,58.78768007906826
2071,NGFS2023GCAM_DT,Global,Power,OilCap,price,$/MWh,58.78768007906826
2071,NGFS2023REMIND_NZ2050,Global,Power,OilCap,price,$/MWh,58.78768007906826
2071,NGFS2023REMIND_LD,Global,Power,OilCap,price,$/MWh,58.78768007906826
2071,NGFS2023REMIND_B2DS,Global,Power,OilCap,price,$/MWh,58.78768007906826
2071,NGFS2023REMIND_DT,Global,Power,OilCap,price,$/MWh,58.78768007906826
2071,NGFS2023MESSAGE_NZ2050,Global,Power,OilCap,price,$/MWh,58.78768007906826
2071,NGFS2023MESSAGE_LD,Global,Power,OilCap,price,$/MWh,58.78768007906826
2071,NGFS2023MESSAGE_B2DS,Global,Power,OilCap,price,$/MWh,58.78768007906826
2071,NGFS2023MESSAGE_DT,Global,Power,OilCap,price,$/MWh,58.78768007906826
2071,NGFS2023GCAM_NZ2050,Global,Power,CoalCap,price,$/MWh,68.3601849533316
2071,NGFS2023GCAM_LD,Global,Power,CoalCap,price,$/MWh,68.3601849533316
2071,NGFS2023GCAM_B2DS,Global,Power,CoalCap,price,$/MWh,68.3601849533316
2071,NGFS2023GCAM_DT,Global,Power,CoalCap,price,$/MWh,68.3601849533316
2071,NGFS2023REMIND_NZ2050,Global,Power,CoalCap,price,$/MWh,68.3601849533316
2071,NGFS2023REMIND_LD,Global,Power,CoalCap,price,$/MWh,68.3601849533316
2071,NGFS2023REMIND_B2DS,Global,Power,CoalCap,price,$/MWh,68.3601849533316
2071,NGFS2023REMIND_DT,Global,Power,CoalCap,price,$/MWh,68.3601849533316
2071,NGFS2023MESSAGE_NZ2050,Global,Power,CoalCap,price,$/MWh,68.3601849533316
2071,NGFS2023MESSAGE_LD,Global,Power,CoalCap,price,$/MWh,68.3601849533316
2071,NGFS2023MESSAGE_B2DS,Global,Power,CoalCap,price,$/MWh,68.3601849533316
2071,NGFS2023MESSAGE_DT,Global,Power,CoalCap,price,$/MWh,68.3601849533316
2071,NGFS2023GCAM_NZ2050,Global,Power,GasCap,price,$/MWh,58.78768007906826
2071,NGFS2023GCAM_LD,Global,Power,GasCap,price,$/MWh,58.78768007906826
2071,NGFS2023GCAM_B2DS,Global,Power,GasCap,price,$/MWh,58.78768007906826
2071,NGFS2023GCAM_DT,Global,Power,GasCap,price,$/MWh,58.78768007906826
2071,NGFS2023REMIND_NZ2050,Global,Power,GasCap,price,$/MWh,58.78768007906826
2071,NGFS2023REMIND_LD,Global,Power,GasCap,price,$/MWh,58.78768007906826
2071,NGFS2023REMIND_B2DS,Global,Power,GasCap,price,$/MWh,58.78768007906826
2071,NGFS2023REMIND_DT,Global,Power,GasCap,price,$/MWh,58.78768007906826
2071,NGFS2023MESSAGE_NZ2050,Global,Power,GasCap,price,$/MWh,58.78768007906826
2071,NGFS2023MESSAGE_LD,Global,Power,GasCap,price,$/MWh,58.78768007906826
2071,NGFS2023MESSAGE_B2DS,Global,Power,GasCap,price,$/MWh,58.78768007906826
2071,NGFS2023MESSAGE_DT,Global,Power,GasCap,price,$/MWh,58.78768007906826
2071,NGFS2023GCAM_NZ2050,Global,Power,RenewablesCap,price,$/MWh,110.4807518667385
2071,NGFS2023GCAM_LD,Global,Power,RenewablesCap,price,$/MWh,110.4807518667385
2071,NGFS2023GCAM_B2DS,Global,Power,RenewablesCap,price,$/MWh,110.4807518667385
2071,NGFS2023GCAM_DT,Global,Power,RenewablesCap,price,$/MWh,110.4807518667385
2071,NGFS2023REMIND_NZ2050,Global,Power,RenewablesCap,price,$/MWh,110.4807518667385
2071,NGFS2023REMIND_LD,Global,Power,RenewablesCap,price,$/MWh,110.4807518667385
2071,NGFS2023REMIND_B2DS,Global,Power,RenewablesCap,price,$/MWh,110.4807518667385
2071,NGFS2023REMIND_DT,Global,Power,RenewablesCap,price,$/MWh,110.4807518667385
2071,NGFS2023MESSAGE_NZ2050,Global,Power,RenewablesCap,price,$/MWh,110.4807518667385
2071,NGFS2023MESSAGE_LD,Global,Power,RenewablesCap,price,$/MWh,110.4807518667385
2071,NGFS2023MESSAGE_B2DS,Global,Power,RenewablesCap,price,$/MWh,110.4807518667385
2071,NGFS2023MESSAGE_DT,Global,Power,RenewablesCap,price,$/MWh,110.4807518667385
2071,NGFS2023GCAM_NZ2050,Global,Power,HydroCap,price,$/MWh,52.88135607909605
2071,NGFS2023GCAM_LD,Global,Power,HydroCap,price,$/MWh,52.88135607909605
2071,NGFS2023GCAM_B2DS,Global,Power,HydroCap,price,$/MWh,52.88135607909605
2071,NGFS2023GCAM_DT,Global,Power,HydroCap,price,$/MWh,52.88135607909605
2071,NGFS2023REMIND_NZ2050,Global,Power,HydroCap,price,$/MWh,52.88135607909605
2071,NGFS2023REMIND_LD,Global,Power,HydroCap,price,$/MWh,52.88135607909605
2071,NGFS2023REMIND_B2DS,Global,Power,HydroCap,price,$/MWh,52.88135607909605
2071,NGFS2023REMIND_DT,Global,Power,HydroCap,price,$/MWh,52.88135607909605
2071,NGFS2023MESSAGE_NZ2050,Global,Power,HydroCap,price,$/MWh,52.88135607909605
2071,NGFS2023MESSAGE_LD,Global,Power,HydroCap,price,$/MWh,52.88135607909605
2071,NGFS2023MESSAGE_B2DS,Global,Power,HydroCap,price,$/MWh,52.88135607909605
2071,NGFS2023MESSAGE_DT,Global,Power,HydroCap,price,$/MWh,52.88135607909605
2071,NGFS2023GCAM_NZ2050,Global,Power,NuclearCap,price,$/MWh,101.69491553672316
2071,NGFS2023GCAM_LD,Global,Power,NuclearCap,price,$/MWh,101.69491553672316
2071,NGFS2023GCAM_B2DS,Global,Power,NuclearCap,price,$/MWh,101.69491553672316
2071,NGFS2023GCAM_DT,Global,Power,NuclearCap,price,$/MWh,101.69491553672316
2071,NGFS2023REMIND_NZ2050,Global,Power,NuclearCap,price,$/MWh,101.69491553672316
2071,NGFS2023REMIND_LD,Global,Power,NuclearCap,price,$/MWh,101.69491553672316
2071,NGFS2023REMIND_B2DS,Global,Power,NuclearCap,price,$/MWh,101.69491553672316
2071,NGFS2023REMIND_DT,Global,Power,NuclearCap,price,$/MWh,101.69491553672316
2071,NGFS2023MESSAGE_NZ2050,Global,Power,NuclearCap,price,$/MWh,101.69491553672316
2071,NGFS2023MESSAGE_LD,Global,Power,NuclearCap,price,$/MWh,101.69491553672316
2071,NGFS2023MESSAGE_B2DS,Global,Power,NuclearCap,price,$/MWh,101.69491553672316
2071,NGFS2023MESSAGE_DT,Global,Power,NuclearCap,price,$/MWh,101.69491553672316
2072,NGFS2023GCAM_NZ2050,Global,Power,OilCap,price,$/MWh,58.78671598830823
2072,NGFS2023GCAM_LD,Global,Power,OilCap,price,$/MWh,58.78671598830823
2072,NGFS2023GCAM_B2DS,Global,Power,OilCap,price,$/MWh,58.78671598830823
2072,NGFS2023GCAM_DT,Global,Power,OilCap,price,$/MWh,58.78671598830823
2072,NGFS2023REMIND_NZ2050,Global,Power,OilCap,price,$/MWh,58.78671598830823
2072,NGFS2023REMIND_LD,Global,Power,OilCap,price,$/MWh,58.78671598830823
2072,NGFS2023REMIND_B2DS,Global,Power,OilCap,price,$/MWh,58.78671598830823
2072,NGFS2023REMIND_DT,Global,Power,OilCap,price,$/MWh,58.78671598830823
2072,NGFS2023MESSAGE_NZ2050,Global,Power,OilCap,price,$/MWh,58.78671598830823
2072,NGFS2023MESSAGE_LD,Global,Power,OilCap,price,$/MWh,58.78671598830823
2072,NGFS2023MESSAGE_B2DS,Global,Power,OilCap,price,$/MWh,58.78671598830823
2072,NGFS2023MESSAGE_DT,Global,Power,OilCap,price,$/MWh,58.78671598830823
2072,NGFS2023GCAM_NZ2050,Global,Power,CoalCap,price,$/MWh,68.36411147734889
2072,NGFS2023GCAM_LD,Global,Power,CoalCap,price,$/MWh,68.36411147734889
2072,NGFS2023GCAM_B2DS,Global,Power,CoalCap,price,$/MWh,68.36411147734889
2072,NGFS2023GCAM_DT,Global,Power,CoalCap,price,$/MWh,68.36411147734889
2072,NGFS2023REMIND_NZ2050,Global,Power,CoalCap,price,$/MWh,68.36411147734889
2072,NGFS2023REMIND_LD,Global,Power,CoalCap,price,$/MWh,68.36411147734889
2072,NGFS2023REMIND_B2DS,Global,Power,CoalCap,price,$/MWh,68.36411147734889
2072,NGFS2023REMIND_DT,Global,Power,CoalCap,price,$/MWh,68.36411147734889
2072,NGFS2023MESSAGE_NZ2050,Global,Power,CoalCap,price,$/MWh,68.36411147734889
2072,NGFS2023MESSAGE_LD,Global,Power,CoalCap,price,$/MWh,68.36411147734889
2072,NGFS2023MESSAGE_B2DS,Global,Power,CoalCap,price,$/MWh,68.36411147734889
2072,NGFS2023MESSAGE_DT,Global,Power,CoalCap,price,$/MWh,68.36411147734889
2072,NGFS2023GCAM_NZ2050,Global,Power,GasCap,price,$/MWh,58.78671598830823
2072,NGFS2023GCAM_LD,Global,Power,GasCap,price,$/MWh,58.78671598830823
2072,NGFS2023GCAM_B2DS,Global,Power,GasCap,price,$/MWh,58.78671598830823
2072,NGFS2023GCAM_DT,Global,Power,GasCap,price,$/MWh,58.78671598830823
2072,NGFS2023REMIND_NZ2050,Global,Power,GasCap,price,$/MWh,58.78671598830823
2072,NGFS2023REMIND_LD,Global,Power,GasCap,price,$/MWh,58.78671598830823
2072,NGFS2023REMIND_B2DS,Global,Power,GasCap,price,$/MWh,58.78671598830823
2072,NGFS2023REMIND_DT,Global,Power,GasCap,price,$/MWh,58.78671598830823
2072,NGFS2023MESSAGE_NZ2050,Global,Power,GasCap,price,$/MWh,58.78671598830823
2072,NGFS2023MESSAGE_LD,Global,Power,GasCap,price,$/MWh,58.78671598830823
2072,NGFS2023MESSAGE_B2DS,Global,Power,GasCap,price,$/MWh,58.78671598830823
2072,NGFS2023MESSAGE_DT,Global,Power,GasCap,price,$/MWh,58.78671598830823
2072,NGFS2023GCAM_NZ2050,Global,Power,RenewablesCap,price,$/MWh,111.02494927105612
2072,NGFS2023GCAM_LD,Global,Power,RenewablesCap,price,$/MWh,111.02494927105612
2072,NGFS2023GCAM_B2DS,Global,Power,RenewablesCap,price,$/MWh,111.02494927105612
2072,NGFS2023GCAM_DT,Global,Power,RenewablesCap,price,$/MWh,111.02494927105612
2072,NGFS2023REMIND_NZ2050,Global,Power,RenewablesCap,price,$/MWh,111.02494927105612
2072,NGFS2023REMIND_LD,Global,Power,RenewablesCap,price,$/MWh,111.02494927105612
2072,NGFS2023REMIND_B2DS,Global,Power,RenewablesCap,price,$/MWh,111.02494927105612
2072,NGFS2023REMIND_DT,Global,Power,RenewablesCap,price,$/MWh,111.02494927105612
2072,NGFS2023MESSAGE_NZ2050,Global,Power,RenewablesCap,price,$/MWh,111.02494927105612
2072,NGFS2023MESSAGE_LD,Global,Power,RenewablesCap,price,$/MWh,111.02494927105612
2072,NGFS2023MESSAGE_B2DS,Global,Power,RenewablesCap,price,$/MWh,111.02494927105612
2072,NGFS2023MESSAGE_DT,Global,Power,RenewablesCap,price,$/MWh,111.02494927105612
2072,NGFS2023GCAM_NZ2050,Global,Power,HydroCap,price,$/MWh,52.88135607909605
2072,NGFS2023GCAM_LD,Global,Power,HydroCap,price,$/MWh,52.88135607909605
2072,NGFS2023GCAM_B2DS,Global,Power,HydroCap,price,$/MWh,52.88135607909605
2072,NGFS2023GCAM_DT,Global,Power,HydroCap,price,$/MWh,52.88135607909605
2072,NGFS2023REMIND_NZ2050,Global,Power,HydroCap,price,$/MWh,52.88135607909605
2072,NGFS2023REMIND_LD,Global,Power,HydroCap,price,$/MWh,52.88135607909605
2072,NGFS2023REMIND_B2DS,Global,Power,HydroCap,price,$/MWh,52.88135607909605
2072,NGFS2023REMIND_DT,Global,Power,HydroCap,price,$/MWh,52.88135607909605
2072,NGFS2023MESSAGE_NZ2050,Global,Power,HydroCap,price,$/MWh,52.88135607909605
2072,NGFS2023MESSAGE_LD,Global,Power,HydroCap,price,$/MWh,52.88135607909605
2072,NGFS2023MESSAGE_B2DS,Global,Power,HydroCap,price,$/MWh,52.88135607909605
2072,NGFS2023MESSAGE_DT,Global,Power,HydroCap,price,$/MWh,52.88135607909605
2072,NGFS2023GCAM_NZ2050,Global,Power,NuclearCap,price,$/MWh,101.69491553672316
2072,NGFS2023GCAM_LD,Global,Power,NuclearCap,price,$/MWh,101.69491553672316
2072,NGFS2023GCAM_B2DS,Global,Power,NuclearCap,price,$/MWh,101.69491553672316
2072,NGFS2023GCAM_DT,Global,Power,NuclearCap,price,$/MWh,101.69491553672316
2072,NGFS2023REMIND_NZ2050,Global,Power,NuclearCap,price,$/MWh,101.69491553672316
2072,NGFS2023REMIND_LD,Global,Power,NuclearCap,price,$/MWh,101.69491553672316
2072,NGFS2023REMIND_B2DS,Global,Power,NuclearCap,price,$/MWh,101.69491553672316
2072,NGFS2023REMIND_DT,Global,Power,NuclearCap,price,$/MWh,101.69491553672316
2072,NGFS2023MESSAGE_NZ2050,Global,Power,NuclearCap,price,$/MWh,101.69491553672316
2072,NGFS2023MESSAGE_LD,Global,Power,NuclearCap,price,$/MWh,101.69491553672316
2072,NGFS2023MESSAGE_B2DS,Global,Power,NuclearCap,price,$/MWh,101.69491553672316
2072,NGFS2023MESSAGE_DT,Global,Power,NuclearCap,price,$/MWh,101.69491553672316
2073,NGFS2023GCAM_NZ2050,Global,Power,OilCap,price,$/MWh,58.78575189754821
2073,NGFS2023GCAM_LD,Global,Power,OilCap,price,$/MWh,58.78575189754821
2073,NGFS2023GCAM_B2DS,Global,Power,OilCap,price,$/MWh,58.78575189754821
2073,NGFS2023GCAM_DT,Global,Power,OilCap,price,$/MWh,58.78575189754821
2073,NGFS2023REMIND_NZ2050,Global,Power,OilCap,price,$/MWh,58.78575189754821
2073,NGFS2023REMIND_LD,Global,Power,OilCap,price,$/MWh,58.78575189754821
2073,NGFS2023REMIND_B2DS,Global,Power,OilCap,price,$/MWh,58.78575189754821
2073,NGFS2023REMIND_DT,Global,Power,OilCap,price,$/MWh,58.78575189754821
2073,NGFS2023MESSAGE_NZ2050,Global,Power,OilCap,price,$/MWh,58.78575189754821
2073,NGFS2023MESSAGE_LD,Global,Power,OilCap,price,$/MWh,58.78575189754821
2073,NGFS2023MESSAGE_B2DS,Global,Power,OilCap,price,$/MWh,58.78575189754821
2073,NGFS2023MESSAGE_DT,Global,Power,OilCap,price,$/MWh,58.78575189754821
2073,NGFS2023GCAM_NZ2050,Global,Power,CoalCap,price,$/MWh,68.36803800136616
2073,NGFS2023GCAM_LD,Global,Power,CoalCap,price,$/MWh,68.36803800136616
2073,NGFS2023GCAM_B2DS,Global,Power,CoalCap,price,$/MWh,68.36803800136616
2073,NGFS2023GCAM_DT,Global,Power,CoalCap,price,$/MWh,68.36803800136616
2073,NGFS2023REMIND_NZ2050,Global,Power,CoalCap,price,$/MWh,68.36803800136616
2073,NGFS2023REMIND_LD,Global,Power,CoalCap,price,$/MWh,68.36803800136616
2073,NGFS2023REMIND_B2DS,Global,Power,CoalCap,price,$/MWh,68.36803800136616
2073,NGFS2023REMIND_DT,Global,Power,CoalCap,price,$/MWh,68.36803800136616
2073,NGFS2023MESSAGE_NZ2050,Global,Power,CoalCap,price,$/MWh,68.36803800136616
2073,NGFS2023MESSAGE_LD,Global,Power,CoalCap,price,$/MWh,68.36803800136616
2073,NGFS2023MESSAGE_B2DS,Global,Power,CoalCap,price,$/MWh,68.36803800136616
2073,NGFS2023MESSAGE_DT,Global,Power,CoalCap,price,$/MWh,68.36803800136616
2073,NGFS2023GCAM_NZ2050,Global,Power,GasCap,price,$/MWh,58.78575189754821
2073,NGFS2023GCAM_LD,Global,Power,GasCap,price,$/MWh,58.78575189754821
2073,NGFS2023GCAM_B2DS,Global,Power,GasCap,price,$/MWh,58.78575189754821
2073,NGFS2023GCAM_DT,Global,Power,GasCap,price,$/MWh,58.78575189754821
2073,NGFS2023REMIND_NZ2050,Global,Power,GasCap,price,$/MWh,58.78575189754821
2073,NGFS2023REMIND_LD,Global,Power,GasCap,price,$/MWh,58.78575189754821
2073,NGFS2023REMIND_B2DS,Global,Power,GasCap,price,$/MWh,58.78575189754821
2073,NGFS2023REMIND_DT,Global,Power,GasCap,price,$/MWh,58.78575189754821
2073,NGFS2023MESSAGE_NZ2050,Global,Power,GasCap,price,$/MWh,58.78575189754821
2073,NGFS2023MESSAGE_LD,Global,Power,GasCap,price,$/MWh,58.78575189754821
2073,NGFS2023MESSAGE_B2DS,Global,Power,GasCap,price,$/MWh,58.78575189754821
2073,NGFS2023MESSAGE_DT,Global,Power,GasCap,price,$/MWh,58.78575189754821
2073,NGFS2023GCAM_NZ2050,Global,Power,RenewablesCap,price,$/MWh,111.569146675374
2073,NGFS2023GCAM_LD,Global,Power,RenewablesCap,price,$/MWh,111.569146675374
2073,NGFS2023GCAM_B2DS,Global,Power,RenewablesCap,price,$/MWh,111.569146675374
2073,NGFS2023GCAM_DT,Global,Power,RenewablesCap,price,$/MWh,111.569146675374
2073,NGFS2023REMIND_NZ2050,Global,Power,RenewablesCap,price,$/MWh,111.569146675374
2073,NGFS2023REMIND_LD,Global,Power,RenewablesCap,price,$/MWh,111.569146675374
2073,NGFS2023REMIND_B2DS,Global,Power,RenewablesCap,price,$/MWh,111.569146675374
2073,NGFS2023REMIND_DT,Global,Power,RenewablesCap,price,$/MWh,111.569146675374
2073,NGFS2023MESSAGE_NZ2050,Global,Power,RenewablesCap,price,$/MWh,111.569146675374
2073,NGFS2023MESSAGE_LD,Global,Power,RenewablesCap,price,$/MWh,111.569146675374
2073,NGFS2023MESSAGE_B2DS,Global,Power,RenewablesCap,price,$/MWh,111.569146675374
2073,NGFS2023MESSAGE_DT,Global,Power,RenewablesCap,price,$/MWh,111.569146675374
2073,NGFS2023GCAM_NZ2050,Global,Power,HydroCap,price,$/MWh,52.88135607909605
2073,NGFS2023GCAM_LD,Global,Power,HydroCap,price,$/MWh,52.88135607909605
2073,NGFS2023GCAM_B2DS,Global,Power,HydroCap,price,$/MWh,52.88135607909605
2073,NGFS2023GCAM_DT,Global,Power,HydroCap,price,$/MWh,52.88135607909605
2073,NGFS2023REMIND_NZ2050,Global,Power,HydroCap,price,$/MWh,52.88135607909605
2073,NGFS2023REMIND_LD,Global,Power,HydroCap,price,$/MWh,52.88135607909605
2073,NGFS2023REMIND_B2DS,Global,Power,HydroCap,price,$/MWh,52.88135607909605
2073,NGFS2023REMIND_DT,Global,Power,HydroCap,price,$/MWh,52.88135607909605
2073,NGFS2023MESSAGE_NZ2050,Global,Power,HydroCap,price,$/MWh,52.88135607909605
2073,NGFS2023MESSAGE_LD,Global,Power,HydroCap,price,$/MWh,52.88135607909605
2073,NGFS2023MESSAGE_B2DS,Global,Power,HydroCap,price,$/MWh,52.88135607909605
2073,NGFS2023MESSAGE_DT,Global,Power,HydroCap,price,$/MWh,52.88135607909605
2073,NGFS2023GCAM_NZ2050,Global,Power,NuclearCap,price,$/MWh,101.69491553672316
2073,NGFS2023GCAM_LD,Global,Power,NuclearCap,price,$/MWh,101.69491553672316
2073,NGFS2023GCAM_B2DS,Global,Power,NuclearCap,price,$/MWh,101.69491553672316
2073,NGFS2023GCAM_DT,Global,Power,NuclearCap,price,$/MWh,101.69491553672316
2073,NGFS2023REMIND_NZ2050,Global,Power,NuclearCap,price,$/MWh,101.69491553672316
2073,NGFS2023REMIND_LD,Global,Power,NuclearCap,price,$/MWh,101.69491553672316
2073,NGFS2023REMIND_B2DS,Global,Power,NuclearCap,price,$/MWh,101.69491553672316
2073,NGFS2023REMIND_DT,Global,Power,NuclearCap,price,$/MWh,101.69491553672316
2073,NGFS2023MESSAGE_NZ2050,Global,Power,NuclearCap,price,$/MWh,101.69491553672316
2073,NGFS2023MESSAGE_LD,Global,Power,NuclearCap,price,$/MWh,101.69491553672316
2073,NGFS2023MESSAGE_B2DS,Global,Power,NuclearCap,price,$/MWh,101.69491553672316
2073,NGFS2023MESSAGE_DT,Global,Power,NuclearCap,price,$/MWh,101.69491553672316
2074,NGFS2023GCAM_NZ2050,Global,Power,OilCap,price,$/MWh,58.78478780678818
2074,NGFS2023GCAM_LD,Global,Power,OilCap,price,$/MWh,58.78478780678818
2074,NGFS2023GCAM_B2DS,Global,Power,OilCap,price,$/MWh,58.78478780678818
2074,NGFS2023GCAM_DT,Global,Power,OilCap,price,$/MWh,58.78478780678818
2074,NGFS2023REMIND_NZ2050,Global,Power,OilCap,price,$/MWh,58.78478780678818
2074,NGFS2023REMIND_LD,Global,Power,OilCap,price,$/MWh,58.78478780678818
2074,NGFS2023REMIND_B2DS,Global,Power,OilCap,price,$/MWh,58.78478780678818
2074,NGFS2023REMIND_DT,Global,Power,OilCap,price,$/MWh,58.78478780678818
2074,NGFS2023MESSAGE_NZ2050,Global,Power,OilCap,price,$/MWh,58.78478780678818
2074,NGFS2023MESSAGE_LD,Global,Power,OilCap,price,$/MWh,58.78478780678818
2074,NGFS2023MESSAGE_B2DS,Global,Power,OilCap,price,$/MWh,58.78478780678818
2074,NGFS2023MESSAGE_DT,Global,Power,OilCap,price,$/MWh,58.78478780678818
2074,NGFS2023GCAM_NZ2050,Global,Power,CoalCap,price,$/MWh,68.37196452538345
2074,NGFS2023GCAM_LD,Global,Power,CoalCap,price,$/MWh,68.37196452538345
2074,NGFS2023GCAM_B2DS,Global,Power,CoalCap,price,$/MWh,68.37196452538345
2074,NGFS2023GCAM_DT,Global,Power,CoalCap,price,$/MWh,68.37196452538345
2074,NGFS2023REMIND_NZ2050,Global,Power,CoalCap,price,$/MWh,68.37196452538345
2074,NGFS2023REMIND_LD,Global,Power,CoalCap,price,$/MWh,68.37196452538345
2074,NGFS2023REMIND_B2DS,Global,Power,CoalCap,price,$/MWh,68.37196452538345
2074,NGFS2023REMIND_DT,Global,Power,CoalCap,price,$/MWh,68.37196452538345
2074,NGFS2023MESSAGE_NZ2050,Global,Power,CoalCap,price,$/MWh,68.37196452538345
2074,NGFS2023MESSAGE_LD,Global,Power,CoalCap,price,$/MWh,68.37196452538345
2074,NGFS2023MESSAGE_B2DS,Global,Power,CoalCap,price,$/MWh,68.37196452538345
2074,NGFS2023MESSAGE_DT,Global,Power,CoalCap,price,$/MWh,68.37196452538345
2074,NGFS2023GCAM_NZ2050,Global,Power,GasCap,price,$/MWh,58.78478780678818
2074,NGFS2023GCAM_LD,Global,Power,GasCap,price,$/MWh,58.78478780678818
2074,NGFS2023GCAM_B2DS,Global,Power,GasCap,price,$/MWh,58.78478780678818
2074,NGFS2023GCAM_DT,Global,Power,GasCap,price,$/MWh,58.78478780678818
2074,NGFS2023REMIND_NZ2050,Global,Power,GasCap,price,$/MWh,58.78478780678818
2074,NGFS2023REMIND_LD,Global,Power,GasCap,price,$/MWh,58.78478780678818
2074,NGFS2023REMIND_B2DS,Global,Power,GasCap,price,$/MWh,58.78478780678818
2074,NGFS2023REMIND_DT,Global,Power,GasCap,price,$/MWh,58.78478780678818
2074,NGFS2023MESSAGE_NZ2050,Global,Power,GasCap,price,$/MWh,58.78478780678818
2074,NGFS2023MESSAGE_LD,Global,Power,GasCap,price,$/MWh,58.78478780678818
2074,NGFS2023MESSAGE_B2DS,Global,Power,GasCap,price,$/MWh,58.78478780678818
2074,NGFS2023MESSAGE_DT,Global,Power,GasCap,price,$/MWh,58.78478780678818
2074,NGFS2023GCAM_NZ2050,Global,Power,RenewablesCap,price,$/MWh,112.11334407969184
2074,NGFS2023GCAM_LD,Global,Power,RenewablesCap,price,$/MWh,112.11334407969184
2074,NGFS2023GCAM_B2DS,Global,Power,RenewablesCap,price,$/MWh,112.11334407969184
2074,NGFS2023GCAM_DT,Global,Power,RenewablesCap,price,$/MWh,112.11334407969184
2074,NGFS2023REMIND_NZ2050,Global,Power,RenewablesCap,price,$/MWh,112.11334407969184
2074,NGFS2023REMIND_LD,Global,Power,RenewablesCap,price,$/MWh,112.11334407969184
2074,NGFS2023REMIND_B2DS,Global,Power,RenewablesCap,price,$/MWh,112.11334407969184
2074,NGFS2023REMIND_DT,Global,Power,RenewablesCap,price,$/MWh,112.11334407969184
2074,NGFS2023MESSAGE_NZ2050,Global,Power,RenewablesCap,price,$/MWh,112.11334407969184
2074,NGFS2023MESSAGE_LD,Global,Power,RenewablesCap,price,$/MWh,112.11334407969184
2074,NGFS2023MESSAGE_B2DS,Global,Power,RenewablesCap,price,$/MWh,112.11334407969184
2074,NGFS2023MESSAGE_DT,Global,Power,RenewablesCap,price,$/MWh,112.11334407969184
2074,NGFS2023GCAM_NZ2050,Global,Power,HydroCap,price,$/MWh,52.88135607909605
2074,NGFS2023GCAM_LD,Global,Power,HydroCap,price,$/MWh,52.88135607909605
2074,NGFS2023GCAM_B2DS,Global,Power,HydroCap,price,$/MWh,52.88135607909605
2074,NGFS2023GCAM_DT,Global,Power,HydroCap,price,$/MWh,52.88135607909605
2074,NGFS2023REMIND_NZ2050,Global,Power,HydroCap,price,$/MWh,52.88135607909605
2074,NGFS2023REMIND_LD,Global,Power,HydroCap,price,$/MWh,52.88135607909605
2074,NGFS2023REMIND_B2DS,Global,Power,HydroCap,price,$/MWh,52.88135607909605
2074,NGFS2023REMIND_DT,Global,Power,HydroCap,price,$/MWh,52.88135607909605
2074,NGFS2023MESSAGE_NZ2050,Global,Power,HydroCap,price,$/MWh,52.88135607909605
2074,NGFS2023MESSAGE_LD,Global,Power,HydroCap,price,$/MWh,52.88135607909605
2074,NGFS2023MESSAGE_B2DS,Global,Power,HydroCap,price,$/MWh,52.88135607909605
2074,NGFS2023MESSAGE_DT,Global,Power,HydroCap,price,$/MWh,52.88135607909605
2074,NGFS2023GCAM_NZ2050,Global,Power,NuclearCap,price,$/MWh,101.69491553672316
2074,NGFS2023GCAM_LD,Global,Power,NuclearCap,price,$/MWh,101.69491553672316
2074,NGFS2023GCAM_B2DS,Global,Power,NuclearCap,price,$/MWh,101.69491553672316
2074,NGFS2023GCAM_DT,Global,Power,NuclearCap,price,$/MWh,101.69491553672316
2074,NGFS2023REMIND_NZ2050,Global,Power,NuclearCap,price,$/MWh,101.69491553672316
2074,NGFS2023REMIND_LD,Global,Power,NuclearCap,price,$/MWh,101.69491553672316
2074,NGFS2023REMIND_B2DS,Global,Power,NuclearCap,price,$/MWh,101.69491553672316
2074,NGFS2023REMIND_DT,Global,Power,NuclearCap,price,$/MWh,101.69491553672316
2074,NGFS2023MESSAGE_NZ2050,Global,Power,NuclearCap,price,$/MWh,101.69491553672316
2074,NGFS2023MESSAGE_LD,Global,Power,NuclearCap,price,$/MWh,101.69491553672316
2074,NGFS2023MESSAGE_B2DS,Global,Power,NuclearCap,price,$/MWh,101.69491553672316
2074,NGFS2023MESSAGE_DT,Global,Power,NuclearCap,price,$/MWh,101.69491553672316
2075,NGFS2023GCAM_NZ2050,Global,Power,OilCap,price,$/MWh,58.78382371602815
2075,NGFS2023GCAM_LD,Global,Power,OilCap,price,$/MWh,58.78382371602815
2075,NGFS2023GCAM_B2DS,Global,Power,OilCap,price,$/MWh,58.78382371602815
2075,NGFS2023GCAM_DT,Global,Power,OilCap,price,$/MWh,58.78382371602815
2075,NGFS2023REMIND_NZ2050,Global,Power,OilCap,price,$/MWh,58.78382371602815
2075,NGFS2023REMIND_LD,Global,Power,OilCap,price,$/MWh,58.78382371602815
2075,NGFS2023REMIND_B2DS,Global,Power,OilCap,price,$/MWh,58.78382371602815
2075,NGFS2023REMIND_DT,Global,Power,OilCap,price,$/MWh,58.78382371602815
2075,NGFS2023MESSAGE_NZ2050,Global,Power,OilCap,price,$/MWh,58.78382371602815
2075,NGFS2023MESSAGE_LD,Global,Power,OilCap,price,$/MWh,58.78382371602815
2075,NGFS2023MESSAGE_B2DS,Global,Power,OilCap,price,$/MWh,58.78382371602815
2075,NGFS2023MESSAGE_DT,Global,Power,OilCap,price,$/MWh,58.78382371602815
2075,NGFS2023GCAM_NZ2050,Global,Power,CoalCap,price,$/MWh,68.37589104940074
2075,NGFS2023GCAM_LD,Global,Power,CoalCap,price,$/MWh,68.37589104940074
2075,NGFS2023GCAM_B2DS,Global,Power,CoalCap,price,$/MWh,68.37589104940074
2075,NGFS2023GCAM_DT,Global,Power,CoalCap,price,$/MWh,68.37589104940074
2075,NGFS2023REMIND_NZ2050,Global,Power,CoalCap,price,$/MWh,68.37589104940074
2075,NGFS2023REMIND_LD,Global,Power,CoalCap,price,$/MWh,68.37589104940074
2075,NGFS2023REMIND_B2DS,Global,Power,CoalCap,price,$/MWh,68.37589104940074
2075,NGFS2023REMIND_DT,Global,Power,CoalCap,price,$/MWh,68.37589104940074
2075,NGFS2023MESSAGE_NZ2050,Global,Power,CoalCap,price,$/MWh,68.37589104940074
2075,NGFS2023MESSAGE_LD,Global,Power,CoalCap,price,$/MWh,68.37589104940074
2075,NGFS2023MESSAGE_B2DS,Global,Power,CoalCap,price,$/MWh,68.37589104940074
2075,NGFS2023MESSAGE_DT,Global,Power,CoalCap,price,$/MWh,68.37589104940074
2075,NGFS2023GCAM_NZ2050,Global,Power,GasCap,price,$/MWh,58.78382371602815
2075,NGFS2023GCAM_LD,Global,Power,GasCap,price,$/MWh,58.78382371602815
2075,NGFS2023GCAM_B2DS,Global,Power,GasCap,price,$/MWh,58.78382371602815
2075,NGFS2023GCAM_DT,Global,Power,GasCap,price,$/MWh,58.78382371602815
2075,NGFS2023REMIND_NZ2050,Global,Power,GasCap,price,$/MWh,58.78382371602815
2075,NGFS2023REMIND_LD,Global,Power,GasCap,price,$/MWh,58.78382371602815
2075,NGFS2023REMIND_B2DS,Global,Power,GasCap,price,$/MWh,58.78382371602815
2075,NGFS2023REMIND_DT,Global,Power,GasCap,price,$/MWh,58.78382371602815
2075,NGFS2023MESSAGE_NZ2050,Global,Power,GasCap,price,$/MWh,58.78382371602815
2075,NGFS2023MESSAGE_LD,Global,Power,GasCap,price,$/MWh,58.78382371602815
2075,NGFS2023MESSAGE_B2DS,Global,Power,GasCap,price,$/MWh,58.78382371602815
2075,NGFS2023MESSAGE_DT,Global,Power,GasCap,price,$/MWh,58.78382371602815
2075,NGFS2023GCAM_NZ2050,Global,Power,RenewablesCap,price,$/MWh,112.6575414840097
2075,NGFS2023GCAM_LD,Global,Power,RenewablesCap,price,$/MWh,112.6575414840097
2075,NGFS2023GCAM_B2DS,Global,Power,RenewablesCap,price,$/MWh,112.6575414840097
2075,NGFS2023GCAM_DT,Global,Power,RenewablesCap,price,$/MWh,112.6575414840097
2075,NGFS2023REMIND_NZ2050,Global,Power,RenewablesCap,price,$/MWh,112.6575414840097
2075,NGFS2023REMIND_LD,Global,Power,RenewablesCap,price,$/MWh,112.6575414840097
2075,NGFS2023REMIND_B2DS,Global,Power,RenewablesCap,price,$/MWh,112.6575414840097
2075,NGFS2023REMIND_DT,Global,Power,RenewablesCap,price,$/MWh,112.6575414840097
2075,NGFS2023MESSAGE_NZ2050,Global,Power,RenewablesCap,price,$/MWh,112.6575414840097
2075,NGFS2023MESSAGE_LD,Global,Power,RenewablesCap,price,$/MWh,112.6575414840097
2075,NGFS2023MESSAGE_B2DS,Global,Power,RenewablesCap,price,$/MWh,112.6575414840097
2075,NGFS2023MESSAGE_DT,Global,Power,RenewablesCap,price,$/MWh,112.6575414840097
2075,NGFS2023GCAM_NZ2050,Global,Power,HydroCap,price,$/MWh,52.88135607909605
2075,NGFS2023GCAM_LD,Global,Power,HydroCap,price,$/MWh,52.88135607909605
2075,NGFS2023GCAM_B2DS,Global,Power,HydroCap,price,$/MWh,52.88135607909605
2075,NGFS2023GCAM_DT,Global,Power,HydroCap,price,$/MWh,52.88135607909605
2075,NGFS2023REMIND_NZ2050,Global,Power,HydroCap,price,$/MWh,52.88135607909605
2075,NGFS2023REMIND_LD,Global,Power,HydroCap,price,$/MWh,52.88135607909605
2075,NGFS2023REMIND_B2DS,Global,Power,HydroCap,price,$/MWh,52.88135607909605
2075,NGFS2023REMIND_DT,Global,Power,HydroCap,price,$/MWh,52.88135607909605
2075,NGFS2023MESSAGE_NZ2050,Global,Power,HydroCap,price,$/MWh,52.88135607909605
2075,NGFS2023MESSAGE_LD,Global,Power,HydroCap,price,$/MWh,52.88135607909605
2075,NGFS2023MESSAGE_B2DS,Global,Power,HydroCap,price,$/MWh,52.88135607909605
2075,NGFS2023MESSAGE_DT,Global,Power,HydroCap,price,$/MWh,52.88135607909605
2075,NGFS2023GCAM_NZ2050,Global,Power,NuclearCap,price,$/MWh,101.69491553672316
2075,NGFS2023GCAM_LD,Global,Power,NuclearCap,price,$/MWh,101.69491553672316
2075,NGFS2023GCAM_B2DS,Global,Power,NuclearCap,price,$/MWh,101.69491553672316
2075,NGFS2023GCAM_DT,Global,Power,NuclearCap,price,$/MWh,101.69491553672316
2075,NGFS2023REMIND_NZ2050,Global,Power,NuclearCap,price,$/MWh,101.69491553672316
2075,NGFS2023REMIND_LD,Global,Power,NuclearCap,price,$/MWh,101.69491553672316
2075,NGFS2023REMIND_B2DS,Global,Power,NuclearCap,price,$/MWh,101.69491553672316
2075,NGFS2023REMIND_DT,Global,Power,NuclearCap,price,$/MWh,101.69491553672316
2075,NGFS2023MESSAGE_NZ2050,Global,Power,NuclearCap,price,$/MWh,101.69491553672316
2075,NGFS2023MESSAGE_LD,Global,Power,NuclearCap,price,$/MWh,101.69491553672316
2075,NGFS2023MESSAGE_B2DS,Global,Power,NuclearCap,price,$/MWh,101.69491553672316
2075,NGFS2023MESSAGE_DT,Global,Power,NuclearCap,price,$/MWh,101.69491553672316
2076,NGFS2023GCAM_NZ2050,Global,Power,OilCap,price,$/MWh,58.78285962526813
2076,NGFS2023GCAM_LD,Global,Power,OilCap,price,$/MWh,58.78285962526813
2076,NGFS2023GCAM_B2DS,Global,Power,OilCap,price,$/MWh,58.78285962526813
2076,NGFS2023GCAM_DT,Global,Power,OilCap,price,$/MWh,58.78285962526813
2076,NGFS2023REMIND_NZ2050,Global,Power,OilCap,price,$/MWh,58.78285962526813
2076,NGFS2023REMIND_LD,Global,Power,OilCap,price,$/MWh,58.78285962526813
2076,NGFS2023REMIND_B2DS,Global,Power,OilCap,price,$/MWh,58.78285962526813
2076,NGFS2023REMIND_DT,Global,Power,OilCap,price,$/MWh,58.78285962526813
2076,NGFS2023MESSAGE_NZ2050,Global,Power,OilCap,price,$/MWh,58.78285962526813
2076,NGFS2023MESSAGE_LD,Global,Power,OilCap,price,$/MWh,58.78285962526813
2076,NGFS2023MESSAGE_B2DS,Global,Power,OilCap,price,$/MWh,58.78285962526813
2076,NGFS2023MESSAGE_DT,Global,Power,OilCap,price,$/MWh,58.78285962526813
2076,NGFS2023GCAM_NZ2050,Global,Power,CoalCap,price,$/MWh,68.37981757341802
2076,NGFS2023GCAM_LD,Global,Power,CoalCap,price,$/MWh,68.37981757341802
2076,NGFS2023GCAM_B2DS,Global,Power,CoalCap,price,$/MWh,68.37981757341802
2076,NGFS2023GCAM_DT,Global,Power,CoalCap,price,$/MWh,68.37981757341802
2076,NGFS2023REMIND_NZ2050,Global,Power,CoalCap,price,$/MWh,68.37981757341802
2076,NGFS2023REMIND_LD,Global,Power,CoalCap,price,$/MWh,68.37981757341802
2076,NGFS2023REMIND_B2DS,Global,Power,CoalCap,price,$/MWh,68.37981757341802
2076,NGFS2023REMIND_DT,Global,Power,CoalCap,price,$/MWh,68.37981757341802
2076,NGFS2023MESSAGE_NZ2050,Global,Power,CoalCap,price,$/MWh,68.37981757341802
2076,NGFS2023MESSAGE_LD,Global,Power,CoalCap,price,$/MWh,68.37981757341802
2076,NGFS2023MESSAGE_B2DS,Global,Power,CoalCap,price,$/MWh,68.37981757341802
2076,NGFS2023MESSAGE_DT,Global,Power,CoalCap,price,$/MWh,68.37981757341802
2076,NGFS2023GCAM_NZ2050,Global,Power,GasCap,price,$/MWh,58.78285962526813
2076,NGFS2023GCAM_LD,Global,Power,GasCap,price,$/MWh,58.78285962526813
2076,NGFS2023GCAM_B2DS,Global,Power,GasCap,price,$/MWh,58.78285962526813
2076,NGFS2023GCAM_DT,Global,Power,GasCap,price,$/MWh,58.78285962526813
2076,NGFS2023REMIND_NZ2050,Global,Power,GasCap,price,$/MWh,58.78285962526813
2076,NGFS2023REMIND_LD,Global,Power,GasCap,price,$/MWh,58.78285962526813
2076,NGFS2023REMIND_B2DS,Global,Power,GasCap,price,$/MWh,58.78285962526813
2076,NGFS2023REMIND_DT,Global,Power,GasCap,price,$/MWh,58.78285962526813
2076,NGFS2023MESSAGE_NZ2050,Global,Power,GasCap,price,$/MWh,58.78285962526813
2076,NGFS2023MESSAGE_LD,Global,Power,GasCap,price,$/MWh,58.78285962526813
2076,NGFS2023MESSAGE_B2DS,Global,Power,GasCap,price,$/MWh,58.78285962526813
2076,NGFS2023MESSAGE_DT,Global,Power,GasCap,price,$/MWh,58.78285962526813
2076,NGFS2023GCAM_NZ2050,Global,Power,RenewablesCap,price,$/MWh,113.20173888832733
2076,NGFS2023GCAM_LD,Global,Power,RenewablesCap,price,$/MWh,113.20173888832733
2076,NGFS2023GCAM_B2DS,Global,Power,RenewablesCap,price,$/MWh,113.20173888832733
2076,NGFS2023GCAM_DT,Global,Power,RenewablesCap,price,$/MWh,113.20173888832733
2076,NGFS2023REMIND_NZ2050,Global,Power,RenewablesCap,price,$/MWh,113.20173888832733
2076,NGFS2023REMIND_LD,Global,Power,RenewablesCap,price,$/MWh,113.20173888832733
2076,NGFS2023REMIND_B2DS,Global,Power,RenewablesCap,price,$/MWh,113.20173888832733
2076,NGFS2023REMIND_DT,Global,Power,RenewablesCap,price,$/MWh,113.20173888832733
2076,NGFS2023MESSAGE_NZ2050,Global,Power,RenewablesCap,price,$/MWh,113.20173888832733
2076,NGFS2023MESSAGE_LD,Global,Power,RenewablesCap,price,$/MWh,113.20173888832733
2076,NGFS2023MESSAGE_B2DS,Global,Power,RenewablesCap,price,$/MWh,113.20173888832733
2076,NGFS2023MESSAGE_DT,Global,Power,RenewablesCap,price,$/MWh,113.20173888832733
2076,NGFS2023GCAM_NZ2050,Global,Power,HydroCap,price,$/MWh,52.88135607909605
2076,NGFS2023GCAM_LD,Global,Power,HydroCap,price,$/MWh,52.88135607909605
2076,NGFS2023GCAM_B2DS,Global,Power,HydroCap,price,$/MWh,52.88135607909605
2076,NGFS2023GCAM_DT,Global,Power,HydroCap,price,$/MWh,52.88135607909605
2076,NGFS2023REMIND_NZ2050,Global,Power,HydroCap,price,$/MWh,52.88135607909605
2076,NGFS2023REMIND_LD,Global,Power,HydroCap,price,$/MWh,52.88135607909605
2076,NGFS2023REMIND_B2DS,Global,Power,HydroCap,price,$/MWh,52.88135607909605
2076,NGFS2023REMIND_DT,Global,Power,HydroCap,price,$/MWh,52.88135607909605
2076,NGFS2023MESSAGE_NZ2050,Global,Power,HydroCap,price,$/MWh,52.88135607909605
2076,NGFS2023MESSAGE_LD,Global,Power,HydroCap,price,$/MWh,52.88135607909605
2076,NGFS2023MESSAGE_B2DS,Global,Power,HydroCap,price,$/MWh,52.88135607909605
2076,NGFS2023MESSAGE_DT,Global,Power,HydroCap,price,$/MWh,52.88135607909605
2076,NGFS2023GCAM_NZ2050,Global,Power,NuclearCap,price,$/MWh,101.69491553672316
2076,NGFS2023GCAM_LD,Global,Power,NuclearCap,price,$/MWh,101.69491553672316
2076,NGFS2023GCAM_B2DS,Global,Power,NuclearCap,price,$/MWh,101.69491553672316
2076,NGFS2023GCAM_DT,Global,Power,NuclearCap,price,$/MWh,101.69491553672316
2076,NGFS2023REMIND_NZ2050,Global,Power,NuclearCap,price,$/MWh,101.69491553672316
2076,NGFS2023REMIND_LD,Global,Power,NuclearCap,price,$/MWh,101.69491553672316
2076,NGFS2023REMIND_B2DS,Global,Power,NuclearCap,price,$/MWh,101.69491553672316
2076,NGFS2023REMIND_DT,Global,Power,NuclearCap,price,$/MWh,101.69491553672316
2076,NGFS2023MESSAGE_NZ2050,Global,Power,NuclearCap,price,$/MWh,101.69491553672316
2076,NGFS2023MESSAGE_LD,Global,Power,NuclearCap,price,$/MWh,101.69491553672316
2076,NGFS2023MESSAGE_B2DS,Global,Power,NuclearCap,price,$/MWh,101.69491553672316
2076,NGFS2023MESSAGE_DT,Global,Power,NuclearCap,price,$/MWh,101.69491553672316
2077,NGFS2023GCAM_NZ2050,Global,Power,OilCap,price,$/MWh,58.7818955345081
2077,NGFS2023GCAM_LD,Global,Power,OilCap,price,$/MWh,58.7818955345081
2077,NGFS2023GCAM_B2DS,Global,Power,OilCap,price,$/MWh,58.7818955345081
2077,NGFS2023GCAM_DT,Global,Power,OilCap,price,$/MWh,58.7818955345081
2077,NGFS2023REMIND_NZ2050,Global,Power,OilCap,price,$/MWh,58.7818955345081
2077,NGFS2023REMIND_LD,Global,Power,OilCap,price,$/MWh,58.7818955345081
2077,NGFS2023REMIND_B2DS,Global,Power,OilCap,price,$/MWh,58.7818955345081
2077,NGFS2023REMIND_DT,Global,Power,OilCap,price,$/MWh,58.7818955345081
2077,NGFS2023MESSAGE_NZ2050,Global,Power,OilCap,price,$/MWh,58.7818955345081
2077,NGFS2023MESSAGE_LD,Global,Power,OilCap,price,$/MWh,58.7818955345081
2077,NGFS2023MESSAGE_B2DS,Global,Power,OilCap,price,$/MWh,58.7818955345081
2077,NGFS2023MESSAGE_DT,Global,Power,OilCap,price,$/MWh,58.7818955345081
2077,NGFS2023GCAM_NZ2050,Global,Power,CoalCap,price,$/MWh,68.3837440974353
2077,NGFS2023GCAM_LD,Global,Power,CoalCap,price,$/MWh,68.3837440974353
2077,NGFS2023GCAM_B2DS,Global,Power,CoalCap,price,$/MWh,68.3837440974353
2077,NGFS2023GCAM_DT,Global,Power,CoalCap,price,$/MWh,68.3837440974353
2077,NGFS2023REMIND_NZ2050,Global,Power,CoalCap,price,$/MWh,68.3837440974353
2077,NGFS2023REMIND_LD,Global,Power,CoalCap,price,$/MWh,68.3837440974353
2077,NGFS2023REMIND_B2DS,Global,Power,CoalCap,price,$/MWh,68.3837440974353
2077,NGFS2023REMIND_DT,Global,Power,CoalCap,price,$/MWh,68.3837440974353
2077,NGFS2023MESSAGE_NZ2050,Global,Power,CoalCap,price,$/MWh,68.3837440974353
2077,NGFS2023MESSAGE_LD,Global,Power,CoalCap,price,$/MWh,68.3837440974353
2077,NGFS2023MESSAGE_B2DS,Global,Power,CoalCap,price,$/MWh,68.3837440974353
2077,NGFS2023MESSAGE_DT,Global,Power,CoalCap,price,$/MWh,68.3837440974353
2077,NGFS2023GCAM_NZ2050,Global,Power,GasCap,price,$/MWh,58.7818955345081
2077,NGFS2023GCAM_LD,Global,Power,GasCap,price,$/MWh,58.7818955345081
2077,NGFS2023GCAM_B2DS,Global,Power,GasCap,price,$/MWh,58.7818955345081
2077,NGFS2023GCAM_DT,Global,Power,GasCap,price,$/MWh,58.7818955345081
2077,NGFS2023REMIND_NZ2050,Global,Power,GasCap,price,$/MWh,58.7818955345081
2077,NGFS2023REMIND_LD,Global,Power,GasCap,price,$/MWh,58.7818955345081
2077,NGFS2023REMIND_B2DS,Global,Power,GasCap,price,$/MWh,58.7818955345081
2077,NGFS2023REMIND_DT,Global,Power,GasCap,price,$/MWh,58.7818955345081
2077,NGFS2023MESSAGE_NZ2050,Global,Power,GasCap,price,$/MWh,58.7818955345081
2077,NGFS2023MESSAGE_LD,Global,Power,GasCap,price,$/MWh,58.7818955345081
2077,NGFS2023MESSAGE_B2DS,Global,Power,GasCap,price,$/MWh,58.7818955345081
2077,NGFS2023MESSAGE_DT,Global,Power,GasCap,price,$/MWh,58.7818955345081
2077,NGFS2023GCAM_NZ2050,Global,Power,RenewablesCap,price,$/MWh,113.74593629264518
2077,NGFS2023GCAM_LD,Global,Power,RenewablesCap,price,$/MWh,113.74593629264518
2077,NGFS2023GCAM_B2DS,Global,Power,RenewablesCap,price,$/MWh,113.74593629264518
2077,NGFS2023GCAM_DT,Global,Power,RenewablesCap,price,$/MWh,113.74593629264518
2077,NGFS2023REMIND_NZ2050,Global,Power,RenewablesCap,price,$/MWh,113.74593629264518
2077,NGFS2023REMIND_LD,Global,Power,RenewablesCap,price,$/MWh,113.74593629264518
2077,NGFS2023REMIND_B2DS,Global,Power,RenewablesCap,price,$/MWh,113.74593629264518
2077,NGFS2023REMIND_DT,Global,Power,RenewablesCap,price,$/MWh,113.74593629264518
2077,NGFS2023MESSAGE_NZ2050,Global,Power,RenewablesCap,price,$/MWh,113.74593629264518
2077,NGFS2023MESSAGE_LD,Global,Power,RenewablesCap,price,$/MWh,113.74593629264518
2077,NGFS2023MESSAGE_B2DS,Global,Power,RenewablesCap,price,$/MWh,113.74593629264518
2077,NGFS2023MESSAGE_DT,Global,Power,RenewablesCap,price,$/MWh,113.74593629264518
2077,NGFS2023GCAM_NZ2050,Global,Power,HydroCap,price,$/MWh,52.88135607909605
2077,NGFS2023GCAM_LD,Global,Power,HydroCap,price,$/MWh,52.88135607909605
2077,NGFS2023GCAM_B2DS,Global,Power,HydroCap,price,$/MWh,52.88135607909605
2077,NGFS2023GCAM_DT,Global,Power,HydroCap,price,$/MWh,52.88135607909605
2077,NGFS2023REMIND_NZ2050,Global,Power,HydroCap,price,$/MWh,52.88135607909605
2077,NGFS2023REMIND_LD,Global,Power,HydroCap,price,$/MWh,52.88135607909605
2077,NGFS2023REMIND_B2DS,Global,Power,HydroCap,price,$/MWh,52.88135607909605
2077,NGFS2023REMIND_DT,Global,Power,HydroCap,price,$/MWh,52.88135607909605
2077,NGFS2023MESSAGE_NZ2050,Global,Power,HydroCap,price,$/MWh,52.88135607909605
2077,NGFS2023MESSAGE_LD,Global,Power,HydroCap,price,$/MWh,52.88135607909605
2077,NGFS2023MESSAGE_B2DS,Global,Power,HydroCap,price,$/MWh,52.88135607909605
2077,NGFS2023MESSAGE_DT,Global,Power,HydroCap,price,$/MWh,52.88135607909605
2077,NGFS2023GCAM_NZ2050,Global,Power,NuclearCap,price,$/MWh,101.69491553672316
2077,NGFS2023GCAM_LD,Global,Power,NuclearCap,price,$/MWh,101.69491553672316
2077,NGFS2023GCAM_B2DS,Global,Power,NuclearCap,price,$/MWh,101.69491553672316
2077,NGFS2023GCAM_DT,Global,Power,NuclearCap,price,$/MWh,101.69491553672316
2077,NGFS2023REMIND_NZ2050,Global,Power,NuclearCap,price,$/MWh,101.69491553672316
2077,NGFS2023REMIND_LD,Global,Power,NuclearCap,price,$/MWh,101.69491553672316
2077,NGFS2023REMIND_B2DS,Global,Power,NuclearCap,price,$/MWh,101.69491553672316
2077,NGFS2023REMIND_DT,Global,Power,NuclearCap,price,$/MWh,101.69491553672316
2077,NGFS2023MESSAGE_NZ2050,Global,Power,NuclearCap,price,$/MWh,101.69491553672316
2077,NGFS2023MESSAGE_LD,Global,Power,NuclearCap,price,$/MWh,101.69491553672316
2077,NGFS2023MESSAGE_B2DS,Global,Power,NuclearCap,price,$/MWh,101.69491553672316
2077,NGFS2023MESSAGE_DT,Global,Power,NuclearCap,price,$/MWh,101.69491553672316
2078,NGFS2023GCAM_NZ2050,Global,Power,OilCap,price,$/MWh,58.780931443748074
2078,NGFS2023GCAM_LD,Global,Power,OilCap,price,$/MWh,58.780931443748074
2078,NGFS2023GCAM_B2DS,Global,Power,OilCap,price,$/MWh,58.780931443748074
2078,NGFS2023GCAM_DT,Global,Power,OilCap,price,$/MWh,58.780931443748074
2078,NGFS2023REMIND_NZ2050,Global,Power,OilCap,price,$/MWh,58.780931443748074
2078,NGFS2023REMIND_LD,Global,Power,OilCap,price,$/MWh,58.780931443748074
2078,NGFS2023REMIND_B2DS,Global,Power,OilCap,price,$/MWh,58.780931443748074
2078,NGFS2023REMIND_DT,Global,Power,OilCap,price,$/MWh,58.780931443748074
2078,NGFS2023MESSAGE_NZ2050,Global,Power,OilCap,price,$/MWh,58.780931443748074
2078,NGFS2023MESSAGE_LD,Global,Power,OilCap,price,$/MWh,58.780931443748074
2078,NGFS2023MESSAGE_B2DS,Global,Power,OilCap,price,$/MWh,58.780931443748074
2078,NGFS2023MESSAGE_DT,Global,Power,OilCap,price,$/MWh,58.780931443748074
2078,NGFS2023GCAM_NZ2050,Global,Power,CoalCap,price,$/MWh,68.38767062145259
2078,NGFS2023GCAM_LD,Global,Power,CoalCap,price,$/MWh,68.38767062145259
2078,NGFS2023GCAM_B2DS,Global,Power,CoalCap,price,$/MWh,68.38767062145259
2078,NGFS2023GCAM_DT,Global,Power,CoalCap,price,$/MWh,68.38767062145259
2078,NGFS2023REMIND_NZ2050,Global,Power,CoalCap,price,$/MWh,68.38767062145259
2078,NGFS2023REMIND_LD,Global,Power,CoalCap,price,$/MWh,68.38767062145259
2078,NGFS2023REMIND_B2DS,Global,Power,CoalCap,price,$/MWh,68.38767062145259
2078,NGFS2023REMIND_DT,Global,Power,CoalCap,price,$/MWh,68.38767062145259
2078,NGFS2023MESSAGE_NZ2050,Global,Power,CoalCap,price,$/MWh,68.38767062145259
2078,NGFS2023MESSAGE_LD,Global,Power,CoalCap,price,$/MWh,68.38767062145259
2078,NGFS2023MESSAGE_B2DS,Global,Power,CoalCap,price,$/MWh,68.38767062145259
2078,NGFS2023MESSAGE_DT,Global,Power,CoalCap,price,$/MWh,68.38767062145259
2078,NGFS2023GCAM_NZ2050,Global,Power,GasCap,price,$/MWh,58.780931443748074
2078,NGFS2023GCAM_LD,Global,Power,GasCap,price,$/MWh,58.780931443748074
2078,NGFS2023GCAM_B2DS,Global,Power,GasCap,price,$/MWh,58.780931443748074
2078,NGFS2023GCAM_DT,Global,Power,GasCap,price,$/MWh,58.780931443748074
2078,NGFS2023REMIND_NZ2050,Global,Power,GasCap,price,$/MWh,58.780931443748074
2078,NGFS2023REMIND_LD,Global,Power,GasCap,price,$/MWh,58.780931443748074
2078,NGFS2023REMIND_B2DS,Global,Power,GasCap,price,$/MWh,58.780931443748074
2078,NGFS2023REMIND_DT,Global,Power,GasCap,price,$/MWh,58.780931443748074
2078,NGFS2023MESSAGE_NZ2050,Global,Power,GasCap,price,$/MWh,58.780931443748074
2078,NGFS2023MESSAGE_LD,Global,Power,GasCap,price,$/MWh,58.780931443748074
2078,NGFS2023MESSAGE_B2DS,Global,Power,GasCap,price,$/MWh,58.780931443748074
2078,NGFS2023MESSAGE_DT,Global,Power,GasCap,price,$/MWh,58.780931443748074
2078,NGFS2023GCAM_NZ2050,Global,Power,RenewablesCap,price,$/MWh,114.29013369696304
2078,NGFS2023GCAM_LD,Global,Power,RenewablesCap,price,$/MWh,114.29013369696304
2078,NGFS2023GCAM_B2DS,Global,Power,RenewablesCap,price,$/MWh,114.29013369696304
2078,NGFS2023GCAM_DT,Global,Power,RenewablesCap,price,$/MWh,114.29013369696304
2078,NGFS2023REMIND_NZ2050,Global,Power,RenewablesCap,price,$/MWh,114.29013369696304
2078,NGFS2023REMIND_LD,Global,Power,RenewablesCap,price,$/MWh,114.29013369696304
2078,NGFS2023REMIND_B2DS,Global,Power,RenewablesCap,price,$/MWh,114.29013369696304
2078,NGFS2023REMIND_DT,Global,Power,RenewablesCap,price,$/MWh,114.29013369696304
2078,NGFS2023MESSAGE_NZ2050,Global,Power,RenewablesCap,price,$/MWh,114.29013369696304
2078,NGFS2023MESSAGE_LD,Global,Power,RenewablesCap,price,$/MWh,114.29013369696304
2078,NGFS2023MESSAGE_B2DS,Global,Power,RenewablesCap,price,$/MWh,114.29013369696304
2078,NGFS2023MESSAGE_DT,Global,Power,RenewablesCap,price,$/MWh,114.29013369696304
2078,NGFS2023GCAM_NZ2050,Global,Power,HydroCap,price,$/MWh,52.88135607909605
2078,NGFS2023GCAM_LD,Global,Power,HydroCap,price,$/MWh,52.88135607909605
2078,NGFS2023GCAM_B2DS,Global,Power,HydroCap,price,$/MWh,52.88135607909605
2078,NGFS2023GCAM_DT,Global,Power,HydroCap,price,$/MWh,52.88135607909605
2078,NGFS2023REMIND_NZ2050,Global,Power,HydroCap,price,$/MWh,52.88135607909605
2078,NGFS2023REMIND_LD,Global,Power,HydroCap,price,$/MWh,52.88135607909605
2078,NGFS2023REMIND_B2DS,Global,Power,HydroCap,price,$/MWh,52.88135607909605
2078,NGFS2023REMIND_DT,Global,Power,HydroCap,price,$/MWh,52.88135607909605
2078,NGFS2023MESSAGE_NZ2050,Global,Power,HydroCap,price,$/MWh,52.88135607909605
2078,NGFS2023MESSAGE_LD,Global,Power,HydroCap,price,$/MWh,52.88135607909605
2078,NGFS2023MESSAGE_B2DS,Global,Power,HydroCap,price,$/MWh,52.88135607909605
2078,NGFS2023MESSAGE_DT,Global,Power,HydroCap,price,$/MWh,52.88135607909605
2078,NGFS2023GCAM_NZ2050,Global,Power,NuclearCap,price,$/MWh,101.69491553672316
2078,NGFS2023GCAM_LD,Global,Power,NuclearCap,price,$/MWh,101.69491553672316
2078,NGFS2023GCAM_B2DS,Global,Power,NuclearCap,price,$/MWh,101.69491553672316
2078,NGFS2023GCAM_DT,Global,Power,NuclearCap,price,$/MWh,101.69491553672316
2078,NGFS2023REMIND_NZ2050,Global,Power,NuclearCap,price,$/MWh,101.69491553672316
2078,NGFS2023REMIND_LD,Global,Power,NuclearCap,price,$/MWh,101.69491553672316
2078,NGFS2023REMIND_B2DS,Global,Power,NuclearCap,price,$/MWh,101.69491553672316
2078,NGFS2023REMIND_DT,Global,Power,NuclearCap,price,$/MWh,101.69491553672316
2078,NGFS2023MESSAGE_NZ2050,Global,Power,NuclearCap,price,$/MWh,101.69491553672316
2078,NGFS2023MESSAGE_LD,Global,Power,NuclearCap,price,$/MWh,101.69491553672316
2078,NGFS2023MESSAGE_B2DS,Global,Power,NuclearCap,price,$/MWh,101.69491553672316
2078,NGFS2023MESSAGE_DT,Global,Power,NuclearCap,price,$/MWh,101.69491553672316
2079,NGFS2023GCAM_NZ2050,Global,Power,OilCap,price,$/MWh,58.779967352988045
2079,NGFS2023GCAM_LD,Global,Power,OilCap,price,$/MWh,58.779967352988045
2079,NGFS2023GCAM_B2DS,Global,Power,OilCap,price,$/MWh,58.779967352988045
2079,NGFS2023GCAM_DT,Global,Power,OilCap,price,$/MWh,58.779967352988045
2079,NGFS2023REMIND_NZ2050,Global,Power,OilCap,price,$/MWh,58.779967352988045
2079,NGFS2023REMIND_LD,Global,Power,OilCap,price,$/MWh,58.779967352988045
2079,NGFS2023REMIND_B2DS,Global,Power,OilCap,price,$/MWh,58.779967352988045
2079,NGFS2023REMIND_DT,Global,Power,OilCap,price,$/MWh,58.779967352988045
2079,NGFS2023MESSAGE_NZ2050,Global,Power,OilCap,price,$/MWh,58.779967352988045
2079,NGFS2023MESSAGE_LD,Global,Power,OilCap,price,$/MWh,58.779967352988045
2079,NGFS2023MESSAGE_B2DS,Global,Power,OilCap,price,$/MWh,58.779967352988045
2079,NGFS2023MESSAGE_DT,Global,Power,OilCap,price,$/MWh,58.779967352988045
2079,NGFS2023GCAM_NZ2050,Global,Power,CoalCap,price,$/MWh,68.39159714546987
2079,NGFS2023GCAM_LD,Global,Power,CoalCap,price,$/MWh,68.39159714546987
2079,NGFS2023GCAM_B2DS,Global,Power,CoalCap,price,$/MWh,68.39159714546987
2079,NGFS2023GCAM_DT,Global,Power,CoalCap,price,$/MWh,68.39159714546987
2079,NGFS2023REMIND_NZ2050,Global,Power,CoalCap,price,$/MWh,68.39159714546987
2079,NGFS2023REMIND_LD,Global,Power,CoalCap,price,$/MWh,68.39159714546987
2079,NGFS2023REMIND_B2DS,Global,Power,CoalCap,price,$/MWh,68.39159714546987
2079,NGFS2023REMIND_DT,Global,Power,CoalCap,price,$/MWh,68.39159714546987
2079,NGFS2023MESSAGE_NZ2050,Global,Power,CoalCap,price,$/MWh,68.39159714546987
2079,NGFS2023MESSAGE_LD,Global,Power,CoalCap,price,$/MWh,68.39159714546987
2079,NGFS2023MESSAGE_B2DS,Global,Power,CoalCap,price,$/MWh,68.39159714546987
2079,NGFS2023MESSAGE_DT,Global,Power,CoalCap,price,$/MWh,68.39159714546987
2079,NGFS2023GCAM_NZ2050,Global,Power,GasCap,price,$/MWh,58.779967352988045
2079,NGFS2023GCAM_LD,Global,Power,GasCap,price,$/MWh,58.779967352988045
2079,NGFS2023GCAM_B2DS,Global,Power,GasCap,price,$/MWh,58.779967352988045
2079,NGFS2023GCAM_DT,Global,Power,GasCap,price,$/MWh,58.779967352988045
2079,NGFS2023REMIND_NZ2050,Global,Power,GasCap,price,$/MWh,58.779967352988045
2079,NGFS2023REMIND_LD,Global,Power,GasCap,price,$/MWh,58.779967352988045
2079,NGFS2023REMIND_B2DS,Global,Power,GasCap,price,$/MWh,58.779967352988045
2079,NGFS2023REMIND_DT,Global,Power,GasCap,price,$/MWh,58.779967352988045
2079,NGFS2023MESSAGE_NZ2050,Global,Power,GasCap,price,$/MWh,58.779967352988045
2079,NGFS2023MESSAGE_LD,Global,Power,GasCap,price,$/MWh,58.779967352988045
2079,NGFS2023MESSAGE_B2DS,Global,Power,GasCap,price,$/MWh,58.779967352988045
2079,NGFS2023MESSAGE_DT,Global,Power,GasCap,price,$/MWh,58.779967352988045
2079,NGFS2023GCAM_NZ2050,Global,Power,RenewablesCap,price,$/MWh,114.8343311012809
2079,NGFS2023GCAM_LD,Global,Power,RenewablesCap,price,$/MWh,114.8343311012809
2079,NGFS2023GCAM_B2DS,Global,Power,RenewablesCap,price,$/MWh,114.8343311012809
2079,NGFS2023GCAM_DT,Global,Power,RenewablesCap,price,$/MWh,114.8343311012809
2079,NGFS2023REMIND_NZ2050,Global,Power,RenewablesCap,price,$/MWh,114.8343311012809
2079,NGFS2023REMIND_LD,Global,Power,RenewablesCap,price,$/MWh,114.8343311012809
2079,NGFS2023REMIND_B2DS,Global,Power,RenewablesCap,price,$/MWh,114.8343311012809
2079,NGFS2023REMIND_DT,Global,Power,RenewablesCap,price,$/MWh,114.8343311012809
2079,NGFS2023MESSAGE_NZ2050,Global,Power,RenewablesCap,price,$/MWh,114.8343311012809
2079,NGFS2023MESSAGE_LD,Global,Power,RenewablesCap,price,$/MWh,114.8343311012809
2079,NGFS2023MESSAGE_B2DS,Global,Power,RenewablesCap,price,$/MWh,114.8343311012809
2079,NGFS2023MESSAGE_DT,Global,Power,RenewablesCap,price,$/MWh,114.8343311012809
2079,NGFS2023GCAM_NZ2050,Global,Power,HydroCap,price,$/MWh,52.88135607909605
2079,NGFS2023GCAM_LD,Global,Power,HydroCap,price,$/MWh,52.88135607909605
2079,NGFS2023GCAM_B2DS,Global,Power,HydroCap,price,$/MWh,52.88135607909605
2079,NGFS2023GCAM_DT,Global,Power,HydroCap,price,$/MWh,52.88135607909605
2079,NGFS2023REMIND_NZ2050,Global,Power,HydroCap,price,$/MWh,52.88135607909605
2079,NGFS2023REMIND_LD,Global,Power,HydroCap,price,$/MWh,52.88135607909605
2079,NGFS2023REMIND_B2DS,Global,Power,HydroCap,price,$/MWh,52.88135607909605
2079,NGFS2023REMIND_DT,Global,Power,HydroCap,price,$/MWh,52.88135607909605
2079,NGFS2023MESSAGE_NZ2050,Global,Power,HydroCap,price,$/MWh,52.88135607909605
2079,NGFS2023MESSAGE_LD,Global,Power,HydroCap,price,$/MWh,52.88135607909605
2079,NGFS2023MESSAGE_B2DS,Global,Power,HydroCap,price,$/MWh,52.88135607909605
2079,NGFS2023MESSAGE_DT,Global,Power,HydroCap,price,$/MWh,52.88135607909605
2079,NGFS2023GCAM_NZ2050,Global,Power,NuclearCap,price,$/MWh,101.69491553672316
2079,NGFS2023GCAM_LD,Global,Power,NuclearCap,price,$/MWh,101.69491553672316
2079,NGFS2023GCAM_B2DS,Global,Power,NuclearCap,price,$/MWh,101.69491553672316
2079,NGFS2023GCAM_DT,Global,Power,NuclearCap,price,$/MWh,101.69491553672316
2079,NGFS2023REMIND_NZ2050,Global,Power,NuclearCap,price,$/MWh,101.69491553672316
2079,NGFS2023REMIND_LD,Global,Power,NuclearCap,price,$/MWh,101.69491553672316
2079,NGFS2023REMIND_B2DS,Global,Power,NuclearCap,price,$/MWh,101.69491553672316
2079,NGFS2023REMIND_DT,Global,Power,NuclearCap,price,$/MWh,101.69491553672316
2079,NGFS2023MESSAGE_NZ2050,Global,Power,NuclearCap,price,$/MWh,101.69491553672316
2079,NGFS2023MESSAGE_LD,Global,Power,NuclearCap,price,$/MWh,101.69491553672316
2079,NGFS2023MESSAGE_B2DS,Global,Power,NuclearCap,price,$/MWh,101.69491553672316
2079,NGFS2023MESSAGE_DT,Global,Power,NuclearCap,price,$/MWh,101.69491553672316
2080,NGFS2023GCAM_NZ2050,Global,Power,OilCap,price,$/MWh,58.779003262228024
2080,NGFS2023GCAM_LD,Global,Power,OilCap,price,$/MWh,58.779003262228024
2080,NGFS2023GCAM_B2DS,Global,Power,OilCap,price,$/MWh,58.779003262228024
2080,NGFS2023GCAM_DT,Global,Power,OilCap,price,$/MWh,58.779003262228024
2080,NGFS2023REMIND_NZ2050,Global,Power,OilCap,price,$/MWh,58.779003262228024
2080,NGFS2023REMIND_LD,Global,Power,OilCap,price,$/MWh,58.779003262228024
2080,NGFS2023REMIND_B2DS,Global,Power,OilCap,price,$/MWh,58.779003262228024
2080,NGFS2023REMIND_DT,Global,Power,OilCap,price,$/MWh,58.779003262228024
2080,NGFS2023MESSAGE_NZ2050,Global,Power,OilCap,price,$/MWh,58.779003262228024
2080,NGFS2023MESSAGE_LD,Global,Power,OilCap,price,$/MWh,58.779003262228024
2080,NGFS2023MESSAGE_B2DS,Global,Power,OilCap,price,$/MWh,58.779003262228024
2080,NGFS2023MESSAGE_DT,Global,Power,OilCap,price,$/MWh,58.779003262228024
2080,NGFS2023GCAM_NZ2050,Global,Power,CoalCap,price,$/MWh,68.39552366948716
2080,NGFS2023GCAM_LD,Global,Power,CoalCap,price,$/MWh,68.39552366948716
2080,NGFS2023GCAM_B2DS,Global,Power,CoalCap,price,$/MWh,68.39552366948716
2080,NGFS2023GCAM_DT,Global,Power,CoalCap,price,$/MWh,68.39552366948716
2080,NGFS2023REMIND_NZ2050,Global,Power,CoalCap,price,$/MWh,68.39552366948716
2080,NGFS2023REMIND_LD,Global,Power,CoalCap,price,$/MWh,68.39552366948716
2080,NGFS2023REMIND_B2DS,Global,Power,CoalCap,price,$/MWh,68.39552366948716
2080,NGFS2023REMIND_DT,Global,Power,CoalCap,price,$/MWh,68.39552366948716
2080,NGFS2023MESSAGE_NZ2050,Global,Power,CoalCap,price,$/MWh,68.39552366948716
2080,NGFS2023MESSAGE_LD,Global,Power,CoalCap,price,$/MWh,68.39552366948716
2080,NGFS2023MESSAGE_B2DS,Global,Power,CoalCap,price,$/MWh,68.39552366948716
2080,NGFS2023MESSAGE_DT,Global,Power,CoalCap,price,$/MWh,68.39552366948716
2080,NGFS2023GCAM_NZ2050,Global,Power,GasCap,price,$/MWh,58.779003262228024
2080,NGFS2023GCAM_LD,Global,Power,GasCap,price,$/MWh,58.779003262228024
2080,NGFS2023GCAM_B2DS,Global,Power,GasCap,price,$/MWh,58.779003262228024
2080,NGFS2023GCAM_DT,Global,Power,GasCap,price,$/MWh,58.779003262228024
2080,NGFS2023REMIND_NZ2050,Global,Power,GasCap,price,$/MWh,58.779003262228024
2080,NGFS2023REMIND_LD,Global,Power,GasCap,price,$/MWh,58.779003262228024
2080,NGFS2023REMIND_B2DS,Global,Power,GasCap,price,$/MWh,58.779003262228024
2080,NGFS2023REMIND_DT,Global,Power,GasCap,price,$/MWh,58.779003262228024
2080,NGFS2023MESSAGE_NZ2050,Global,Power,GasCap,price,$/MWh,58.779003262228024
2080,NGFS2023MESSAGE_LD,Global,Power,GasCap,price,$/MWh,58.779003262228024
2080,NGFS2023MESSAGE_B2DS,Global,Power,GasCap,price,$/MWh,58.779003262228024
2080,NGFS2023MESSAGE_DT,Global,Power,GasCap,price,$/MWh,58.779003262228024
2080,NGFS2023GCAM_NZ2050,Global,Power,RenewablesCap,price,$/MWh,115.37852850559877
2080,NGFS2023GCAM_LD,Global,Power,RenewablesCap,price,$/MWh,115.37852850559877
2080,NGFS2023GCAM_B2DS,Global,Power,RenewablesCap,price,$/MWh,115.37852850559877
2080,NGFS2023GCAM_DT,Global,Power,RenewablesCap,price,$/MWh,115.37852850559877
2080,NGFS2023REMIND_NZ2050,Global,Power,RenewablesCap,price,$/MWh,115.37852850559877
2080,NGFS2023REMIND_LD,Global,Power,RenewablesCap,price,$/MWh,115.37852850559877
2080,NGFS2023REMIND_B2DS,Global,Power,RenewablesCap,price,$/MWh,115.37852850559877
2080,NGFS2023REMIND_DT,Global,Power,RenewablesCap,price,$/MWh,115.37852850559877
2080,NGFS2023MESSAGE_NZ2050,Global,Power,RenewablesCap,price,$/MWh,115.37852850559877
2080,NGFS2023MESSAGE_LD,Global,Power,RenewablesCap,price,$/MWh,115.37852850559877
2080,NGFS2023MESSAGE_B2DS,Global,Power,RenewablesCap,price,$/MWh,115.37852850559877
2080,NGFS2023MESSAGE_DT,Global,Power,RenewablesCap,price,$/MWh,115.37852850559877
2080,NGFS2023GCAM_NZ2050,Global,Power,HydroCap,price,$/MWh,52.88135607909605
2080,NGFS2023GCAM_LD,Global,Power,HydroCap,price,$/MWh,52.88135607909605
2080,NGFS2023GCAM_B2DS,Global,Power,HydroCap,price,$/MWh,52.88135607909605
2080,NGFS2023GCAM_DT,Global,Power,HydroCap,price,$/MWh,52.88135607909605
2080,NGFS2023REMIND_NZ2050,Global,Power,HydroCap,price,$/MWh,52.88135607909605
2080,NGFS2023REMIND_LD,Global,Power,HydroCap,price,$/MWh,52.88135607909605
2080,NGFS2023REMIND_B2DS,Global,Power,HydroCap,price,$/MWh,52.88135607909605
2080,NGFS2023REMIND_DT,Global,Power,HydroCap,price,$/MWh,52.88135607909605
2080,NGFS2023MESSAGE_NZ2050,Global,Power,HydroCap,price,$/MWh,52.88135607909605
2080,NGFS2023MESSAGE_LD,Global,Power,HydroCap,price,$/MWh,52.88135607909605
2080,NGFS2023MESSAGE_B2DS,Global,Power,HydroCap,price,$/MWh,52.88135607909605
2080,NGFS2023MESSAGE_DT,Global,Power,HydroCap,price,$/MWh,52.88135607909605
2080,NGFS2023GCAM_NZ2050,Global,Power,NuclearCap,price,$/MWh,101.69491553672316
2080,NGFS2023GCAM_LD,Global,Power,NuclearCap,price,$/MWh,101.69491553672316
2080,NGFS2023GCAM_B2DS,Global,Power,NuclearCap,price,$/MWh,101.69491553672316
2080,NGFS2023GCAM_DT,Global,Power,NuclearCap,price,$/MWh,101.69491553672316
2080,NGFS2023REMIND_NZ2050,Global,Power,NuclearCap,price,$/MWh,101.69491553672316
2080,NGFS2023REMIND_LD,Global,Power,NuclearCap,price,$/MWh,101.69491553672316
2080,NGFS2023REMIND_B2DS,Global,Power,NuclearCap,price,$/MWh,101.69491553672316
2080,NGFS2023REMIND_DT,Global,Power,NuclearCap,price,$/MWh,101.69491553672316
2080,NGFS2023MESSAGE_NZ2050,Global,Power,NuclearCap,price,$/MWh,101.69491553672316
2080,NGFS2023MESSAGE_LD,Global,Power,NuclearCap,price,$/MWh,101.69491553672316
2080,NGFS2023MESSAGE_B2DS,Global,Power,NuclearCap,price,$/MWh,101.69491553672316
2080,NGFS2023MESSAGE_DT,Global,Power,NuclearCap,price,$/MWh,101.69491553672316
2081,NGFS2023GCAM_NZ2050,Global,Power,OilCap,price,$/MWh,58.778039171467995
2081,NGFS2023GCAM_LD,Global,Power,OilCap,price,$/MWh,58.778039171467995
2081,NGFS2023GCAM_B2DS,Global,Power,OilCap,price,$/MWh,58.778039171467995
2081,NGFS2023GCAM_DT,Global,Power,OilCap,price,$/MWh,58.778039171467995
2081,NGFS2023REMIND_NZ2050,Global,Power,OilCap,price,$/MWh,58.778039171467995
2081,NGFS2023REMIND_LD,Global,Power,OilCap,price,$/MWh,58.778039171467995
2081,NGFS2023REMIND_B2DS,Global,Power,OilCap,price,$/MWh,58.778039171467995
2081,NGFS2023REMIND_DT,Global,Power,OilCap,price,$/MWh,58.778039171467995
2081,NGFS2023MESSAGE_NZ2050,Global,Power,OilCap,price,$/MWh,58.778039171467995
2081,NGFS2023MESSAGE_LD,Global,Power,OilCap,price,$/MWh,58.778039171467995
2081,NGFS2023MESSAGE_B2DS,Global,Power,OilCap,price,$/MWh,58.778039171467995
2081,NGFS2023MESSAGE_DT,Global,Power,OilCap,price,$/MWh,58.778039171467995
2081,NGFS2023GCAM_NZ2050,Global,Power,CoalCap,price,$/MWh,68.39945019350444
2081,NGFS2023GCAM_LD,Global,Power,CoalCap,price,$/MWh,68.39945019350444
2081,NGFS2023GCAM_B2DS,Global,Power,CoalCap,price,$/MWh,68.39945019350444
2081,NGFS2023GCAM_DT,Global,Power,CoalCap,price,$/MWh,68.39945019350444
2081,NGFS2023REMIND_NZ2050,Global,Power,CoalCap,price,$/MWh,68.39945019350444
2081,NGFS2023REMIND_LD,Global,Power,CoalCap,price,$/MWh,68.39945019350444
2081,NGFS2023REMIND_B2DS,Global,Power,CoalCap,price,$/MWh,68.39945019350444
2081,NGFS2023REMIND_DT,Global,Power,CoalCap,price,$/MWh,68.39945019350444
2081,NGFS2023MESSAGE_NZ2050,Global,Power,CoalCap,price,$/MWh,68.39945019350444
2081,NGFS2023MESSAGE_LD,Global,Power,CoalCap,price,$/MWh,68.39945019350444
2081,NGFS2023MESSAGE_B2DS,Global,Power,CoalCap,price,$/MWh,68.39945019350444
2081,NGFS2023MESSAGE_DT,Global,Power,CoalCap,price,$/MWh,68.39945019350444
2081,NGFS2023GCAM_NZ2050,Global,Power,GasCap,price,$/MWh,58.778039171467995
2081,NGFS2023GCAM_LD,Global,Power,GasCap,price,$/MWh,58.778039171467995
2081,NGFS2023GCAM_B2DS,Global,Power,GasCap,price,$/MWh,58.778039171467995
2081,NGFS2023GCAM_DT,Global,Power,GasCap,price,$/MWh,58.778039171467995
2081,NGFS2023REMIND_NZ2050,Global,Power,GasCap,price,$/MWh,58.778039171467995
2081,NGFS2023REMIND_LD,Global,Power,GasCap,price,$/MWh,58.778039171467995
2081,NGFS2023REMIND_B2DS,Global,Power,GasCap,price,$/MWh,58.778039171467995
2081,NGFS2023REMIND_DT,Global,Power,GasCap,price,$/MWh,58.778039171467995
2081,NGFS2023MESSAGE_NZ2050,Global,Power,GasCap,price,$/MWh,58.778039171467995
2081,NGFS2023MESSAGE_LD,Global,Power,GasCap,price,$/MWh,58.778039171467995
2081,NGFS2023MESSAGE_B2DS,Global,Power,GasCap,price,$/MWh,58.778039171467995
2081,NGFS2023MESSAGE_DT,Global,Power,GasCap,price,$/MWh,58.778039171467995
2081,NGFS2023GCAM_NZ2050,Global,Power,RenewablesCap,price,$/MWh,115.92272590991638
2081,NGFS2023GCAM_LD,Global,Power,RenewablesCap,price,$/MWh,115.92272590991638
2081,NGFS2023GCAM_B2DS,Global,Power,RenewablesCap,price,$/MWh,115.92272590991638
2081,NGFS2023GCAM_DT,Global,Power,RenewablesCap,price,$/MWh,115.92272590991638
2081,NGFS2023REMIND_NZ2050,Global,Power,RenewablesCap,price,$/MWh,115.92272590991638
2081,NGFS2023REMIND_LD,Global,Power,RenewablesCap,price,$/MWh,115.92272590991638
2081,NGFS2023REMIND_B2DS,Global,Power,RenewablesCap,price,$/MWh,115.92272590991638
2081,NGFS2023REMIND_DT,Global,Power,RenewablesCap,price,$/MWh,115.92272590991638
2081,NGFS2023MESSAGE_NZ2050,Global,Power,RenewablesCap,price,$/MWh,115.92272590991638
2081,NGFS2023MESSAGE_LD,Global,Power,RenewablesCap,price,$/MWh,115.92272590991638
2081,NGFS2023MESSAGE_B2DS,Global,Power,RenewablesCap,price,$/MWh,115.92272590991638
2081,NGFS2023MESSAGE_DT,Global,Power,RenewablesCap,price,$/MWh,115.92272590991638
2081,NGFS2023GCAM_NZ2050,Global,Power,HydroCap,price,$/MWh,52.88135607909605
2081,NGFS2023GCAM_LD,Global,Power,HydroCap,price,$/MWh,52.88135607909605
2081,NGFS2023GCAM_B2DS,Global,Power,HydroCap,price,$/MWh,52.88135607909605
2081,NGFS2023GCAM_DT,Global,Power,HydroCap,price,$/MWh,52.88135607909605
2081,NGFS2023REMIND_NZ2050,Global,Power,HydroCap,price,$/MWh,52.88135607909605
2081,NGFS2023REMIND_LD,Global,Power,HydroCap,price,$/MWh,52.88135607909605
2081,NGFS2023REMIND_B2DS,Global,Power,HydroCap,price,$/MWh,52.88135607909605
2081,NGFS2023REMIND_DT,Global,Power,HydroCap,price,$/MWh,52.88135607909605
2081,NGFS2023MESSAGE_NZ2050,Global,Power,HydroCap,price,$/MWh,52.88135607909605
2081,NGFS2023MESSAGE_LD,Global,Power,HydroCap,price,$/MWh,52.88135607909605
2081,NGFS2023MESSAGE_B2DS,Global,Power,HydroCap,price,$/MWh,52.88135607909605
2081,NGFS2023MESSAGE_DT,Global,Power,HydroCap,price,$/MWh,52.88135607909605
2081,NGFS2023GCAM_NZ2050,Global,Power,NuclearCap,price,$/MWh,101.69491553672316
2081,NGFS2023GCAM_LD,Global,Power,NuclearCap,price,$/MWh,101.69491553672316
2081,NGFS2023GCAM_B2DS,Global,Power,NuclearCap,price,$/MWh,101.69491553672316
2081,NGFS2023GCAM_DT,Global,Power,NuclearCap,price,$/MWh,101.69491553672316
2081,NGFS2023REMIND_NZ2050,Global,Power,NuclearCap,price,$/MWh,101.69491553672316
2081,NGFS2023REMIND_LD,Global,Power,NuclearCap,price,$/MWh,101.69491553672316
2081,NGFS2023REMIND_B2DS,Global,Power,NuclearCap,price,$/MWh,101.69491553672316
2081,NGFS2023REMIND_DT,Global,Power,NuclearCap,price,$/MWh,101.69491553672316
2081,NGFS2023MESSAGE_NZ2050,Global,Power,NuclearCap,price,$/MWh,101.69491553672316
2081,NGFS2023MESSAGE_LD,Global,Power,NuclearCap,price,$/MWh,101.69491553672316
2081,NGFS2023MESSAGE_B2DS,Global,Power,NuclearCap,price,$/MWh,101.69491553672316
2081,NGFS2023MESSAGE_DT,Global,Power,NuclearCap,price,$/MWh,101.69491553672316
2082,NGFS2023GCAM_NZ2050,Global,Power,OilCap,price,$/MWh,58.77707508070797
2082,NGFS2023GCAM_LD,Global,Power,OilCap,price,$/MWh,58.77707508070797
2082,NGFS2023GCAM_B2DS,Global,Power,OilCap,price,$/MWh,58.77707508070797
2082,NGFS2023GCAM_DT,Global,Power,OilCap,price,$/MWh,58.77707508070797
2082,NGFS2023REMIND_NZ2050,Global,Power,OilCap,price,$/MWh,58.77707508070797
2082,NGFS2023REMIND_LD,Global,Power,OilCap,price,$/MWh,58.77707508070797
2082,NGFS2023REMIND_B2DS,Global,Power,OilCap,price,$/MWh,58.77707508070797
2082,NGFS2023REMIND_DT,Global,Power,OilCap,price,$/MWh,58.77707508070797
2082,NGFS2023MESSAGE_NZ2050,Global,Power,OilCap,price,$/MWh,58.77707508070797
2082,NGFS2023MESSAGE_LD,Global,Power,OilCap,price,$/MWh,58.77707508070797
2082,NGFS2023MESSAGE_B2DS,Global,Power,OilCap,price,$/MWh,58.77707508070797
2082,NGFS2023MESSAGE_DT,Global,Power,OilCap,price,$/MWh,58.77707508070797
2082,NGFS2023GCAM_NZ2050,Global,Power,CoalCap,price,$/MWh,68.40337671752172
2082,NGFS2023GCAM_LD,Global,Power,CoalCap,price,$/MWh,68.40337671752172
2082,NGFS2023GCAM_B2DS,Global,Power,CoalCap,price,$/MWh,68.40337671752172
2082,NGFS2023GCAM_DT,Global,Power,CoalCap,price,$/MWh,68.40337671752172
2082,NGFS2023REMIND_NZ2050,Global,Power,CoalCap,price,$/MWh,68.40337671752172
2082,NGFS2023REMIND_LD,Global,Power,CoalCap,price,$/MWh,68.40337671752172
2082,NGFS2023REMIND_B2DS,Global,Power,CoalCap,price,$/MWh,68.40337671752172
2082,NGFS2023REMIND_DT,Global,Power,CoalCap,price,$/MWh,68.40337671752172
2082,NGFS2023MESSAGE_NZ2050,Global,Power,CoalCap,price,$/MWh,68.40337671752172
2082,NGFS2023MESSAGE_LD,Global,Power,CoalCap,price,$/MWh,68.40337671752172
2082,NGFS2023MESSAGE_B2DS,Global,Power,CoalCap,price,$/MWh,68.40337671752172
2082,NGFS2023MESSAGE_DT,Global,Power,CoalCap,price,$/MWh,68.40337671752172
2082,NGFS2023GCAM_NZ2050,Global,Power,GasCap,price,$/MWh,58.77707508070797
2082,NGFS2023GCAM_LD,Global,Power,GasCap,price,$/MWh,58.77707508070797
2082,NGFS2023GCAM_B2DS,Global,Power,GasCap,price,$/MWh,58.77707508070797
2082,NGFS2023GCAM_DT,Global,Power,GasCap,price,$/MWh,58.77707508070797
2082,NGFS2023REMIND_NZ2050,Global,Power,GasCap,price,$/MWh,58.77707508070797
2082,NGFS2023REMIND_LD,Global,Power,GasCap,price,$/MWh,58.77707508070797
2082,NGFS2023REMIND_B2DS,Global,Power,GasCap,price,$/MWh,58.77707508070797
2082,NGFS2023REMIND_DT,Global,Power,GasCap,price,$/MWh,58.77707508070797
2082,NGFS2023MESSAGE_NZ2050,Global,Power,GasCap,price,$/MWh,58.77707508070797
2082,NGFS2023MESSAGE_LD,Global,Power,GasCap,price,$/MWh,58.77707508070797
2082,NGFS2023MESSAGE_B2DS,Global,Power,GasCap,price,$/MWh,58.77707508070797
2082,NGFS2023MESSAGE_DT,Global,Power,GasCap,price,$/MWh,58.77707508070797
2082,NGFS2023GCAM_NZ2050,Global,Power,RenewablesCap,price,$/MWh,116.46692331423424
2082,NGFS2023GCAM_LD,Global,Power,RenewablesCap,price,$/MWh,116.46692331423424
2082,NGFS2023GCAM_B2DS,Global,Power,RenewablesCap,price,$/MWh,116.46692331423424
2082,NGFS2023GCAM_DT,Global,Power,RenewablesCap,price,$/MWh,116.46692331423424
2082,NGFS2023REMIND_NZ2050,Global,Power,RenewablesCap,price,$/MWh,116.46692331423424
2082,NGFS2023REMIND_LD,Global,Power,RenewablesCap,price,$/MWh,116.46692331423424
2082,NGFS2023REMIND_B2DS,Global,Power,RenewablesCap,price,$/MWh,116.46692331423424
2082,NGFS2023REMIND_DT,Global,Power,RenewablesCap,price,$/MWh,116.46692331423424
2082,NGFS2023MESSAGE_NZ2050,Global,Power,RenewablesCap,price,$/MWh,116.46692331423424
2082,NGFS2023MESSAGE_LD,Global,Power,RenewablesCap,price,$/MWh,116.46692331423424
2082,NGFS2023MESSAGE_B2DS,Global,Power,RenewablesCap,price,$/MWh,116.46692331423424
2082,NGFS2023MESSAGE_DT,Global,Power,RenewablesCap,price,$/MWh,116.46692331423424
2082,NGFS2023GCAM_NZ2050,Global,Power,HydroCap,price,$/MWh,52.88135607909605
2082,NGFS2023GCAM_LD,Global,Power,HydroCap,price,$/MWh,52.88135607909605
2082,NGFS2023GCAM_B2DS,Global,Power,HydroCap,price,$/MWh,52.88135607909605
2082,NGFS2023GCAM_DT,Global,Power,HydroCap,price,$/MWh,52.88135607909605
2082,NGFS2023REMIND_NZ2050,Global,Power,HydroCap,price,$/MWh,52.88135607909605
2082,NGFS2023REMIND_LD,Global,Power,HydroCap,price,$/MWh,52.88135607909605
2082,NGFS2023REMIND_B2DS,Global,Power,HydroCap,price,$/MWh,52.88135607909605
2082,NGFS2023REMIND_DT,Global,Power,HydroCap,price,$/MWh,52.88135607909605
2082,NGFS2023MESSAGE_NZ2050,Global,Power,HydroCap,price,$/MWh,52.88135607909605
2082,NGFS2023MESSAGE_LD,Global,Power,HydroCap,price,$/MWh,52.88135607909605
2082,NGFS2023MESSAGE_B2DS,Global,Power,HydroCap,price,$/MWh,52.88135607909605
2082,NGFS2023MESSAGE_DT,Global,Power,HydroCap,price,$/MWh,52.88135607909605
2082,NGFS2023GCAM_NZ2050,Global,Power,NuclearCap,price,$/MWh,101.69491553672316
2082,NGFS2023GCAM_LD,Global,Power,NuclearCap,price,$/MWh,101.69491553672316
2082,NGFS2023GCAM_B2DS,Global,Power,NuclearCap,price,$/MWh,101.69491553672316
2082,NGFS2023GCAM_DT,Global,Power,NuclearCap,price,$/MWh,101.69491553672316
2082,NGFS2023REMIND_NZ2050,Global,Power,NuclearCap,price,$/MWh,101.69491553672316
2082,NGFS2023REMIND_LD,Global,Power,NuclearCap,price,$/MWh,101.69491553672316
2082,NGFS2023REMIND_B2DS,Global,Power,NuclearCap,price,$/MWh,101.69491553672316
2082,NGFS2023REMIND_DT,Global,Power,NuclearCap,price,$/MWh,101.69491553672316
2082,NGFS2023MESSAGE_NZ2050,Global,Power,NuclearCap,price,$/MWh,101.69491553672316
2082,NGFS2023MESSAGE_LD,Global,Power,NuclearCap,price,$/MWh,101.69491553672316
2082,NGFS2023MESSAGE_B2DS,Global,Power,NuclearCap,price,$/MWh,101.69491553672316
2082,NGFS2023MESSAGE_DT,Global,Power,NuclearCap,price,$/MWh,101.69491553672316
2083,NGFS2023GCAM_NZ2050,Global,Power,OilCap,price,$/MWh,58.77611098994794
2083,NGFS2023GCAM_LD,Global,Power,OilCap,price,$/MWh,58.77611098994794
2083,NGFS2023GCAM_B2DS,Global,Power,OilCap,price,$/MWh,58.77611098994794
2083,NGFS2023GCAM_DT,Global,Power,OilCap,price,$/MWh,58.77611098994794
2083,NGFS2023REMIND_NZ2050,Global,Power,OilCap,price,$/MWh,58.77611098994794
2083,NGFS2023REMIND_LD,Global,Power,OilCap,price,$/MWh,58.77611098994794
2083,NGFS2023REMIND_B2DS,Global,Power,OilCap,price,$/MWh,58.77611098994794
2083,NGFS2023REMIND_DT,Global,Power,OilCap,price,$/MWh,58.77611098994794
2083,NGFS2023MESSAGE_NZ2050,Global,Power,OilCap,price,$/MWh,58.77611098994794
2083,NGFS2023MESSAGE_LD,Global,Power,OilCap,price,$/MWh,58.77611098994794
2083,NGFS2023MESSAGE_B2DS,Global,Power,OilCap,price,$/MWh,58.77611098994794
2083,NGFS2023MESSAGE_DT,Global,Power,OilCap,price,$/MWh,58.77611098994794
2083,NGFS2023GCAM_NZ2050,Global,Power,CoalCap,price,$/MWh,68.40730324153901
2083,NGFS2023GCAM_LD,Global,Power,CoalCap,price,$/MWh,68.40730324153901
2083,NGFS2023GCAM_B2DS,Global,Power,CoalCap,price,$/MWh,68.40730324153901
2083,NGFS2023GCAM_DT,Global,Power,CoalCap,price,$/MWh,68.40730324153901
2083,NGFS2023REMIND_NZ2050,Global,Power,CoalCap,price,$/MWh,68.40730324153901
2083,NGFS2023REMIND_LD,Global,Power,CoalCap,price,$/MWh,68.40730324153901
2083,NGFS2023REMIND_B2DS,Global,Power,CoalCap,price,$/MWh,68.40730324153901
2083,NGFS2023REMIND_DT,Global,Power,CoalCap,price,$/MWh,68.40730324153901
2083,NGFS2023MESSAGE_NZ2050,Global,Power,CoalCap,price,$/MWh,68.40730324153901
2083,NGFS2023MESSAGE_LD,Global,Power,CoalCap,price,$/MWh,68.40730324153901
2083,NGFS2023MESSAGE_B2DS,Global,Power,CoalCap,price,$/MWh,68.40730324153901
2083,NGFS2023MESSAGE_DT,Global,Power,CoalCap,price,$/MWh,68.40730324153901
2083,NGFS2023GCAM_NZ2050,Global,Power,GasCap,price,$/MWh,58.77611098994794
2083,NGFS2023GCAM_LD,Global,Power,GasCap,price,$/MWh,58.77611098994794
2083,NGFS2023GCAM_B2DS,Global,Power,GasCap,price,$/MWh,58.77611098994794
2083,NGFS2023GCAM_DT,Global,Power,GasCap,price,$/MWh,58.77611098994794
2083,NGFS2023REMIND_NZ2050,Global,Power,GasCap,price,$/MWh,58.77611098994794
2083,NGFS2023REMIND_LD,Global,Power,GasCap,price,$/MWh,58.77611098994794
2083,NGFS2023REMIND_B2DS,Global,Power,GasCap,price,$/MWh,58.77611098994794
2083,NGFS2023REMIND_DT,Global,Power,GasCap,price,$/MWh,58.77611098994794
2083,NGFS2023MESSAGE_NZ2050,Global,Power,GasCap,price,$/MWh,58.77611098994794
2083,NGFS2023MESSAGE_LD,Global,Power,GasCap,price,$/MWh,58.77611098994794
2083,NGFS2023MESSAGE_B2DS,Global,Power,GasCap,price,$/MWh,58.77611098994794
2083,NGFS2023MESSAGE_DT,Global,Power,GasCap,price,$/MWh,58.77611098994794
2083,NGFS2023GCAM_NZ2050,Global,Power,RenewablesCap,price,$/MWh,117.01112071855208
2083,NGFS2023GCAM_LD,Global,Power,RenewablesCap,price,$/MWh,117.01112071855208
2083,NGFS2023GCAM_B2DS,Global,Power,RenewablesCap,price,$/MWh,117.01112071855208
2083,NGFS2023GCAM_DT,Global,Power,RenewablesCap,price,$/MWh,117.01112071855208
2083,NGFS2023REMIND_NZ2050,Global,Power,RenewablesCap,price,$/MWh,117.01112071855208
2083,NGFS2023REMIND_LD,Global,Power,RenewablesCap,price,$/MWh,117.01112071855208
2083,NGFS2023REMIND_B2DS,Global,Power,RenewablesCap,price,$/MWh,117.01112071855208
2083,NGFS2023REMIND_DT,Global,Power,RenewablesCap,price,$/MWh,117.01112071855208
2083,NGFS2023MESSAGE_NZ2050,Global,Power,RenewablesCap,price,$/MWh,117.01112071855208
2083,NGFS2023MESSAGE_LD,Global,Power,RenewablesCap,price,$/MWh,117.01112071855208
2083,NGFS2023MESSAGE_B2DS,Global,Power,RenewablesCap,price,$/MWh,117.01112071855208
2083,NGFS2023MESSAGE_DT,Global,Power,RenewablesCap,price,$/MWh,117.01112071855208
2083,NGFS2023GCAM_NZ2050,Global,Power,HydroCap,price,$/MWh,52.88135607909605
2083,NGFS2023GCAM_LD,Global,Power,HydroCap,price,$/MWh,52.88135607909605
2083,NGFS2023GCAM_B2DS,Global,Power,HydroCap,price,$/MWh,52.88135607909605
2083,NGFS2023GCAM_DT,Global,Power,HydroCap,price,$/MWh,52.88135607909605
2083,NGFS2023REMIND_NZ2050,Global,Power,HydroCap,price,$/MWh,52.88135607909605
2083,NGFS2023REMIND_LD,Global,Power,HydroCap,price,$/MWh,52.88135607909605
2083,NGFS2023REMIND_B2DS,Global,Power,HydroCap,price,$/MWh,52.88135607909605
2083,NGFS2023REMIND_DT,Global,Power,HydroCap,price,$/MWh,52.88135607909605
2083,NGFS2023MESSAGE_NZ2050,Global,Power,HydroCap,price,$/MWh,52.88135607909605
2083,NGFS2023MESSAGE_LD,Global,Power,HydroCap,price,$/MWh,52.88135607909605
2083,NGFS2023MESSAGE_B2DS,Global,Power,HydroCap,price,$/MWh,52.88135607909605
2083,NGFS2023MESSAGE_DT,Global,Power,HydroCap,price,$/MWh,52.88135607909605
2083,NGFS2023GCAM_NZ2050,Global,Power,NuclearCap,price,$/MWh,101.69491553672316
2083,NGFS2023GCAM_LD,Global,Power,NuclearCap,price,$/MWh,101.69491553672316
2083,NGFS2023GCAM_B2DS,Global,Power,NuclearCap,price,$/MWh,101.69491553672316
2083,NGFS2023GCAM_DT,Global,Power,NuclearCap,price,$/MWh,101.69491553672316
2083,NGFS2023REMIND_NZ2050,Global,Power,NuclearCap,price,$/MWh,101.69491553672316
2083,NGFS2023REMIND_LD,Global,Power,NuclearCap,price,$/MWh,101.69491553672316
2083,NGFS2023REMIND_B2DS,Global,Power,NuclearCap,price,$/MWh,101.69491553672316
2083,NGFS2023REMIND_DT,Global,Power,NuclearCap,price,$/MWh,101.69491553672316
2083,NGFS2023MESSAGE_NZ2050,Global,Power,NuclearCap,price,$/MWh,101.69491553672316
2083,NGFS2023MESSAGE_LD,Global,Power,NuclearCap,price,$/MWh,101.69491553672316
2083,NGFS2023MESSAGE_B2DS,Global,Power,NuclearCap,price,$/MWh,101.69491553672316
2083,NGFS2023MESSAGE_DT,Global,Power,NuclearCap,price,$/MWh,101.69491553672316
2084,NGFS2023GCAM_NZ2050,Global,Power,OilCap,price,$/MWh,58.77514689918792
2084,NGFS2023GCAM_LD,Global,Power,OilCap,price,$/MWh,58.77514689918792
2084,NGFS2023GCAM_B2DS,Global,Power,OilCap,price,$/MWh,58.77514689918792
2084,NGFS2023GCAM_DT,Global,Power,OilCap,price,$/MWh,58.77514689918792
2084,NGFS2023REMIND_NZ2050,Global,Power,OilCap,price,$/MWh,58.77514689918792
2084,NGFS2023REMIND_LD,Global,Power,OilCap,price,$/MWh,58.77514689918792
2084,NGFS2023REMIND_B2DS,Global,Power,OilCap,price,$/MWh,58.77514689918792
2084,NGFS2023REMIND_DT,Global,Power,OilCap,price,$/MWh,58.77514689918792
2084,NGFS2023MESSAGE_NZ2050,Global,Power,OilCap,price,$/MWh,58.77514689918792
2084,NGFS2023MESSAGE_LD,Global,Power,OilCap,price,$/MWh,58.77514689918792
2084,NGFS2023MESSAGE_B2DS,Global,Power,OilCap,price,$/MWh,58.77514689918792
2084,NGFS2023MESSAGE_DT,Global,Power,OilCap,price,$/MWh,58.77514689918792
2084,NGFS2023GCAM_NZ2050,Global,Power,CoalCap,price,$/MWh,68.4112297655563
2084,NGFS2023GCAM_LD,Global,Power,CoalCap,price,$/MWh,68.4112297655563
2084,NGFS2023GCAM_B2DS,Global,Power,CoalCap,price,$/MWh,68.4112297655563
2084,NGFS2023GCAM_DT,Global,Power,CoalCap,price,$/MWh,68.4112297655563
2084,NGFS2023REMIND_NZ2050,Global,Power,CoalCap,price,$/MWh,68.4112297655563
2084,NGFS2023REMIND_LD,Global,Power,CoalCap,price,$/MWh,68.4112297655563
2084,NGFS2023REMIND_B2DS,Global,Power,CoalCap,price,$/MWh,68.4112297655563
2084,NGFS2023REMIND_DT,Global,Power,CoalCap,price,$/MWh,68.4112297655563
2084,NGFS2023MESSAGE_NZ2050,Global,Power,CoalCap,price,$/MWh,68.4112297655563
2084,NGFS2023MESSAGE_LD,Global,Power,CoalCap,price,$/MWh,68.4112297655563
2084,NGFS2023MESSAGE_B2DS,Global,Power,CoalCap,price,$/MWh,68.4112297655563
2084,NGFS2023MESSAGE_DT,Global,Power,CoalCap,price,$/MWh,68.4112297655563
2084,NGFS2023GCAM_NZ2050,Global,Power,GasCap,price,$/MWh,58.77514689918792
2084,NGFS2023GCAM_LD,Global,Power,GasCap,price,$/MWh,58.77514689918792
2084,NGFS2023GCAM_B2DS,Global,Power,GasCap,price,$/MWh,58.77514689918792
2084,NGFS2023GCAM_DT,Global,Power,GasCap,price,$/MWh,58.77514689918792
2084,NGFS2023REMIND_NZ2050,Global,Power,GasCap,price,$/MWh,58.77514689918792
2084,NGFS2023REMIND_LD,Global,Power,GasCap,price,$/MWh,58.77514689918792
2084,NGFS2023REMIND_B2DS,Global,Power,GasCap,price,$/MWh,58.77514689918792
2084,NGFS2023REMIND_DT,Global,Power,GasCap,price,$/MWh,58.77514689918792
2084,NGFS2023MESSAGE_NZ2050,Global,Power,GasCap,price,$/MWh,58.77514689918792
2084,NGFS2023MESSAGE_LD,Global,Power,GasCap,price,$/MWh,58.77514689918792
2084,NGFS2023MESSAGE_B2DS,Global,Power,GasCap,price,$/MWh,58.77514689918792
2084,NGFS2023MESSAGE_DT,Global,Power,GasCap,price,$/MWh,58.77514689918792
2084,NGFS2023GCAM_NZ2050,Global,Power,RenewablesCap,price,$/MWh,117.55531812286996
2084,NGFS2023GCAM_LD,Global,Power,RenewablesCap,price,$/MWh,117.55531812286996
2084,NGFS2023GCAM_B2DS,Global,Power,RenewablesCap,price,$/MWh,117.55531812286996
2084,NGFS2023GCAM_DT,Global,Power,RenewablesCap,price,$/MWh,117.55531812286996
2084,NGFS2023REMIND_NZ2050,Global,Power,RenewablesCap,price,$/MWh,117.55531812286996
2084,NGFS2023REMIND_LD,Global,Power,RenewablesCap,price,$/MWh,117.55531812286996
2084,NGFS2023REMIND_B2DS,Global,Power,RenewablesCap,price,$/MWh,117.55531812286996
2084,NGFS2023REMIND_DT,Global,Power,RenewablesCap,price,$/MWh,117.55531812286996
2084,NGFS2023MESSAGE_NZ2050,Global,Power,RenewablesCap,price,$/MWh,117.55531812286996
2084,NGFS2023MESSAGE_LD,Global,Power,RenewablesCap,price,$/MWh,117.55531812286996
2084,NGFS2023MESSAGE_B2DS,Global,Power,RenewablesCap,price,$/MWh,117.55531812286996
2084,NGFS2023MESSAGE_DT,Global,Power,RenewablesCap,price,$/MWh,117.55531812286996
2084,NGFS2023GCAM_NZ2050,Global,Power,HydroCap,price,$/MWh,52.88135607909605
2084,NGFS2023GCAM_LD,Global,Power,HydroCap,price,$/MWh,52.88135607909605
2084,NGFS2023GCAM_B2DS,Global,Power,HydroCap,price,$/MWh,52.88135607909605
2084,NGFS2023GCAM_DT,Global,Power,HydroCap,price,$/MWh,52.88135607909605
2084,NGFS2023REMIND_NZ2050,Global,Power,HydroCap,price,$/MWh,52.88135607909605
2084,NGFS2023REMIND_LD,Global,Power,HydroCap,price,$/MWh,52.88135607909605
2084,NGFS2023REMIND_B2DS,Global,Power,HydroCap,price,$/MWh,52.88135607909605
2084,NGFS2023REMIND_DT,Global,Power,HydroCap,price,$/MWh,52.88135607909605
2084,NGFS2023MESSAGE_NZ2050,Global,Power,HydroCap,price,$/MWh,52.88135607909605
2084,NGFS2023MESSAGE_LD,Global,Power,HydroCap,price,$/MWh,52.88135607909605
2084,NGFS2023MESSAGE_B2DS,Global,Power,HydroCap,price,$/MWh,52.88135607909605
2084,NGFS2023MESSAGE_DT,Global,Power,HydroCap,price,$/MWh,52.88135607909605
2084,NGFS2023GCAM_NZ2050,Global,Power,NuclearCap,price,$/MWh,101.69491553672316
2084,NGFS2023GCAM_LD,Global,Power,NuclearCap,price,$/MWh,101.69491553672316
2084,NGFS2023GCAM_B2DS,Global,Power,NuclearCap,price,$/MWh,101.69491553672316
2084,NGFS2023GCAM_DT,Global,Power,NuclearCap,price,$/MWh,101.69491553672316
2084,NGFS2023REMIND_NZ2050,Global,Power,NuclearCap,price,$/MWh,101.69491553672316
2084,NGFS2023REMIND_LD,Global,Power,NuclearCap,price,$/MWh,101.69491553672316
2084,NGFS2023REMIND_B2DS,Global,Power,NuclearCap,price,$/MWh,101.69491553672316
2084,NGFS2023REMIND_DT,Global,Power,NuclearCap,price,$/MWh,101.69491553672316
2084,NGFS2023MESSAGE_NZ2050,Global,Power,NuclearCap,price,$/MWh,101.69491553672316
2084,NGFS2023MESSAGE_LD,Global,Power,NuclearCap,price,$/MWh,101.69491553672316
2084,NGFS2023MESSAGE_B2DS,Global,Power,NuclearCap,price,$/MWh,101.69491553672316
2084,NGFS2023MESSAGE_DT,Global,Power,NuclearCap,price,$/MWh,101.69491553672316
2085,NGFS2023GCAM_NZ2050,Global,Power,OilCap,price,$/MWh,58.77418280842789
2085,NGFS2023GCAM_LD,Global,Power,OilCap,price,$/MWh,58.77418280842789
2085,NGFS2023GCAM_B2DS,Global,Power,OilCap,price,$/MWh,58.77418280842789
2085,NGFS2023GCAM_DT,Global,Power,OilCap,price,$/MWh,58.77418280842789
2085,NGFS2023REMIND_NZ2050,Global,Power,OilCap,price,$/MWh,58.77418280842789
2085,NGFS2023REMIND_LD,Global,Power,OilCap,price,$/MWh,58.77418280842789
2085,NGFS2023REMIND_B2DS,Global,Power,OilCap,price,$/MWh,58.77418280842789
2085,NGFS2023REMIND_DT,Global,Power,OilCap,price,$/MWh,58.77418280842789
2085,NGFS2023MESSAGE_NZ2050,Global,Power,OilCap,price,$/MWh,58.77418280842789
2085,NGFS2023MESSAGE_LD,Global,Power,OilCap,price,$/MWh,58.77418280842789
2085,NGFS2023MESSAGE_B2DS,Global,Power,OilCap,price,$/MWh,58.77418280842789
2085,NGFS2023MESSAGE_DT,Global,Power,OilCap,price,$/MWh,58.77418280842789
2085,NGFS2023GCAM_NZ2050,Global,Power,CoalCap,price,$/MWh,68.41515628957357
2085,NGFS2023GCAM_LD,Global,Power,CoalCap,price,$/MWh,68.41515628957357
2085,NGFS2023GCAM_B2DS,Global,Power,CoalCap,price,$/MWh,68.41515628957357
2085,NGFS2023GCAM_DT,Global,Power,CoalCap,price,$/MWh,68.41515628957357
2085,NGFS2023REMIND_NZ2050,Global,Power,CoalCap,price,$/MWh,68.41515628957357
2085,NGFS2023REMIND_LD,Global,Power,CoalCap,price,$/MWh,68.41515628957357
2085,NGFS2023REMIND_B2DS,Global,Power,CoalCap,price,$/MWh,68.41515628957357
2085,NGFS2023REMIND_DT,Global,Power,CoalCap,price,$/MWh,68.41515628957357
2085,NGFS2023MESSAGE_NZ2050,Global,Power,CoalCap,price,$/MWh,68.41515628957357
2085,NGFS2023MESSAGE_LD,Global,Power,CoalCap,price,$/MWh,68.41515628957357
2085,NGFS2023MESSAGE_B2DS,Global,Power,CoalCap,price,$/MWh,68.41515628957357
2085,NGFS2023MESSAGE_DT,Global,Power,CoalCap,price,$/MWh,68.41515628957357
2085,NGFS2023GCAM_NZ2050,Global,Power,GasCap,price,$/MWh,58.77418280842789
2085,NGFS2023GCAM_LD,Global,Power,GasCap,price,$/MWh,58.77418280842789
2085,NGFS2023GCAM_B2DS,Global,Power,GasCap,price,$/MWh,58.77418280842789
2085,NGFS2023GCAM_DT,Global,Power,GasCap,price,$/MWh,58.77418280842789
2085,NGFS2023REMIND_NZ2050,Global,Power,GasCap,price,$/MWh,58.77418280842789
2085,NGFS2023REMIND_LD,Global,Power,GasCap,price,$/MWh,58.77418280842789
2085,NGFS2023REMIND_B2DS,Global,Power,GasCap,price,$/MWh,58.77418280842789
2085,NGFS2023REMIND_DT,Global,Power,GasCap,price,$/MWh,58.77418280842789
2085,NGFS2023MESSAGE_NZ2050,Global,Power,GasCap,price,$/MWh,58.77418280842789
2085,NGFS2023MESSAGE_LD,Global,Power,GasCap,price,$/MWh,58.77418280842789
2085,NGFS2023MESSAGE_B2DS,Global,Power,GasCap,price,$/MWh,58.77418280842789
2085,NGFS2023MESSAGE_DT,Global,Power,GasCap,price,$/MWh,58.77418280842789
2085,NGFS2023GCAM_NZ2050,Global,Power,RenewablesCap,price,$/MWh,118.09951552718758
2085,NGFS2023GCAM_LD,Global,Power,RenewablesCap,price,$/MWh,118.09951552718758
2085,NGFS2023GCAM_B2DS,Global,Power,RenewablesCap,price,$/MWh,118.09951552718758
2085,NGFS2023GCAM_DT,Global,Power,RenewablesCap,price,$/MWh,118.09951552718758
2085,NGFS2023REMIND_NZ2050,Global,Power,RenewablesCap,price,$/MWh,118.09951552718758
2085,NGFS2023REMIND_LD,Global,Power,RenewablesCap,price,$/MWh,118.09951552718758
2085,NGFS2023REMIND_B2DS,Global,Power,RenewablesCap,price,$/MWh,118.09951552718758
2085,NGFS2023REMIND_DT,Global,Power,RenewablesCap,price,$/MWh,118.09951552718758
2085,NGFS2023MESSAGE_NZ2050,Global,Power,RenewablesCap,price,$/MWh,118.09951552718758
2085,NGFS2023MESSAGE_LD,Global,Power,RenewablesCap,price,$/MWh,118.09951552718758
2085,NGFS2023MESSAGE_B2DS,Global,Power,RenewablesCap,price,$/MWh,118.09951552718758
2085,NGFS2023MESSAGE_DT,Global,Power,RenewablesCap,price,$/MWh,118.09951552718758
2085,NGFS2023GCAM_NZ2050,Global,Power,HydroCap,price,$/MWh,52.88135607909605
2085,NGFS2023GCAM_LD,Global,Power,HydroCap,price,$/MWh,52.88135607909605
2085,NGFS2023GCAM_B2DS,Global,Power,HydroCap,price,$/MWh,52.88135607909605
2085,NGFS2023GCAM_DT,Global,Power,HydroCap,price,$/MWh,52.88135607909605
2085,NGFS2023REMIND_NZ2050,Global,Power,HydroCap,price,$/MWh,52.88135607909605
2085,NGFS2023REMIND_LD,Global,Power,HydroCap,price,$/MWh,52.88135607909605
2085,NGFS2023REMIND_B2DS,Global,Power,HydroCap,price,$/MWh,52.88135607909605
2085,NGFS2023REMIND_DT,Global,Power,HydroCap,price,$/MWh,52.88135607909605
2085,NGFS2023MESSAGE_NZ2050,Global,Power,HydroCap,price,$/MWh,52.88135607909605
2085,NGFS2023MESSAGE_LD,Global,Power,HydroCap,price,$/MWh,52.88135607909605
2085,NGFS2023MESSAGE_B2DS,Global,Power,HydroCap,price,$/MWh,52.88135607909605
2085,NGFS2023MESSAGE_DT,Global,Power,HydroCap,price,$/MWh,52.88135607909605
2085,NGFS2023GCAM_NZ2050,Global,Power,NuclearCap,price,$/MWh,101.69491553672316
2085,NGFS2023GCAM_LD,Global,Power,NuclearCap,price,$/MWh,101.69491553672316
2085,NGFS2023GCAM_B2DS,Global,Power,NuclearCap,price,$/MWh,101.69491553672316
2085,NGFS2023GCAM_DT,Global,Power,NuclearCap,price,$/MWh,101.69491553672316
2085,NGFS2023REMIND_NZ2050,Global,Power,NuclearCap,price,$/MWh,101.69491553672316
2085,NGFS2023REMIND_LD,Global,Power,NuclearCap,price,$/MWh,101.69491553672316
2085,NGFS2023REMIND_B2DS,Global,Power,NuclearCap,price,$/MWh,101.69491553672316
2085,NGFS2023REMIND_DT,Global,Power,NuclearCap,price,$/MWh,101.69491553672316
2085,NGFS2023MESSAGE_NZ2050,Global,Power,NuclearCap,price,$/MWh,101.69491553672316
2085,NGFS2023MESSAGE_LD,Global,Power,NuclearCap,price,$/MWh,101.69491553672316
2085,NGFS2023MESSAGE_B2DS,Global,Power,NuclearCap,price,$/MWh,101.69491553672316
2085,NGFS2023MESSAGE_DT,Global,Power,NuclearCap,price,$/MWh,101.69491553672316
2086,NGFS2023GCAM_NZ2050,Global,Power,OilCap,price,$/MWh,58.77321871766786
2086,NGFS2023GCAM_LD,Global,Power,OilCap,price,$/MWh,58.77321871766786
2086,NGFS2023GCAM_B2DS,Global,Power,OilCap,price,$/MWh,58.77321871766786
2086,NGFS2023GCAM_DT,Global,Power,OilCap,price,$/MWh,58.77321871766786
2086,NGFS2023REMIND_NZ2050,Global,Power,OilCap,price,$/MWh,58.77321871766786
2086,NGFS2023REMIND_LD,Global,Power,OilCap,price,$/MWh,58.77321871766786
2086,NGFS2023REMIND_B2DS,Global,Power,OilCap,price,$/MWh,58.77321871766786
2086,NGFS2023REMIND_DT,Global,Power,OilCap,price,$/MWh,58.77321871766786
2086,NGFS2023MESSAGE_NZ2050,Global,Power,OilCap,price,$/MWh,58.77321871766786
2086,NGFS2023MESSAGE_LD,Global,Power,OilCap,price,$/MWh,58.77321871766786
2086,NGFS2023MESSAGE_B2DS,Global,Power,OilCap,price,$/MWh,58.77321871766786
2086,NGFS2023MESSAGE_DT,Global,Power,OilCap,price,$/MWh,58.77321871766786
2086,NGFS2023GCAM_NZ2050,Global,Power,CoalCap,price,$/MWh,68.41908281359086
2086,NGFS2023GCAM_LD,Global,Power,CoalCap,price,$/MWh,68.41908281359086
2086,NGFS2023GCAM_B2DS,Global,Power,CoalCap,price,$/MWh,68.41908281359086
2086,NGFS2023GCAM_DT,Global,Power,CoalCap,price,$/MWh,68.41908281359086
2086,NGFS2023REMIND_NZ2050,Global,Power,CoalCap,price,$/MWh,68.41908281359086
2086,NGFS2023REMIND_LD,Global,Power,CoalCap,price,$/MWh,68.41908281359086
2086,NGFS2023REMIND_B2DS,Global,Power,CoalCap,price,$/MWh,68.41908281359086
2086,NGFS2023REMIND_DT,Global,Power,CoalCap,price,$/MWh,68.41908281359086
2086,NGFS2023MESSAGE_NZ2050,Global,Power,CoalCap,price,$/MWh,68.41908281359086
2086,NGFS2023MESSAGE_LD,Global,Power,CoalCap,price,$/MWh,68.41908281359086
2086,NGFS2023MESSAGE_B2DS,Global,Power,CoalCap,price,$/MWh,68.41908281359086
2086,NGFS2023MESSAGE_DT,Global,Power,CoalCap,price,$/MWh,68.41908281359086
2086,NGFS2023GCAM_NZ2050,Global,Power,GasCap,price,$/MWh,58.77321871766786
2086,NGFS2023GCAM_LD,Global,Power,GasCap,price,$/MWh,58.77321871766786
2086,NGFS2023GCAM_B2DS,Global,Power,GasCap,price,$/MWh,58.77321871766786
2086,NGFS2023GCAM_DT,Global,Power,GasCap,price,$/MWh,58.77321871766786
2086,NGFS2023REMIND_NZ2050,Global,Power,GasCap,price,$/MWh,58.77321871766786
2086,NGFS2023REMIND_LD,Global,Power,GasCap,price,$/MWh,58.77321871766786
2086,NGFS2023REMIND_B2DS,Global,Power,GasCap,price,$/MWh,58.77321871766786
2086,NGFS2023REMIND_DT,Global,Power,GasCap,price,$/MWh,58.77321871766786
2086,NGFS2023MESSAGE_NZ2050,Global,Power,GasCap,price,$/MWh,58.77321871766786
2086,NGFS2023MESSAGE_LD,Global,Power,GasCap,price,$/MWh,58.77321871766786
2086,NGFS2023MESSAGE_B2DS,Global,Power,GasCap,price,$/MWh,58.77321871766786
2086,NGFS2023MESSAGE_DT,Global,Power,GasCap,price,$/MWh,58.77321871766786
2086,NGFS2023GCAM_NZ2050,Global,Power,RenewablesCap,price,$/MWh,118.64371293150543
2086,NGFS2023GCAM_LD,Global,Power,RenewablesCap,price,$/MWh,118.64371293150543
2086,NGFS2023GCAM_B2DS,Global,Power,RenewablesCap,price,$/MWh,118.64371293150543
2086,NGFS2023GCAM_DT,Global,Power,RenewablesCap,price,$/MWh,118.64371293150543
2086,NGFS2023REMIND_NZ2050,Global,Power,RenewablesCap,price,$/MWh,118.64371293150543
2086,NGFS2023REMIND_LD,Global,Power,RenewablesCap,price,$/MWh,118.64371293150543
2086,NGFS2023REMIND_B2DS,Global,Power,RenewablesCap,price,$/MWh,118.64371293150543
2086,NGFS2023REMIND_DT,Global,Power,RenewablesCap,price,$/MWh,118.64371293150543
2086,NGFS2023MESSAGE_NZ2050,Global,Power,RenewablesCap,price,$/MWh,118.64371293150543
2086,NGFS2023MESSAGE_LD,Global,Power,RenewablesCap,price,$/MWh,118.64371293150543
2086,NGFS2023MESSAGE_B2DS,Global,Power,RenewablesCap,price,$/MWh,118.64371293150543
2086,NGFS2023MESSAGE_DT,Global,Power,RenewablesCap,price,$/MWh,118.64371293150543
2086,NGFS2023GCAM_NZ2050,Global,Power,HydroCap,price,$/MWh,52.88135607909605
2086,NGFS2023GCAM_LD,Global,Power,HydroCap,price,$/MWh,52.88135607909605
2086,NGFS2023GCAM_B2DS,Global,Power,HydroCap,price,$/MWh,52.88135607909605
2086,NGFS2023GCAM_DT,Global,Power,HydroCap,price,$/MWh,52.88135607909605
2086,NGFS2023REMIND_NZ2050,Global,Power,HydroCap,price,$/MWh,52.88135607909605
2086,NGFS2023REMIND_LD,Global,Power,HydroCap,price,$/MWh,52.88135607909605
2086,NGFS2023REMIND_B2DS,Global,Power,HydroCap,price,$/MWh,52.88135607909605
2086,NGFS2023REMIND_DT,Global,Power,HydroCap,price,$/MWh,52.88135607909605
2086,NGFS2023MESSAGE_NZ2050,Global,Power,HydroCap,price,$/MWh,52.88135607909605
2086,NGFS2023MESSAGE_LD,Global,Power,HydroCap,price,$/MWh,52.88135607909605
2086,NGFS2023MESSAGE_B2DS,Global,Power,HydroCap,price,$/MWh,52.88135607909605
2086,NGFS2023MESSAGE_DT,Global,Power,HydroCap,price,$/MWh,52.88135607909605
2086,NGFS2023GCAM_NZ2050,Global,Power,NuclearCap,price,$/MWh,101.69491553672316
2086,NGFS2023GCAM_LD,Global,Power,NuclearCap,price,$/MWh,101.69491553672316
2086,NGFS2023GCAM_B2DS,Global,Power,NuclearCap,price,$/MWh,101.69491553672316
2086,NGFS2023GCAM_DT,Global,Power,NuclearCap,price,$/MWh,101.69491553672316
2086,NGFS2023REMIND_NZ2050,Global,Power,NuclearCap,price,$/MWh,101.69491553672316
2086,NGFS2023REMIND_LD,Global,Power,NuclearCap,price,$/MWh,101.69491553672316
2086,NGFS2023REMIND_B2DS,Global,Power,NuclearCap,price,$/MWh,101.69491553672316
2086,NGFS2023REMIND_DT,Global,Power,NuclearCap,price,$/MWh,101.69491553672316
2086,NGFS2023MESSAGE_NZ2050,Global,Power,NuclearCap,price,$/MWh,101.69491553672316
2086,NGFS2023MESSAGE_LD,Global,Power,NuclearCap,price,$/MWh,101.69491553672316
2086,NGFS2023MESSAGE_B2DS,Global,Power,NuclearCap,price,$/MWh,101.69491553672316
2086,NGFS2023MESSAGE_DT,Global,Power,NuclearCap,price,$/MWh,101.69491553672316
2087,NGFS2023GCAM_NZ2050,Global,Power,OilCap,price,$/MWh,58.77225462690783
2087,NGFS2023GCAM_LD,Global,Power,OilCap,price,$/MWh,58.77225462690783
2087,NGFS2023GCAM_B2DS,Global,Power,OilCap,price,$/MWh,58.77225462690783
2087,NGFS2023GCAM_DT,Global,Power,OilCap,price,$/MWh,58.77225462690783
2087,NGFS2023REMIND_NZ2050,Global,Power,OilCap,price,$/MWh,58.77225462690783
2087,NGFS2023REMIND_LD,Global,Power,OilCap,price,$/MWh,58.77225462690783
2087,NGFS2023REMIND_B2DS,Global,Power,OilCap,price,$/MWh,58.77225462690783
2087,NGFS2023REMIND_DT,Global,Power,OilCap,price,$/MWh,58.77225462690783
2087,NGFS2023MESSAGE_NZ2050,Global,Power,OilCap,price,$/MWh,58.77225462690783
2087,NGFS2023MESSAGE_LD,Global,Power,OilCap,price,$/MWh,58.77225462690783
2087,NGFS2023MESSAGE_B2DS,Global,Power,OilCap,price,$/MWh,58.77225462690783
2087,NGFS2023MESSAGE_DT,Global,Power,OilCap,price,$/MWh,58.77225462690783
2087,NGFS2023GCAM_NZ2050,Global,Power,CoalCap,price,$/MWh,68.42300933760815
2087,NGFS2023GCAM_LD,Global,Power,CoalCap,price,$/MWh,68.42300933760815
2087,NGFS2023GCAM_B2DS,Global,Power,CoalCap,price,$/MWh,68.42300933760815
2087,NGFS2023GCAM_DT,Global,Power,CoalCap,price,$/MWh,68.42300933760815
2087,NGFS2023REMIND_NZ2050,Global,Power,CoalCap,price,$/MWh,68.42300933760815
2087,NGFS2023REMIND_LD,Global,Power,CoalCap,price,$/MWh,68.42300933760815
2087,NGFS2023REMIND_B2DS,Global,Power,CoalCap,price,$/MWh,68.42300933760815
2087,NGFS2023REMIND_DT,Global,Power,CoalCap,price,$/MWh,68.42300933760815
2087,NGFS2023MESSAGE_NZ2050,Global,Power,CoalCap,price,$/MWh,68.42300933760815
2087,NGFS2023MESSAGE_LD,Global,Power,CoalCap,price,$/MWh,68.42300933760815
2087,NGFS2023MESSAGE_B2DS,Global,Power,CoalCap,price,$/MWh,68.42300933760815
2087,NGFS2023MESSAGE_DT,Global,Power,CoalCap,price,$/MWh,68.42300933760815
2087,NGFS2023GCAM_NZ2050,Global,Power,GasCap,price,$/MWh,58.77225462690783
2087,NGFS2023GCAM_LD,Global,Power,GasCap,price,$/MWh,58.77225462690783
2087,NGFS2023GCAM_B2DS,Global,Power,GasCap,price,$/MWh,58.77225462690783
2087,NGFS2023GCAM_DT,Global,Power,GasCap,price,$/MWh,58.77225462690783
2087,NGFS2023REMIND_NZ2050,Global,Power,GasCap,price,$/MWh,58.77225462690783
2087,NGFS2023REMIND_LD,Global,Power,GasCap,price,$/MWh,58.77225462690783
2087,NGFS2023REMIND_B2DS,Global,Power,GasCap,price,$/MWh,58.77225462690783
2087,NGFS2023REMIND_DT,Global,Power,GasCap,price,$/MWh,58.77225462690783
2087,NGFS2023MESSAGE_NZ2050,Global,Power,GasCap,price,$/MWh,58.77225462690783
2087,NGFS2023MESSAGE_LD,Global,Power,GasCap,price,$/MWh,58.77225462690783
2087,NGFS2023MESSAGE_B2DS,Global,Power,GasCap,price,$/MWh,58.77225462690783
2087,NGFS2023MESSAGE_DT,Global,Power,GasCap,price,$/MWh,58.77225462690783
2087,NGFS2023GCAM_NZ2050,Global,Power,RenewablesCap,price,$/MWh,119.18791033582328
2087,NGFS2023GCAM_LD,Global,Power,RenewablesCap,price,$/MWh,119.18791033582328
2087,NGFS2023GCAM_B2DS,Global,Power,RenewablesCap,price,$/MWh,119.18791033582328
2087,NGFS2023GCAM_DT,Global,Power,RenewablesCap,price,$/MWh,119.18791033582328
2087,NGFS2023REMIND_NZ2050,Global,Power,RenewablesCap,price,$/MWh,119.18791033582328
2087,NGFS2023REMIND_LD,Global,Power,RenewablesCap,price,$/MWh,119.18791033582328
2087,NGFS2023REMIND_B2DS,Global,Power,RenewablesCap,price,$/MWh,119.18791033582328
2087,NGFS2023REMIND_DT,Global,Power,RenewablesCap,price,$/MWh,119.18791033582328
2087,NGFS2023MESSAGE_NZ2050,Global,Power,RenewablesCap,price,$/MWh,119.18791033582328
2087,NGFS2023MESSAGE_LD,Global,Power,RenewablesCap,price,$/MWh,119.18791033582328
2087,NGFS2023MESSAGE_B2DS,Global,Power,RenewablesCap,price,$/MWh,119.18791033582328
2087,NGFS2023MESSAGE_DT,Global,Power,RenewablesCap,price,$/MWh,119.18791033582328
2087,NGFS2023GCAM_NZ2050,Global,Power,HydroCap,price,$/MWh,52.88135607909605
2087,NGFS2023GCAM_LD,Global,Power,HydroCap,price,$/MWh,52.88135607909605
2087,NGFS2023GCAM_B2DS,Global,Power,HydroCap,price,$/MWh,52.88135607909605
2087,NGFS2023GCAM_DT,Global,Power,HydroCap,price,$/MWh,52.88135607909605
2087,NGFS2023REMIND_NZ2050,Global,Power,HydroCap,price,$/MWh,52.88135607909605
2087,NGFS2023REMIND_LD,Global,Power,HydroCap,price,$/MWh,52.88135607909605
2087,NGFS2023REMIND_B2DS,Global,Power,HydroCap,price,$/MWh,52.88135607909605
2087,NGFS2023REMIND_DT,Global,Power,HydroCap,price,$/MWh,52.88135607909605
2087,NGFS2023MESSAGE_NZ2050,Global,Power,HydroCap,price,$/MWh,52.88135607909605
2087,NGFS2023MESSAGE_LD,Global,Power,HydroCap,price,$/MWh,52.88135607909605
2087,NGFS2023MESSAGE_B2DS,Global,Power,HydroCap,price,$/MWh,52.88135607909605
2087,NGFS2023MESSAGE_DT,Global,Power,HydroCap,price,$/MWh,52.88135607909605
2087,NGFS2023GCAM_NZ2050,Global,Power,NuclearCap,price,$/MWh,101.69491553672316
2087,NGFS2023GCAM_LD,Global,Power,NuclearCap,price,$/MWh,101.69491553672316
2087,NGFS2023GCAM_B2DS,Global,Power,NuclearCap,price,$/MWh,101.69491553672316
2087,NGFS2023GCAM_DT,Global,Power,NuclearCap,price,$/MWh,101.69491553672316
2087,NGFS2023REMIND_NZ2050,Global,Power,NuclearCap,price,$/MWh,101.69491553672316
2087,NGFS2023REMIND_LD,Global,Power,NuclearCap,price,$/MWh,101.69491553672316
2087,NGFS2023REMIND_B2DS,Global,Power,NuclearCap,price,$/MWh,101.69491553672316
2087,NGFS2023REMIND_DT,Global,Power,NuclearCap,price,$/MWh,101.69491553672316
2087,NGFS2023MESSAGE_NZ2050,Global,Power,NuclearCap,price,$/MWh,101.69491553672316
2087,NGFS2023MESSAGE_LD,Global,Power,NuclearCap,price,$/MWh,101.69491553672316
2087,NGFS2023MESSAGE_B2DS,Global,Power,NuclearCap,price,$/MWh,101.69491553672316
2087,NGFS2023MESSAGE_DT,Global,Power,NuclearCap,price,$/MWh,101.69491553672316
2088,NGFS2023GCAM_NZ2050,Global,Power,OilCap,price,$/MWh,58.77129053614781
2088,NGFS2023GCAM_LD,Global,Power,OilCap,price,$/MWh,58.77129053614781
2088,NGFS2023GCAM_B2DS,Global,Power,OilCap,price,$/MWh,58.77129053614781
2088,NGFS2023GCAM_DT,Global,Power,OilCap,price,$/MWh,58.77129053614781
2088,NGFS2023REMIND_NZ2050,Global,Power,OilCap,price,$/MWh,58.77129053614781
2088,NGFS2023REMIND_LD,Global,Power,OilCap,price,$/MWh,58.77129053614781
2088,NGFS2023REMIND_B2DS,Global,Power,OilCap,price,$/MWh,58.77129053614781
2088,NGFS2023REMIND_DT,Global,Power,OilCap,price,$/MWh,58.77129053614781
2088,NGFS2023MESSAGE_NZ2050,Global,Power,OilCap,price,$/MWh,58.77129053614781
2088,NGFS2023MESSAGE_LD,Global,Power,OilCap,price,$/MWh,58.77129053614781
2088,NGFS2023MESSAGE_B2DS,Global,Power,OilCap,price,$/MWh,58.77129053614781
2088,NGFS2023MESSAGE_DT,Global,Power,OilCap,price,$/MWh,58.77129053614781
2088,NGFS2023GCAM_NZ2050,Global,Power,CoalCap,price,$/MWh,68.42693586162544
2088,NGFS2023GCAM_LD,Global,Power,CoalCap,price,$/MWh,68.42693586162544
2088,NGFS2023GCAM_B2DS,Global,Power,CoalCap,price,$/MWh,68.42693586162544
2088,NGFS2023GCAM_DT,Global,Power,CoalCap,price,$/MWh,68.42693586162544
2088,NGFS2023REMIND_NZ2050,Global,Power,CoalCap,price,$/MWh,68.42693586162544
2088,NGFS2023REMIND_LD,Global,Power,CoalCap,price,$/MWh,68.42693586162544
2088,NGFS2023REMIND_B2DS,Global,Power,CoalCap,price,$/MWh,68.42693586162544
2088,NGFS2023REMIND_DT,Global,Power,CoalCap,price,$/MWh,68.42693586162544
2088,NGFS2023MESSAGE_NZ2050,Global,Power,CoalCap,price,$/MWh,68.42693586162544
2088,NGFS2023MESSAGE_LD,Global,Power,CoalCap,price,$/MWh,68.42693586162544
2088,NGFS2023MESSAGE_B2DS,Global,Power,CoalCap,price,$/MWh,68.42693586162544
2088,NGFS2023MESSAGE_DT,Global,Power,CoalCap,price,$/MWh,68.42693586162544
2088,NGFS2023GCAM_NZ2050,Global,Power,GasCap,price,$/MWh,58.77129053614781
2088,NGFS2023GCAM_LD,Global,Power,GasCap,price,$/MWh,58.77129053614781
2088,NGFS2023GCAM_B2DS,Global,Power,GasCap,price,$/MWh,58.77129053614781
2088,NGFS2023GCAM_DT,Global,Power,GasCap,price,$/MWh,58.77129053614781
2088,NGFS2023REMIND_NZ2050,Global,Power,GasCap,price,$/MWh,58.77129053614781
2088,NGFS2023REMIND_LD,Global,Power,GasCap,price,$/MWh,58.77129053614781
2088,NGFS2023REMIND_B2DS,Global,Power,GasCap,price,$/MWh,58.77129053614781
2088,NGFS2023REMIND_DT,Global,Power,GasCap,price,$/MWh,58.77129053614781
2088,NGFS2023MESSAGE_NZ2050,Global,Power,GasCap,price,$/MWh,58.77129053614781
2088,NGFS2023MESSAGE_LD,Global,Power,GasCap,price,$/MWh,58.77129053614781
2088,NGFS2023MESSAGE_B2DS,Global,Power,GasCap,price,$/MWh,58.77129053614781
2088,NGFS2023MESSAGE_DT,Global,Power,GasCap,price,$/MWh,58.77129053614781
2088,NGFS2023GCAM_NZ2050,Global,Power,RenewablesCap,price,$/MWh,119.73210774014116
2088,NGFS2023GCAM_LD,Global,Power,RenewablesCap,price,$/MWh,119.73210774014116
2088,NGFS2023GCAM_B2DS,Global,Power,RenewablesCap,price,$/MWh,119.73210774014116
2088,NGFS2023GCAM_DT,Global,Power,RenewablesCap,price,$/MWh,119.73210774014116
2088,NGFS2023REMIND_NZ2050,Global,Power,RenewablesCap,price,$/MWh,119.73210774014116
2088,NGFS2023REMIND_LD,Global,Power,RenewablesCap,price,$/MWh,119.73210774014116
2088,NGFS2023REMIND_B2DS,Global,Power,RenewablesCap,price,$/MWh,119.73210774014116
2088,NGFS2023REMIND_DT,Global,Power,RenewablesCap,price,$/MWh,119.73210774014116
2088,NGFS2023MESSAGE_NZ2050,Global,Power,RenewablesCap,price,$/MWh,119.73210774014116
2088,NGFS2023MESSAGE_LD,Global,Power,RenewablesCap,price,$/MWh,119.73210774014116
2088,NGFS2023MESSAGE_B2DS,Global,Power,RenewablesCap,price,$/MWh,119.73210774014116
2088,NGFS2023MESSAGE_DT,Global,Power,RenewablesCap,price,$/MWh,119.73210774014116
2088,NGFS2023GCAM_NZ2050,Global,Power,HydroCap,price,$/MWh,52.88135607909605
2088,NGFS2023GCAM_LD,Global,Power,HydroCap,price,$/MWh,52.88135607909605
2088,NGFS2023GCAM_B2DS,Global,Power,HydroCap,price,$/MWh,52.88135607909605
2088,NGFS2023GCAM_DT,Global,Power,HydroCap,price,$/MWh,52.88135607909605
2088,NGFS2023REMIND_NZ2050,Global,Power,HydroCap,price,$/MWh,52.88135607909605
2088,NGFS2023REMIND_LD,Global,Power,HydroCap,price,$/MWh,52.88135607909605
2088,NGFS2023REMIND_B2DS,Global,Power,HydroCap,price,$/MWh,52.88135607909605
2088,NGFS2023REMIND_DT,Global,Power,HydroCap,price,$/MWh,52.88135607909605
2088,NGFS2023MESSAGE_NZ2050,Global,Power,HydroCap,price,$/MWh,52.88135607909605
2088,NGFS2023MESSAGE_LD,Global,Power,HydroCap,price,$/MWh,52.88135607909605
2088,NGFS2023MESSAGE_B2DS,Global,Power,HydroCap,price,$/MWh,52.88135607909605
2088,NGFS2023MESSAGE_DT,Global,Power,HydroCap,price,$/MWh,52.88135607909605
2088,NGFS2023GCAM_NZ2050,Global,Power,NuclearCap,price,$/MWh,101.69491553672316
2088,NGFS2023GCAM_LD,Global,Power,NuclearCap,price,$/MWh,101.69491553672316
2088,NGFS2023GCAM_B2DS,Global,Power,NuclearCap,price,$/MWh,101.69491553672316
2088,NGFS2023GCAM_DT,Global,Power,NuclearCap,price,$/MWh,101.69491553672316
2088,NGFS2023REMIND_NZ2050,Global,Power,NuclearCap,price,$/MWh,101.69491553672316
2088,NGFS2023REMIND_LD,Global,Power,NuclearCap,price,$/MWh,101.69491553672316
2088,NGFS2023REMIND_B2DS,Global,Power,NuclearCap,price,$/MWh,101.69491553672316
2088,NGFS2023REMIND_DT,Global,Power,NuclearCap,price,$/MWh,101.69491553672316
2088,NGFS2023MESSAGE_NZ2050,Global,Power,NuclearCap,price,$/MWh,101.69491553672316
2088,NGFS2023MESSAGE_LD,Global,Power,NuclearCap,price,$/MWh,101.69491553672316
2088,NGFS2023MESSAGE_B2DS,Global,Power,NuclearCap,price,$/MWh,101.69491553672316
2088,NGFS2023MESSAGE_DT,Global,Power,NuclearCap,price,$/MWh,101.69491553672316
2089,NGFS2023GCAM_NZ2050,Global,Power,OilCap,price,$/MWh,58.77032644538778
2089,NGFS2023GCAM_LD,Global,Power,OilCap,price,$/MWh,58.77032644538778
2089,NGFS2023GCAM_B2DS,Global,Power,OilCap,price,$/MWh,58.77032644538778
2089,NGFS2023GCAM_DT,Global,Power,OilCap,price,$/MWh,58.77032644538778
2089,NGFS2023REMIND_NZ2050,Global,Power,OilCap,price,$/MWh,58.77032644538778
2089,NGFS2023REMIND_LD,Global,Power,OilCap,price,$/MWh,58.77032644538778
2089,NGFS2023REMIND_B2DS,Global,Power,OilCap,price,$/MWh,58.77032644538778
2089,NGFS2023REMIND_DT,Global,Power,OilCap,price,$/MWh,58.77032644538778
2089,NGFS2023MESSAGE_NZ2050,Global,Power,OilCap,price,$/MWh,58.77032644538778
2089,NGFS2023MESSAGE_LD,Global,Power,OilCap,price,$/MWh,58.77032644538778
2089,NGFS2023MESSAGE_B2DS,Global,Power,OilCap,price,$/MWh,58.77032644538778
2089,NGFS2023MESSAGE_DT,Global,Power,OilCap,price,$/MWh,58.77032644538778
2089,NGFS2023GCAM_NZ2050,Global,Power,CoalCap,price,$/MWh,68.43086238564271
2089,NGFS2023GCAM_LD,Global,Power,CoalCap,price,$/MWh,68.43086238564271
2089,NGFS2023GCAM_B2DS,Global,Power,CoalCap,price,$/MWh,68.43086238564271
2089,NGFS2023GCAM_DT,Global,Power,CoalCap,price,$/MWh,68.43086238564271
2089,NGFS2023REMIND_NZ2050,Global,Power,CoalCap,price,$/MWh,68.43086238564271
2089,NGFS2023REMIND_LD,Global,Power,CoalCap,price,$/MWh,68.43086238564271
2089,NGFS2023REMIND_B2DS,Global,Power,CoalCap,price,$/MWh,68.43086238564271
2089,NGFS2023REMIND_DT,Global,Power,CoalCap,price,$/MWh,68.43086238564271
2089,NGFS2023MESSAGE_NZ2050,Global,Power,CoalCap,price,$/MWh,68.43086238564271
2089,NGFS2023MESSAGE_LD,Global,Power,CoalCap,price,$/MWh,68.43086238564271
2089,NGFS2023MESSAGE_B2DS,Global,Power,CoalCap,price,$/MWh,68.43086238564271
2089,NGFS2023MESSAGE_DT,Global,Power,CoalCap,price,$/MWh,68.43086238564271
2089,NGFS2023GCAM_NZ2050,Global,Power,GasCap,price,$/MWh,58.77032644538778
2089,NGFS2023GCAM_LD,Global,Power,GasCap,price,$/MWh,58.77032644538778
2089,NGFS2023GCAM_B2DS,Global,Power,GasCap,price,$/MWh,58.77032644538778
2089,NGFS2023GCAM_DT,Global,Power,GasCap,price,$/MWh,58.77032644538778
2089,NGFS2023REMIND_NZ2050,Global,Power,GasCap,price,$/MWh,58.77032644538778
2089,NGFS2023REMIND_LD,Global,Power,GasCap,price,$/MWh,58.77032644538778
2089,NGFS2023REMIND_B2DS,Global,Power,GasCap,price,$/MWh,58.77032644538778
2089,NGFS2023REMIND_DT,Global,Power,GasCap,price,$/MWh,58.77032644538778
2089,NGFS2023MESSAGE_NZ2050,Global,Power,GasCap,price,$/MWh,58.77032644538778
2089,NGFS2023MESSAGE_LD,Global,Power,GasCap,price,$/MWh,58.77032644538778
2089,NGFS2023MESSAGE_B2DS,Global,Power,GasCap,price,$/MWh,58.77032644538778
2089,NGFS2023MESSAGE_DT,Global,Power,GasCap,price,$/MWh,58.77032644538778
2089,NGFS2023GCAM_NZ2050,Global,Power,RenewablesCap,price,$/MWh,120.27630514445876
2089,NGFS2023GCAM_LD,Global,Power,RenewablesCap,price,$/MWh,120.27630514445876
2089,NGFS2023GCAM_B2DS,Global,Power,RenewablesCap,price,$/MWh,120.27630514445876
2089,NGFS2023GCAM_DT,Global,Power,RenewablesCap,price,$/MWh,120.27630514445876
2089,NGFS2023REMIND_NZ2050,Global,Power,RenewablesCap,price,$/MWh,120.27630514445876
2089,NGFS2023REMIND_LD,Global,Power,RenewablesCap,price,$/MWh,120.27630514445876
2089,NGFS2023REMIND_B2DS,Global,Power,RenewablesCap,price,$/MWh,120.27630514445876
2089,NGFS2023REMIND_DT,Global,Power,RenewablesCap,price,$/MWh,120.27630514445876
2089,NGFS2023MESSAGE_NZ2050,Global,Power,RenewablesCap,price,$/MWh,120.27630514445876
2089,NGFS2023MESSAGE_LD,Global,Power,RenewablesCap,price,$/MWh,120.27630514445876
2089,NGFS2023MESSAGE_B2DS,Global,Power,RenewablesCap,price,$/MWh,120.27630514445876
2089,NGFS2023MESSAGE_DT,Global,Power,RenewablesCap,price,$/MWh,120.27630514445876
2089,NGFS2023GCAM_NZ2050,Global,Power,HydroCap,price,$/MWh,52.88135607909605
2089,NGFS2023GCAM_LD,Global,Power,HydroCap,price,$/MWh,52.88135607909605
2089,NGFS2023GCAM_B2DS,Global,Power,HydroCap,price,$/MWh,52.88135607909605
2089,NGFS2023GCAM_DT,Global,Power,HydroCap,price,$/MWh,52.88135607909605
2089,NGFS2023REMIND_NZ2050,Global,Power,HydroCap,price,$/MWh,52.88135607909605
2089,NGFS2023REMIND_LD,Global,Power,HydroCap,price,$/MWh,52.88135607909605
2089,NGFS2023REMIND_B2DS,Global,Power,HydroCap,price,$/MWh,52.88135607909605
2089,NGFS2023REMIND_DT,Global,Power,HydroCap,price,$/MWh,52.88135607909605
2089,NGFS2023MESSAGE_NZ2050,Global,Power,HydroCap,price,$/MWh,52.88135607909605
2089,NGFS2023MESSAGE_LD,Global,Power,HydroCap,price,$/MWh,52.88135607909605
2089,NGFS2023MESSAGE_B2DS,Global,Power,HydroCap,price,$/MWh,52.88135607909605
2089,NGFS2023MESSAGE_DT,Global,Power,HydroCap,price,$/MWh,52.88135607909605
2089,NGFS2023GCAM_NZ2050,Global,Power,NuclearCap,price,$/MWh,101.69491553672316
2089,NGFS2023GCAM_LD,Global,Power,NuclearCap,price,$/MWh,101.69491553672316
2089,NGFS2023GCAM_B2DS,Global,Power,NuclearCap,price,$/MWh,101.69491553672316
2089,NGFS2023GCAM_DT,Global,Power,NuclearCap,price,$/MWh,101.69491553672316
2089,NGFS2023REMIND_NZ2050,Global,Power,NuclearCap,price,$/MWh,101.69491553672316
2089,NGFS2023REMIND_LD,Global,Power,NuclearCap,price,$/MWh,101.69491553672316
2089,NGFS2023REMIND_B2DS,Global,Power,NuclearCap,price,$/MWh,101.69491553672316
2089,NGFS2023REMIND_DT,Global,Power,NuclearCap,price,$/MWh,101.69491553672316
2089,NGFS2023MESSAGE_NZ2050,Global,Power,NuclearCap,price,$/MWh,101.69491553672316
2089,NGFS2023MESSAGE_LD,Global,Power,NuclearCap,price,$/MWh,101.69491553672316
2089,NGFS2023MESSAGE_B2DS,Global,Power,NuclearCap,price,$/MWh,101.69491553672316
2089,NGFS2023MESSAGE_DT,Global,Power,NuclearCap,price,$/MWh,101.69491553672316
2090,NGFS2023GCAM_NZ2050,Global,Power,OilCap,price,$/MWh,58.76936235462775
2090,NGFS2023GCAM_LD,Global,Power,OilCap,price,$/MWh,58.76936235462775
2090,NGFS2023GCAM_B2DS,Global,Power,OilCap,price,$/MWh,58.76936235462775
2090,NGFS2023GCAM_DT,Global,Power,OilCap,price,$/MWh,58.76936235462775
2090,NGFS2023REMIND_NZ2050,Global,Power,OilCap,price,$/MWh,58.76936235462775
2090,NGFS2023REMIND_LD,Global,Power,OilCap,price,$/MWh,58.76936235462775
2090,NGFS2023REMIND_B2DS,Global,Power,OilCap,price,$/MWh,58.76936235462775
2090,NGFS2023REMIND_DT,Global,Power,OilCap,price,$/MWh,58.76936235462775
2090,NGFS2023MESSAGE_NZ2050,Global,Power,OilCap,price,$/MWh,58.76936235462775
2090,NGFS2023MESSAGE_LD,Global,Power,OilCap,price,$/MWh,58.76936235462775
2090,NGFS2023MESSAGE_B2DS,Global,Power,OilCap,price,$/MWh,58.76936235462775
2090,NGFS2023MESSAGE_DT,Global,Power,OilCap,price,$/MWh,58.76936235462775
2090,NGFS2023GCAM_NZ2050,Global,Power,CoalCap,price,$/MWh,68.43478890966
2090,NGFS2023GCAM_LD,Global,Power,CoalCap,price,$/MWh,68.43478890966
2090,NGFS2023GCAM_B2DS,Global,Power,CoalCap,price,$/MWh,68.43478890966
2090,NGFS2023GCAM_DT,Global,Power,CoalCap,price,$/MWh,68.43478890966
2090,NGFS2023REMIND_NZ2050,Global,Power,CoalCap,price,$/MWh,68.43478890966
2090,NGFS2023REMIND_LD,Global,Power,CoalCap,price,$/MWh,68.43478890966
2090,NGFS2023REMIND_B2DS,Global,Power,CoalCap,price,$/MWh,68.43478890966
2090,NGFS2023REMIND_DT,Global,Power,CoalCap,price,$/MWh,68.43478890966
2090,NGFS2023MESSAGE_NZ2050,Global,Power,CoalCap,price,$/MWh,68.43478890966
2090,NGFS2023MESSAGE_LD,Global,Power,CoalCap,price,$/MWh,68.43478890966
2090,NGFS2023MESSAGE_B2DS,Global,Power,CoalCap,price,$/MWh,68.43478890966
2090,NGFS2023MESSAGE_DT,Global,Power,CoalCap,price,$/MWh,68.43478890966
2090,NGFS2023GCAM_NZ2050,Global,Power,GasCap,price,$/MWh,58.76936235462775
2090,NGFS2023GCAM_LD,Global,Power,GasCap,price,$/MWh,58.76936235462775
2090,NGFS2023GCAM_B2DS,Global,Power,GasCap,price,$/MWh,58.76936235462775
2090,NGFS2023GCAM_DT,Global,Power,GasCap,price,$/MWh,58.76936235462775
2090,NGFS2023REMIND_NZ2050,Global,Power,GasCap,price,$/MWh,58.76936235462775
2090,NGFS2023REMIND_LD,Global,Power,GasCap,price,$/MWh,58.76936235462775
2090,NGFS2023REMIND_B2DS,Global,Power,GasCap,price,$/MWh,58.76936235462775
2090,NGFS2023REMIND_DT,Global,Power,GasCap,price,$/MWh,58.76936235462775
2090,NGFS2023MESSAGE_NZ2050,Global,Power,GasCap,price,$/MWh,58.76936235462775
2090,NGFS2023MESSAGE_LD,Global,Power,GasCap,price,$/MWh,58.76936235462775
2090,NGFS2023MESSAGE_B2DS,Global,Power,GasCap,price,$/MWh,58.76936235462775
2090,NGFS2023MESSAGE_DT,Global,Power,GasCap,price,$/MWh,58.76936235462775
2090,NGFS2023GCAM_NZ2050,Global,Power,RenewablesCap,price,$/MWh,120.82050254877664
2090,NGFS2023GCAM_LD,Global,Power,RenewablesCap,price,$/MWh,120.82050254877664
2090,NGFS2023GCAM_B2DS,Global,Power,RenewablesCap,price,$/MWh,120.82050254877664
2090,NGFS2023GCAM_DT,Global,Power,RenewablesCap,price,$/MWh,120.82050254877664
2090,NGFS2023REMIND_NZ2050,Global,Power,RenewablesCap,price,$/MWh,120.82050254877664
2090,NGFS2023REMIND_LD,Global,Power,RenewablesCap,price,$/MWh,120.82050254877664
2090,NGFS2023REMIND_B2DS,Global,Power,RenewablesCap,price,$/MWh,120.82050254877664
2090,NGFS2023REMIND_DT,Global,Power,RenewablesCap,price,$/MWh,120.82050254877664
2090,NGFS2023MESSAGE_NZ2050,Global,Power,RenewablesCap,price,$/MWh,120.82050254877664
2090,NGFS2023MESSAGE_LD,Global,Power,RenewablesCap,price,$/MWh,120.82050254877664
2090,NGFS2023MESSAGE_B2DS,Global,Power,RenewablesCap,price,$/MWh,120.82050254877664
2090,NGFS2023MESSAGE_DT,Global,Power,RenewablesCap,price,$/MWh,120.82050254877664
2090,NGFS2023GCAM_NZ2050,Global,Power,HydroCap,price,$/MWh,52.88135607909605
2090,NGFS2023GCAM_LD,Global,Power,HydroCap,price,$/MWh,52.88135607909605
2090,NGFS2023GCAM_B2DS,Global,Power,HydroCap,price,$/MWh,52.88135607909605
2090,NGFS2023GCAM_DT,Global,Power,HydroCap,price,$/MWh,52.88135607909605
2090,NGFS2023REMIND_NZ2050,Global,Power,HydroCap,price,$/MWh,52.88135607909605
2090,NGFS2023REMIND_LD,Global,Power,HydroCap,price,$/MWh,52.88135607909605
2090,NGFS2023REMIND_B2DS,Global,Power,HydroCap,price,$/MWh,52.88135607909605
2090,NGFS2023REMIND_DT,Global,Power,HydroCap,price,$/MWh,52.88135607909605
2090,NGFS2023MESSAGE_NZ2050,Global,Power,HydroCap,price,$/MWh,52.88135607909605
2090,NGFS2023MESSAGE_LD,Global,Power,HydroCap,price,$/MWh,52.88135607909605
2090,NGFS2023MESSAGE_B2DS,Global,Power,HydroCap,price,$/MWh,52.88135607909605
2090,NGFS2023MESSAGE_DT,Global,Power,HydroCap,price,$/MWh,52.88135607909605
2090,NGFS2023GCAM_NZ2050,Global,Power,NuclearCap,price,$/MWh,101.69491553672316
2090,NGFS2023GCAM_LD,Global,Power,NuclearCap,price,$/MWh,101.69491553672316
2090,NGFS2023GCAM_B2DS,Global,Power,NuclearCap,price,$/MWh,101.69491553672316
2090,NGFS2023GCAM_DT,Global,Power,NuclearCap,price,$/MWh,101.69491553672316
2090,NGFS2023REMIND_NZ2050,Global,Power,NuclearCap,price,$/MWh,101.69491553672316
2090,NGFS2023REMIND_LD,Global,Power,NuclearCap,price,$/MWh,101.69491553672316
2090,NGFS2023REMIND_B2DS,Global,Power,NuclearCap,price,$/MWh,101.69491553672316
2090,NGFS2023REMIND_DT,Global,Power,NuclearCap,price,$/MWh,101.69491553672316
2090,NGFS2023MESSAGE_NZ2050,Global,Power,NuclearCap,price,$/MWh,101.69491553672316
2090,NGFS2023MESSAGE_LD,Global,Power,NuclearCap,price,$/MWh,101.69491553672316
2090,NGFS2023MESSAGE_B2DS,Global,Power,NuclearCap,price,$/MWh,101.69491553672316
2090,NGFS2023MESSAGE_DT,Global,Power,NuclearCap,price,$/MWh,101.69491553672316
2091,NGFS2023GCAM_NZ2050,Global,Power,OilCap,price,$/MWh,58.76839826386773
2091,NGFS2023GCAM_LD,Global,Power,OilCap,price,$/MWh,58.76839826386773
2091,NGFS2023GCAM_B2DS,Global,Power,OilCap,price,$/MWh,58.76839826386773
2091,NGFS2023GCAM_DT,Global,Power,OilCap,price,$/MWh,58.76839826386773
2091,NGFS2023REMIND_NZ2050,Global,Power,OilCap,price,$/MWh,58.76839826386773
2091,NGFS2023REMIND_LD,Global,Power,OilCap,price,$/MWh,58.76839826386773
2091,NGFS2023REMIND_B2DS,Global,Power,OilCap,price,$/MWh,58.76839826386773
2091,NGFS2023REMIND_DT,Global,Power,OilCap,price,$/MWh,58.76839826386773
2091,NGFS2023MESSAGE_NZ2050,Global,Power,OilCap,price,$/MWh,58.76839826386773
2091,NGFS2023MESSAGE_LD,Global,Power,OilCap,price,$/MWh,58.76839826386773
2091,NGFS2023MESSAGE_B2DS,Global,Power,OilCap,price,$/MWh,58.76839826386773
2091,NGFS2023MESSAGE_DT,Global,Power,OilCap,price,$/MWh,58.76839826386773
2091,NGFS2023GCAM_NZ2050,Global,Power,CoalCap,price,$/MWh,68.43871543367729
2091,NGFS2023GCAM_LD,Global,Power,CoalCap,price,$/MWh,68.43871543367729
2091,NGFS2023GCAM_B2DS,Global,Power,CoalCap,price,$/MWh,68.43871543367729
2091,NGFS2023GCAM_DT,Global,Power,CoalCap,price,$/MWh,68.43871543367729
2091,NGFS2023REMIND_NZ2050,Global,Power,CoalCap,price,$/MWh,68.43871543367729
2091,NGFS2023REMIND_LD,Global,Power,CoalCap,price,$/MWh,68.43871543367729
2091,NGFS2023REMIND_B2DS,Global,Power,CoalCap,price,$/MWh,68.43871543367729
2091,NGFS2023REMIND_DT,Global,Power,CoalCap,price,$/MWh,68.43871543367729
2091,NGFS2023MESSAGE_NZ2050,Global,Power,CoalCap,price,$/MWh,68.43871543367729
2091,NGFS2023MESSAGE_LD,Global,Power,CoalCap,price,$/MWh,68.43871543367729
2091,NGFS2023MESSAGE_B2DS,Global,Power,CoalCap,price,$/MWh,68.43871543367729
2091,NGFS2023MESSAGE_DT,Global,Power,CoalCap,price,$/MWh,68.43871543367729
2091,NGFS2023GCAM_NZ2050,Global,Power,GasCap,price,$/MWh,58.76839826386773
2091,NGFS2023GCAM_LD,Global,Power,GasCap,price,$/MWh,58.76839826386773
2091,NGFS2023GCAM_B2DS,Global,Power,GasCap,price,$/MWh,58.76839826386773
2091,NGFS2023GCAM_DT,Global,Power,GasCap,price,$/MWh,58.76839826386773
2091,NGFS2023REMIND_NZ2050,Global,Power,GasCap,price,$/MWh,58.76839826386773
2091,NGFS2023REMIND_LD,Global,Power,GasCap,price,$/MWh,58.76839826386773
2091,NGFS2023REMIND_B2DS,Global,Power,GasCap,price,$/MWh,58.76839826386773
2091,NGFS2023REMIND_DT,Global,Power,GasCap,price,$/MWh,58.76839826386773
2091,NGFS2023MESSAGE_NZ2050,Global,Power,GasCap,price,$/MWh,58.76839826386773
2091,NGFS2023MESSAGE_LD,Global,Power,GasCap,price,$/MWh,58.76839826386773
2091,NGFS2023MESSAGE_B2DS,Global,Power,GasCap,price,$/MWh,58.76839826386773
2091,NGFS2023MESSAGE_DT,Global,Power,GasCap,price,$/MWh,58.76839826386773
2091,NGFS2023GCAM_NZ2050,Global,Power,RenewablesCap,price,$/MWh,121.36469995309449
2091,NGFS2023GCAM_LD,Global,Power,RenewablesCap,price,$/MWh,121.36469995309449
2091,NGFS2023GCAM_B2DS,Global,Power,RenewablesCap,price,$/MWh,121.36469995309449
2091,NGFS2023GCAM_DT,Global,Power,RenewablesCap,price,$/MWh,121.36469995309449
2091,NGFS2023REMIND_NZ2050,Global,Power,RenewablesCap,price,$/MWh,121.36469995309449
2091,NGFS2023REMIND_LD,Global,Power,RenewablesCap,price,$/MWh,121.36469995309449
2091,NGFS2023REMIND_B2DS,Global,Power,RenewablesCap,price,$/MWh,121.36469995309449
2091,NGFS2023REMIND_DT,Global,Power,RenewablesCap,price,$/MWh,121.36469995309449
2091,NGFS2023MESSAGE_NZ2050,Global,Power,RenewablesCap,price,$/MWh,121.36469995309449
2091,NGFS2023MESSAGE_LD,Global,Power,RenewablesCap,price,$/MWh,121.36469995309449
2091,NGFS2023MESSAGE_B2DS,Global,Power,RenewablesCap,price,$/MWh,121.36469995309449
2091,NGFS2023MESSAGE_DT,Global,Power,RenewablesCap,price,$/MWh,121.36469995309449
2091,NGFS2023GCAM_NZ2050,Global,Power,HydroCap,price,$/MWh,52.88135607909605
2091,NGFS2023GCAM_LD,Global,Power,HydroCap,price,$/MWh,52.88135607909605
2091,NGFS2023GCAM_B2DS,Global,Power,HydroCap,price,$/MWh,52.88135607909605
2091,NGFS2023GCAM_DT,Global,Power,HydroCap,price,$/MWh,52.88135607909605
2091,NGFS2023REMIND_NZ2050,Global,Power,HydroCap,price,$/MWh,52.88135607909605
2091,NGFS2023REMIND_LD,Global,Power,HydroCap,price,$/MWh,52.88135607909605
2091,NGFS2023REMIND_B2DS,Global,Power,HydroCap,price,$/MWh,52.88135607909605
2091,NGFS2023REMIND_DT,Global,Power,HydroCap,price,$/MWh,52.88135607909605
2091,NGFS2023MESSAGE_NZ2050,Global,Power,HydroCap,price,$/MWh,52.88135607909605
2091,NGFS2023MESSAGE_LD,Global,Power,HydroCap,price,$/MWh,52.88135607909605
2091,NGFS2023MESSAGE_B2DS,Global,Power,HydroCap,price,$/MWh,52.88135607909605
2091,NGFS2023MESSAGE_DT,Global,Power,HydroCap,price,$/MWh,52.88135607909605
2091,NGFS2023GCAM_NZ2050,Global,Power,NuclearCap,price,$/MWh,101.69491553672316
2091,NGFS2023GCAM_LD,Global,Power,NuclearCap,price,$/MWh,101.69491553672316
2091,NGFS2023GCAM_B2DS,Global,Power,NuclearCap,price,$/MWh,101.69491553672316
2091,NGFS2023GCAM_DT,Global,Power,NuclearCap,price,$/MWh,101.69491553672316
2091,NGFS2023REMIND_NZ2050,Global,Power,NuclearCap,price,$/MWh,101.69491553672316
2091,NGFS2023REMIND_LD,Global,Power,NuclearCap,price,$/MWh,101.69491553672316
2091,NGFS2023REMIND_B2DS,Global,Power,NuclearCap,price,$/MWh,101.69491553672316
2091,NGFS2023REMIND_DT,Global,Power,NuclearCap,price,$/MWh,101.69491553672316
2091,NGFS2023MESSAGE_NZ2050,Global,Power,NuclearCap,price,$/MWh,101.69491553672316
2091,NGFS2023MESSAGE_LD,Global,Power,NuclearCap,price,$/MWh,101.69491553672316
2091,NGFS2023MESSAGE_B2DS,Global,Power,NuclearCap,price,$/MWh,101.69491553672316
2091,NGFS2023MESSAGE_DT,Global,Power,NuclearCap,price,$/MWh,101.69491553672316
2092,NGFS2023GCAM_NZ2050,Global,Power,OilCap,price,$/MWh,58.7674341731077
2092,NGFS2023GCAM_LD,Global,Power,OilCap,price,$/MWh,58.7674341731077
2092,NGFS2023GCAM_B2DS,Global,Power,OilCap,price,$/MWh,58.7674341731077
2092,NGFS2023GCAM_DT,Global,Power,OilCap,price,$/MWh,58.7674341731077
2092,NGFS2023REMIND_NZ2050,Global,Power,OilCap,price,$/MWh,58.7674341731077
2092,NGFS2023REMIND_LD,Global,Power,OilCap,price,$/MWh,58.7674341731077
2092,NGFS2023REMIND_B2DS,Global,Power,OilCap,price,$/MWh,58.7674341731077
2092,NGFS2023REMIND_DT,Global,Power,OilCap,price,$/MWh,58.7674341731077
2092,NGFS2023MESSAGE_NZ2050,Global,Power,OilCap,price,$/MWh,58.7674341731077
2092,NGFS2023MESSAGE_LD,Global,Power,OilCap,price,$/MWh,58.7674341731077
2092,NGFS2023MESSAGE_B2DS,Global,Power,OilCap,price,$/MWh,58.7674341731077
2092,NGFS2023MESSAGE_DT,Global,Power,OilCap,price,$/MWh,58.7674341731077
2092,NGFS2023GCAM_NZ2050,Global,Power,CoalCap,price,$/MWh,68.44264195769458
2092,NGFS2023GCAM_LD,Global,Power,CoalCap,price,$/MWh,68.44264195769458
2092,NGFS2023GCAM_B2DS,Global,Power,CoalCap,price,$/MWh,68.44264195769458
2092,NGFS2023GCAM_DT,Global,Power,CoalCap,price,$/MWh,68.44264195769458
2092,NGFS2023REMIND_NZ2050,Global,Power,CoalCap,price,$/MWh,68.44264195769458
2092,NGFS2023REMIND_LD,Global,Power,CoalCap,price,$/MWh,68.44264195769458
2092,NGFS2023REMIND_B2DS,Global,Power,CoalCap,price,$/MWh,68.44264195769458
2092,NGFS2023REMIND_DT,Global,Power,CoalCap,price,$/MWh,68.44264195769458
2092,NGFS2023MESSAGE_NZ2050,Global,Power,CoalCap,price,$/MWh,68.44264195769458
2092,NGFS2023MESSAGE_LD,Global,Power,CoalCap,price,$/MWh,68.44264195769458
2092,NGFS2023MESSAGE_B2DS,Global,Power,CoalCap,price,$/MWh,68.44264195769458
2092,NGFS2023MESSAGE_DT,Global,Power,CoalCap,price,$/MWh,68.44264195769458
2092,NGFS2023GCAM_NZ2050,Global,Power,GasCap,price,$/MWh,58.7674341731077
2092,NGFS2023GCAM_LD,Global,Power,GasCap,price,$/MWh,58.7674341731077
2092,NGFS2023GCAM_B2DS,Global,Power,GasCap,price,$/MWh,58.7674341731077
2092,NGFS2023GCAM_DT,Global,Power,GasCap,price,$/MWh,58.7674341731077
2092,NGFS2023REMIND_NZ2050,Global,Power,GasCap,price,$/MWh,58.7674341731077
2092,NGFS2023REMIND_LD,Global,Power,GasCap,price,$/MWh,58.7674341731077
2092,NGFS2023REMIND_B2DS,Global,Power,GasCap,price,$/MWh,58.7674341731077
2092,NGFS2023REMIND_DT,Global,Power,GasCap,price,$/MWh,58.7674341731077
2092,NGFS2023MESSAGE_NZ2050,Global,Power,GasCap,price,$/MWh,58.7674341731077
2092,NGFS2023MESSAGE_LD,Global,Power,GasCap,price,$/MWh,58.7674341731077
2092,NGFS2023MESSAGE_B2DS,Global,Power,GasCap,price,$/MWh,58.7674341731077
2092,NGFS2023MESSAGE_DT,Global,Power,GasCap,price,$/MWh,58.7674341731077
2092,NGFS2023GCAM_NZ2050,Global,Power,RenewablesCap,price,$/MWh,121.90889735741234
2092,NGFS2023GCAM_LD,Global,Power,RenewablesCap,price,$/MWh,121.90889735741234
2092,NGFS2023GCAM_B2DS,Global,Power,RenewablesCap,price,$/MWh,121.90889735741234
2092,NGFS2023GCAM_DT,Global,Power,RenewablesCap,price,$/MWh,121.90889735741234
2092,NGFS2023REMIND_NZ2050,Global,Power,RenewablesCap,price,$/MWh,121.90889735741234
2092,NGFS2023REMIND_LD,Global,Power,RenewablesCap,price,$/MWh,121.90889735741234
2092,NGFS2023REMIND_B2DS,Global,Power,RenewablesCap,price,$/MWh,121.90889735741234
2092,NGFS2023REMIND_DT,Global,Power,RenewablesCap,price,$/MWh,121.90889735741234
2092,NGFS2023MESSAGE_NZ2050,Global,Power,RenewablesCap,price,$/MWh,121.90889735741234
2092,NGFS2023MESSAGE_LD,Global,Power,RenewablesCap,price,$/MWh,121.90889735741234
2092,NGFS2023MESSAGE_B2DS,Global,Power,RenewablesCap,price,$/MWh,121.90889735741234
2092,NGFS2023MESSAGE_DT,Global,Power,RenewablesCap,price,$/MWh,121.90889735741234
2092,NGFS2023GCAM_NZ2050,Global,Power,HydroCap,price,$/MWh,52.88135607909606
2092,NGFS2023GCAM_LD,Global,Power,HydroCap,price,$/MWh,52.88135607909606
2092,NGFS2023GCAM_B2DS,Global,Power,HydroCap,price,$/MWh,52.88135607909606
2092,NGFS2023GCAM_DT,Global,Power,HydroCap,price,$/MWh,52.88135607909606
2092,NGFS2023REMIND_NZ2050,Global,Power,HydroCap,price,$/MWh,52.88135607909606
2092,NGFS2023REMIND_LD,Global,Power,HydroCap,price,$/MWh,52.88135607909606
2092,NGFS2023REMIND_B2DS,Global,Power,HydroCap,price,$/MWh,52.88135607909606
2092,NGFS2023REMIND_DT,Global,Power,HydroCap,price,$/MWh,52.88135607909606
2092,NGFS2023MESSAGE_NZ2050,Global,Power,HydroCap,price,$/MWh,52.88135607909606
2092,NGFS2023MESSAGE_LD,Global,Power,HydroCap,price,$/MWh,52.88135607909606
2092,NGFS2023MESSAGE_B2DS,Global,Power,HydroCap,price,$/MWh,52.88135607909606
2092,NGFS2023MESSAGE_DT,Global,Power,HydroCap,price,$/MWh,52.88135607909606
2092,NGFS2023GCAM_NZ2050,Global,Power,NuclearCap,price,$/MWh,101.6949155367232
2092,NGFS2023GCAM_LD,Global,Power,NuclearCap,price,$/MWh,101.6949155367232
2092,NGFS2023GCAM_B2DS,Global,Power,NuclearCap,price,$/MWh,101.6949155367232
2092,NGFS2023GCAM_DT,Global,Power,NuclearCap,price,$/MWh,101.6949155367232
2092,NGFS2023REMIND_NZ2050,Global,Power,NuclearCap,price,$/MWh,101.6949155367232
2092,NGFS2023REMIND_LD,Global,Power,NuclearCap,price,$/MWh,101.6949155367232
2092,NGFS2023REMIND_B2DS,Global,Power,NuclearCap,price,$/MWh,101.6949155367232
2092,NGFS2023REMIND_DT,Global,Power,NuclearCap,price,$/MWh,101.6949155367232
2092,NGFS2023MESSAGE_NZ2050,Global,Power,NuclearCap,price,$/MWh,101.6949155367232
2092,NGFS2023MESSAGE_LD,Global,Power,NuclearCap,price,$/MWh,101.6949155367232
2092,NGFS2023MESSAGE_B2DS,Global,Power,NuclearCap,price,$/MWh,101.6949155367232
2092,NGFS2023MESSAGE_DT,Global,Power,NuclearCap,price,$/MWh,101.6949155367232
2093,NGFS2023GCAM_NZ2050,Global,Power,OilCap,price,$/MWh,58.766470082347674
2093,NGFS2023GCAM_LD,Global,Power,OilCap,price,$/MWh,58.766470082347674
2093,NGFS2023GCAM_B2DS,Global,Power,OilCap,price,$/MWh,58.766470082347674
2093,NGFS2023GCAM_DT,Global,Power,OilCap,price,$/MWh,58.766470082347674
2093,NGFS2023REMIND_NZ2050,Global,Power,OilCap,price,$/MWh,58.766470082347674
2093,NGFS2023REMIND_LD,Global,Power,OilCap,price,$/MWh,58.766470082347674
2093,NGFS2023REMIND_B2DS,Global,Power,OilCap,price,$/MWh,58.766470082347674
2093,NGFS2023REMIND_DT,Global,Power,OilCap,price,$/MWh,58.766470082347674
2093,NGFS2023MESSAGE_NZ2050,Global,Power,OilCap,price,$/MWh,58.766470082347674
2093,NGFS2023MESSAGE_LD,Global,Power,OilCap,price,$/MWh,58.766470082347674
2093,NGFS2023MESSAGE_B2DS,Global,Power,OilCap,price,$/MWh,58.766470082347674
2093,NGFS2023MESSAGE_DT,Global,Power,OilCap,price,$/MWh,58.766470082347674
2093,NGFS2023GCAM_NZ2050,Global,Power,CoalCap,price,$/MWh,68.44656848171185
2093,NGFS2023GCAM_LD,Global,Power,CoalCap,price,$/MWh,68.44656848171185
2093,NGFS2023GCAM_B2DS,Global,Power,CoalCap,price,$/MWh,68.44656848171185
2093,NGFS2023GCAM_DT,Global,Power,CoalCap,price,$/MWh,68.44656848171185
2093,NGFS2023REMIND_NZ2050,Global,Power,CoalCap,price,$/MWh,68.44656848171185
2093,NGFS2023REMIND_LD,Global,Power,CoalCap,price,$/MWh,68.44656848171185
2093,NGFS2023REMIND_B2DS,Global,Power,CoalCap,price,$/MWh,68.44656848171185
2093,NGFS2023REMIND_DT,Global,Power,CoalCap,price,$/MWh,68.44656848171185
2093,NGFS2023MESSAGE_NZ2050,Global,Power,CoalCap,price,$/MWh,68.44656848171185
2093,NGFS2023MESSAGE_LD,Global,Power,CoalCap,price,$/MWh,68.44656848171185
2093,NGFS2023MESSAGE_B2DS,Global,Power,CoalCap,price,$/MWh,68.44656848171185
2093,NGFS2023MESSAGE_DT,Global,Power,CoalCap,price,$/MWh,68.44656848171185
2093,NGFS2023GCAM_NZ2050,Global,Power,GasCap,price,$/MWh,58.766470082347674
2093,NGFS2023GCAM_LD,Global,Power,GasCap,price,$/MWh,58.766470082347674
2093,NGFS2023GCAM_B2DS,Global,Power,GasCap,price,$/MWh,58.766470082347674
2093,NGFS2023GCAM_DT,Global,Power,GasCap,price,$/MWh,58.766470082347674
2093,NGFS2023REMIND_NZ2050,Global,Power,GasCap,price,$/MWh,58.766470082347674
2093,NGFS2023REMIND_LD,Global,Power,GasCap,price,$/MWh,58.766470082347674
2093,NGFS2023REMIND_B2DS,Global,Power,GasCap,price,$/MWh,58.766470082347674
2093,NGFS2023REMIND_DT,Global,Power,GasCap,price,$/MWh,58.766470082347674
2093,NGFS2023MESSAGE_NZ2050,Global,Power,GasCap,price,$/MWh,58.766470082347674
2093,NGFS2023MESSAGE_LD,Global,Power,GasCap,price,$/MWh,58.766470082347674
2093,NGFS2023MESSAGE_B2DS,Global,Power,GasCap,price,$/MWh,58.766470082347674
2093,NGFS2023MESSAGE_DT,Global,Power,GasCap,price,$/MWh,58.766470082347674
2093,NGFS2023GCAM_NZ2050,Global,Power,RenewablesCap,price,$/MWh,122.4530947617302
2093,NGFS2023GCAM_LD,Global,Power,RenewablesCap,price,$/MWh,122.4530947617302
2093,NGFS2023GCAM_B2DS,Global,Power,RenewablesCap,price,$/MWh,122.4530947617302
2093,NGFS2023GCAM_DT,Global,Power,RenewablesCap,price,$/MWh,122.4530947617302
2093,NGFS2023REMIND_NZ2050,Global,Power,RenewablesCap,price,$/MWh,122.4530947617302
2093,NGFS2023REMIND_LD,Global,Power,RenewablesCap,price,$/MWh,122.4530947617302
2093,NGFS2023REMIND_B2DS,Global,Power,RenewablesCap,price,$/MWh,122.4530947617302
2093,NGFS2023REMIND_DT,Global,Power,RenewablesCap,price,$/MWh,122.4530947617302
2093,NGFS2023MESSAGE_NZ2050,Global,Power,RenewablesCap,price,$/MWh,122.4530947617302
2093,NGFS2023MESSAGE_LD,Global,Power,RenewablesCap,price,$/MWh,122.4530947617302
2093,NGFS2023MESSAGE_B2DS,Global,Power,RenewablesCap,price,$/MWh,122.4530947617302
2093,NGFS2023MESSAGE_DT,Global,Power,RenewablesCap,price,$/MWh,122.4530947617302
2093,NGFS2023GCAM_NZ2050,Global,Power,HydroCap,price,$/MWh,52.88135607909606
2093,NGFS2023GCAM_LD,Global,Power,HydroCap,price,$/MWh,52.88135607909606
2093,NGFS2023GCAM_B2DS,Global,Power,HydroCap,price,$/MWh,52.88135607909606
2093,NGFS2023GCAM_DT,Global,Power,HydroCap,price,$/MWh,52.88135607909606
2093,NGFS2023REMIND_NZ2050,Global,Power,HydroCap,price,$/MWh,52.88135607909606
2093,NGFS2023REMIND_LD,Global,Power,HydroCap,price,$/MWh,52.88135607909606
2093,NGFS2023REMIND_B2DS,Global,Power,HydroCap,price,$/MWh,52.88135607909606
2093,NGFS2023REMIND_DT,Global,Power,HydroCap,price,$/MWh,52.88135607909606
2093,NGFS2023MESSAGE_NZ2050,Global,Power,HydroCap,price,$/MWh,52.88135607909606
2093,NGFS2023MESSAGE_LD,Global,Power,HydroCap,price,$/MWh,52.88135607909606
2093,NGFS2023MESSAGE_B2DS,Global,Power,HydroCap,price,$/MWh,52.88135607909606
2093,NGFS2023MESSAGE_DT,Global,Power,HydroCap,price,$/MWh,52.88135607909606
2093,NGFS2023GCAM_NZ2050,Global,Power,NuclearCap,price,$/MWh,101.6949155367232
2093,NGFS2023GCAM_LD,Global,Power,NuclearCap,price,$/MWh,101.6949155367232
2093,NGFS2023GCAM_B2DS,Global,Power,NuclearCap,price,$/MWh,101.6949155367232
2093,NGFS2023GCAM_DT,Global,Power,NuclearCap,price,$/MWh,101.6949155367232
2093,NGFS2023REMIND_NZ2050,Global,Power,NuclearCap,price,$/MWh,101.6949155367232
2093,NGFS2023REMIND_LD,Global,Power,NuclearCap,price,$/MWh,101.6949155367232
2093,NGFS2023REMIND_B2DS,Global,Power,NuclearCap,price,$/MWh,101.6949155367232
2093,NGFS2023REMIND_DT,Global,Power,NuclearCap,price,$/MWh,101.6949155367232
2093,NGFS2023MESSAGE_NZ2050,Global,Power,NuclearCap,price,$/MWh,101.6949155367232
2093,NGFS2023MESSAGE_LD,Global,Power,NuclearCap,price,$/MWh,101.6949155367232
2093,NGFS2023MESSAGE_B2DS,Global,Power,NuclearCap,price,$/MWh,101.6949155367232
2093,NGFS2023MESSAGE_DT,Global,Power,NuclearCap,price,$/MWh,101.6949155367232
2094,NGFS2023GCAM_NZ2050,Global,Power,OilCap,price,$/MWh,58.765505991587645
2094,NGFS2023GCAM_LD,Global,Power,OilCap,price,$/MWh,58.765505991587645
2094,NGFS2023GCAM_B2DS,Global,Power,OilCap,price,$/MWh,58.765505991587645
2094,NGFS2023GCAM_DT,Global,Power,OilCap,price,$/MWh,58.765505991587645
2094,NGFS2023REMIND_NZ2050,Global,Power,OilCap,price,$/MWh,58.765505991587645
2094,NGFS2023REMIND_LD,Global,Power,OilCap,price,$/MWh,58.765505991587645
2094,NGFS2023REMIND_B2DS,Global,Power,OilCap,price,$/MWh,58.765505991587645
2094,NGFS2023REMIND_DT,Global,Power,OilCap,price,$/MWh,58.765505991587645
2094,NGFS2023MESSAGE_NZ2050,Global,Power,OilCap,price,$/MWh,58.765505991587645
2094,NGFS2023MESSAGE_LD,Global,Power,OilCap,price,$/MWh,58.765505991587645
2094,NGFS2023MESSAGE_B2DS,Global,Power,OilCap,price,$/MWh,58.765505991587645
2094,NGFS2023MESSAGE_DT,Global,Power,OilCap,price,$/MWh,58.765505991587645
2094,NGFS2023GCAM_NZ2050,Global,Power,CoalCap,price,$/MWh,68.45049500572914
2094,NGFS2023GCAM_LD,Global,Power,CoalCap,price,$/MWh,68.45049500572914
2094,NGFS2023GCAM_B2DS,Global,Power,CoalCap,price,$/MWh,68.45049500572914
2094,NGFS2023GCAM_DT,Global,Power,CoalCap,price,$/MWh,68.45049500572914
2094,NGFS2023REMIND_NZ2050,Global,Power,CoalCap,price,$/MWh,68.45049500572914
2094,NGFS2023REMIND_LD,Global,Power,CoalCap,price,$/MWh,68.45049500572914
2094,NGFS2023REMIND_B2DS,Global,Power,CoalCap,price,$/MWh,68.45049500572914
2094,NGFS2023REMIND_DT,Global,Power,CoalCap,price,$/MWh,68.45049500572914
2094,NGFS2023MESSAGE_NZ2050,Global,Power,CoalCap,price,$/MWh,68.45049500572914
2094,NGFS2023MESSAGE_LD,Global,Power,CoalCap,price,$/MWh,68.45049500572914
2094,NGFS2023MESSAGE_B2DS,Global,Power,CoalCap,price,$/MWh,68.45049500572914
2094,NGFS2023MESSAGE_DT,Global,Power,CoalCap,price,$/MWh,68.45049500572914
2094,NGFS2023GCAM_NZ2050,Global,Power,GasCap,price,$/MWh,58.765505991587645
2094,NGFS2023GCAM_LD,Global,Power,GasCap,price,$/MWh,58.765505991587645
2094,NGFS2023GCAM_B2DS,Global,Power,GasCap,price,$/MWh,58.765505991587645
2094,NGFS2023GCAM_DT,Global,Power,GasCap,price,$/MWh,58.765505991587645
2094,NGFS2023REMIND_NZ2050,Global,Power,GasCap,price,$/MWh,58.765505991587645
2094,NGFS2023REMIND_LD,Global,Power,GasCap,price,$/MWh,58.765505991587645
2094,NGFS2023REMIND_B2DS,Global,Power,GasCap,price,$/MWh,58.765505991587645
2094,NGFS2023REMIND_DT,Global,Power,GasCap,price,$/MWh,58.765505991587645
2094,NGFS2023MESSAGE_NZ2050,Global,Power,GasCap,price,$/MWh,58.765505991587645
2094,NGFS2023MESSAGE_LD,Global,Power,GasCap,price,$/MWh,58.765505991587645
2094,NGFS2023MESSAGE_B2DS,Global,Power,GasCap,price,$/MWh,58.765505991587645
2094,NGFS2023MESSAGE_DT,Global,Power,GasCap,price,$/MWh,58.765505991587645
2094,NGFS2023GCAM_NZ2050,Global,Power,RenewablesCap,price,$/MWh,122.99729216604784
2094,NGFS2023GCAM_LD,Global,Power,RenewablesCap,price,$/MWh,122.99729216604784
2094,NGFS2023GCAM_B2DS,Global,Power,RenewablesCap,price,$/MWh,122.99729216604784
2094,NGFS2023GCAM_DT,Global,Power,RenewablesCap,price,$/MWh,122.99729216604784
2094,NGFS2023REMIND_NZ2050,Global,Power,RenewablesCap,price,$/MWh,122.99729216604784
2094,NGFS2023REMIND_LD,Global,Power,RenewablesCap,price,$/MWh,122.99729216604784
2094,NGFS2023REMIND_B2DS,Global,Power,RenewablesCap,price,$/MWh,122.99729216604784
2094,NGFS2023REMIND_DT,Global,Power,RenewablesCap,price,$/MWh,122.99729216604784
2094,NGFS2023MESSAGE_NZ2050,Global,Power,RenewablesCap,price,$/MWh,122.99729216604784
2094,NGFS2023MESSAGE_LD,Global,Power,RenewablesCap,price,$/MWh,122.99729216604784
2094,NGFS2023MESSAGE_B2DS,Global,Power,RenewablesCap,price,$/MWh,122.99729216604784
2094,NGFS2023MESSAGE_DT,Global,Power,RenewablesCap,price,$/MWh,122.99729216604784
2094,NGFS2023GCAM_NZ2050,Global,Power,HydroCap,price,$/MWh,52.88135607909606
2094,NGFS2023GCAM_LD,Global,Power,HydroCap,price,$/MWh,52.88135607909606
2094,NGFS2023GCAM_B2DS,Global,Power,HydroCap,price,$/MWh,52.88135607909606
2094,NGFS2023GCAM_DT,Global,Power,HydroCap,price,$/MWh,52.88135607909606
2094,NGFS2023REMIND_NZ2050,Global,Power,HydroCap,price,$/MWh,52.88135607909606
2094,NGFS2023REMIND_LD,Global,Power,HydroCap,price,$/MWh,52.88135607909606
2094,NGFS2023REMIND_B2DS,Global,Power,HydroCap,price,$/MWh,52.88135607909606
2094,NGFS2023REMIND_DT,Global,Power,HydroCap,price,$/MWh,52.88135607909606
2094,NGFS2023MESSAGE_NZ2050,Global,Power,HydroCap,price,$/MWh,52.88135607909606
2094,NGFS2023MESSAGE_LD,Global,Power,HydroCap,price,$/MWh,52.88135607909606
2094,NGFS2023MESSAGE_B2DS,Global,Power,HydroCap,price,$/MWh,52.88135607909606
2094,NGFS2023MESSAGE_DT,Global,Power,HydroCap,price,$/MWh,52.88135607909606
2094,NGFS2023GCAM_NZ2050,Global,Power,NuclearCap,price,$/MWh,101.6949155367232
2094,NGFS2023GCAM_LD,Global,Power,NuclearCap,price,$/MWh,101.6949155367232
2094,NGFS2023GCAM_B2DS,Global,Power,NuclearCap,price,$/MWh,101.6949155367232
2094,NGFS2023GCAM_DT,Global,Power,NuclearCap,price,$/MWh,101.6949155367232
2094,NGFS2023REMIND_NZ2050,Global,Power,NuclearCap,price,$/MWh,101.6949155367232
2094,NGFS2023REMIND_LD,Global,Power,NuclearCap,price,$/MWh,101.6949155367232
2094,NGFS2023REMIND_B2DS,Global,Power,NuclearCap,price,$/MWh,101.6949155367232
2094,NGFS2023REMIND_DT,Global,Power,NuclearCap,price,$/MWh,101.6949155367232
2094,NGFS2023MESSAGE_NZ2050,Global,Power,NuclearCap,price,$/MWh,101.6949155367232
2094,NGFS2023MESSAGE_LD,Global,Power,NuclearCap,price,$/MWh,101.6949155367232
2094,NGFS2023MESSAGE_B2DS,Global,Power,NuclearCap,price,$/MWh,101.6949155367232
2094,NGFS2023MESSAGE_DT,Global,Power,NuclearCap,price,$/MWh,101.6949155367232
2095,NGFS2023GCAM_NZ2050,Global,Power,OilCap,price,$/MWh,58.76454190082762
2095,NGFS2023GCAM_LD,Global,Power,OilCap,price,$/MWh,58.76454190082762
2095,NGFS2023GCAM_B2DS,Global,Power,OilCap,price,$/MWh,58.76454190082762
2095,NGFS2023GCAM_DT,Global,Power,OilCap,price,$/MWh,58.76454190082762
2095,NGFS2023REMIND_NZ2050,Global,Power,OilCap,price,$/MWh,58.76454190082762
2095,NGFS2023REMIND_LD,Global,Power,OilCap,price,$/MWh,58.76454190082762
2095,NGFS2023REMIND_B2DS,Global,Power,OilCap,price,$/MWh,58.76454190082762
2095,NGFS2023REMIND_DT,Global,Power,OilCap,price,$/MWh,58.76454190082762
2095,NGFS2023MESSAGE_NZ2050,Global,Power,OilCap,price,$/MWh,58.76454190082762
2095,NGFS2023MESSAGE_LD,Global,Power,OilCap,price,$/MWh,58.76454190082762
2095,NGFS2023MESSAGE_B2DS,Global,Power,OilCap,price,$/MWh,58.76454190082762
2095,NGFS2023MESSAGE_DT,Global,Power,OilCap,price,$/MWh,58.76454190082762
2095,NGFS2023GCAM_NZ2050,Global,Power,CoalCap,price,$/MWh,68.45442152974643
2095,NGFS2023GCAM_LD,Global,Power,CoalCap,price,$/MWh,68.45442152974643
2095,NGFS2023GCAM_B2DS,Global,Power,CoalCap,price,$/MWh,68.45442152974643
2095,NGFS2023GCAM_DT,Global,Power,CoalCap,price,$/MWh,68.45442152974643
2095,NGFS2023REMIND_NZ2050,Global,Power,CoalCap,price,$/MWh,68.45442152974643
2095,NGFS2023REMIND_LD,Global,Power,CoalCap,price,$/MWh,68.45442152974643
2095,NGFS2023REMIND_B2DS,Global,Power,CoalCap,price,$/MWh,68.45442152974643
2095,NGFS2023REMIND_DT,Global,Power,CoalCap,price,$/MWh,68.45442152974643
2095,NGFS2023MESSAGE_NZ2050,Global,Power,CoalCap,price,$/MWh,68.45442152974643
2095,NGFS2023MESSAGE_LD,Global,Power,CoalCap,price,$/MWh,68.45442152974643
2095,NGFS2023MESSAGE_B2DS,Global,Power,CoalCap,price,$/MWh,68.45442152974643
2095,NGFS2023MESSAGE_DT,Global,Power,CoalCap,price,$/MWh,68.45442152974643
2095,NGFS2023GCAM_NZ2050,Global,Power,GasCap,price,$/MWh,58.76454190082762
2095,NGFS2023GCAM_LD,Global,Power,GasCap,price,$/MWh,58.76454190082762
2095,NGFS2023GCAM_B2DS,Global,Power,GasCap,price,$/MWh,58.76454190082762
2095,NGFS2023GCAM_DT,Global,Power,GasCap,price,$/MWh,58.76454190082762
2095,NGFS2023REMIND_NZ2050,Global,Power,GasCap,price,$/MWh,58.76454190082762
2095,NGFS2023REMIND_LD,Global,Power,GasCap,price,$/MWh,58.76454190082762
2095,NGFS2023REMIND_B2DS,Global,Power,GasCap,price,$/MWh,58.76454190082762
2095,NGFS2023REMIND_DT,Global,Power,GasCap,price,$/MWh,58.76454190082762
2095,NGFS2023MESSAGE_NZ2050,Global,Power,GasCap,price,$/MWh,58.76454190082762
2095,NGFS2023MESSAGE_LD,Global,Power,GasCap,price,$/MWh,58.76454190082762
2095,NGFS2023MESSAGE_B2DS,Global,Power,GasCap,price,$/MWh,58.76454190082762
2095,NGFS2023MESSAGE_DT,Global,Power,GasCap,price,$/MWh,58.76454190082762
2095,NGFS2023GCAM_NZ2050,Global,Power,RenewablesCap,price,$/MWh,123.54148957036568
2095,NGFS2023GCAM_LD,Global,Power,RenewablesCap,price,$/MWh,123.54148957036568
2095,NGFS2023GCAM_B2DS,Global,Power,RenewablesCap,price,$/MWh,123.54148957036568
2095,NGFS2023GCAM_DT,Global,Power,RenewablesCap,price,$/MWh,123.54148957036568
2095,NGFS2023REMIND_NZ2050,Global,Power,RenewablesCap,price,$/MWh,123.54148957036568
2095,NGFS2023REMIND_LD,Global,Power,RenewablesCap,price,$/MWh,123.54148957036568
2095,NGFS2023REMIND_B2DS,Global,Power,RenewablesCap,price,$/MWh,123.54148957036568
2095,NGFS2023REMIND_DT,Global,Power,RenewablesCap,price,$/MWh,123.54148957036568
2095,NGFS2023MESSAGE_NZ2050,Global,Power,RenewablesCap,price,$/MWh,123.54148957036568
2095,NGFS2023MESSAGE_LD,Global,Power,RenewablesCap,price,$/MWh,123.54148957036568
2095,NGFS2023MESSAGE_B2DS,Global,Power,RenewablesCap,price,$/MWh,123.54148957036568
2095,NGFS2023MESSAGE_DT,Global,Power,RenewablesCap,price,$/MWh,123.54148957036568
2095,NGFS2023GCAM_NZ2050,Global,Power,HydroCap,price,$/MWh,52.88135607909606
2095,NGFS2023GCAM_LD,Global,Power,HydroCap,price,$/MWh,52.88135607909606
2095,NGFS2023GCAM_B2DS,Global,Power,HydroCap,price,$/MWh,52.88135607909606
2095,NGFS2023GCAM_DT,Global,Power,HydroCap,price,$/MWh,52.88135607909606
2095,NGFS2023REMIND_NZ2050,Global,Power,HydroCap,price,$/MWh,52.88135607909606
2095,NGFS2023REMIND_LD,Global,Power,HydroCap,price,$/MWh,52.88135607909606
2095,NGFS2023REMIND_B2DS,Global,Power,HydroCap,price,$/MWh,52.88135607909606
2095,NGFS2023REMIND_DT,Global,Power,HydroCap,price,$/MWh,52.88135607909606
2095,NGFS2023MESSAGE_NZ2050,Global,Power,HydroCap,price,$/MWh,52.88135607909606
2095,NGFS2023MESSAGE_LD,Global,Power,HydroCap,price,$/MWh,52.88135607909606
2095,NGFS2023MESSAGE_B2DS,Global,Power,HydroCap,price,$/MWh,52.88135607909606
2095,NGFS2023MESSAGE_DT,Global,Power,HydroCap,price,$/MWh,52.88135607909606
2095,NGFS2023GCAM_NZ2050,Global,Power,NuclearCap,price,$/MWh,101.6949155367232
2095,NGFS2023GCAM_LD,Global,Power,NuclearCap,price,$/MWh,101.6949155367232
2095,NGFS2023GCAM_B2DS,Global,Power,NuclearCap,price,$/MWh,101.6949155367232
2095,NGFS2023GCAM_DT,Global,Power,NuclearCap,price,$/MWh,101.6949155367232
2095,NGFS2023REMIND_NZ2050,Global,Power,NuclearCap,price,$/MWh,101.6949155367232
2095,NGFS2023REMIND_LD,Global,Power,NuclearCap,price,$/MWh,101.6949155367232
2095,NGFS2023REMIND_B2DS,Global,Power,NuclearCap,price,$/MWh,101.6949155367232
2095,NGFS2023REMIND_DT,Global,Power,NuclearCap,price,$/MWh,101.6949155367232
2095,NGFS2023MESSAGE_NZ2050,Global,Power,NuclearCap,price,$/MWh,101.6949155367232
2095,NGFS2023MESSAGE_LD,Global,Power,NuclearCap,price,$/MWh,101.6949155367232
2095,NGFS2023MESSAGE_B2DS,Global,Power,NuclearCap,price,$/MWh,101.6949155367232
2095,NGFS2023MESSAGE_DT,Global,Power,NuclearCap,price,$/MWh,101.6949155367232
2096,NGFS2023GCAM_NZ2050,Global,Power,OilCap,price,$/MWh,58.763577810067595
2096,NGFS2023GCAM_LD,Global,Power,OilCap,price,$/MWh,58.763577810067595
2096,NGFS2023GCAM_B2DS,Global,Power,OilCap,price,$/MWh,58.763577810067595
2096,NGFS2023GCAM_DT,Global,Power,OilCap,price,$/MWh,58.763577810067595
2096,NGFS2023REMIND_NZ2050,Global,Power,OilCap,price,$/MWh,58.763577810067595
2096,NGFS2023REMIND_LD,Global,Power,OilCap,price,$/MWh,58.763577810067595
2096,NGFS2023REMIND_B2DS,Global,Power,OilCap,price,$/MWh,58.763577810067595
2096,NGFS2023REMIND_DT,Global,Power,OilCap,price,$/MWh,58.763577810067595
2096,NGFS2023MESSAGE_NZ2050,Global,Power,OilCap,price,$/MWh,58.763577810067595
2096,NGFS2023MESSAGE_LD,Global,Power,OilCap,price,$/MWh,58.763577810067595
2096,NGFS2023MESSAGE_B2DS,Global,Power,OilCap,price,$/MWh,58.763577810067595
2096,NGFS2023MESSAGE_DT,Global,Power,OilCap,price,$/MWh,58.763577810067595
2096,NGFS2023GCAM_NZ2050,Global,Power,CoalCap,price,$/MWh,68.45834805376371
2096,NGFS2023GCAM_LD,Global,Power,CoalCap,price,$/MWh,68.45834805376371
2096,NGFS2023GCAM_B2DS,Global,Power,CoalCap,price,$/MWh,68.45834805376371
2096,NGFS2023GCAM_DT,Global,Power,CoalCap,price,$/MWh,68.45834805376371
2096,NGFS2023REMIND_NZ2050,Global,Power,CoalCap,price,$/MWh,68.45834805376371
2096,NGFS2023REMIND_LD,Global,Power,CoalCap,price,$/MWh,68.45834805376371
2096,NGFS2023REMIND_B2DS,Global,Power,CoalCap,price,$/MWh,68.45834805376371
2096,NGFS2023REMIND_DT,Global,Power,CoalCap,price,$/MWh,68.45834805376371
2096,NGFS2023MESSAGE_NZ2050,Global,Power,CoalCap,price,$/MWh,68.45834805376371
2096,NGFS2023MESSAGE_LD,Global,Power,CoalCap,price,$/MWh,68.45834805376371
2096,NGFS2023MESSAGE_B2DS,Global,Power,CoalCap,price,$/MWh,68.45834805376371
2096,NGFS2023MESSAGE_DT,Global,Power,CoalCap,price,$/MWh,68.45834805376371
2096,NGFS2023GCAM_NZ2050,Global,Power,GasCap,price,$/MWh,58.763577810067595
2096,NGFS2023GCAM_LD,Global,Power,GasCap,price,$/MWh,58.763577810067595
2096,NGFS2023GCAM_B2DS,Global,Power,GasCap,price,$/MWh,58.763577810067595
2096,NGFS2023GCAM_DT,Global,Power,GasCap,price,$/MWh,58.763577810067595
2096,NGFS2023REMIND_NZ2050,Global,Power,GasCap,price,$/MWh,58.763577810067595
2096,NGFS2023REMIND_LD,Global,Power,GasCap,price,$/MWh,58.763577810067595
2096,NGFS2023REMIND_B2DS,Global,Power,GasCap,price,$/MWh,58.763577810067595
2096,NGFS2023REMIND_DT,Global,Power,GasCap,price,$/MWh,58.763577810067595
2096,NGFS2023MESSAGE_NZ2050,Global,Power,GasCap,price,$/MWh,58.763577810067595
2096,NGFS2023MESSAGE_LD,Global,Power,GasCap,price,$/MWh,58.763577810067595
2096,NGFS2023MESSAGE_B2DS,Global,Power,GasCap,price,$/MWh,58.763577810067595
2096,NGFS2023MESSAGE_DT,Global,Power,GasCap,price,$/MWh,58.763577810067595
2096,NGFS2023GCAM_NZ2050,Global,Power,RenewablesCap,price,$/MWh,124.08568697468354
2096,NGFS2023GCAM_LD,Global,Power,RenewablesCap,price,$/MWh,124.08568697468354
2096,NGFS2023GCAM_B2DS,Global,Power,RenewablesCap,price,$/MWh,124.08568697468354
2096,NGFS2023GCAM_DT,Global,Power,RenewablesCap,price,$/MWh,124.08568697468354
2096,NGFS2023REMIND_NZ2050,Global,Power,RenewablesCap,price,$/MWh,124.08568697468354
2096,NGFS2023REMIND_LD,Global,Power,RenewablesCap,price,$/MWh,124.08568697468354
2096,NGFS2023REMIND_B2DS,Global,Power,RenewablesCap,price,$/MWh,124.08568697468354
2096,NGFS2023REMIND_DT,Global,Power,RenewablesCap,price,$/MWh,124.08568697468354
2096,NGFS2023MESSAGE_NZ2050,Global,Power,RenewablesCap,price,$/MWh,124.08568697468354
2096,NGFS2023MESSAGE_LD,Global,Power,RenewablesCap,price,$/MWh,124.08568697468354
2096,NGFS2023MESSAGE_B2DS,Global,Power,RenewablesCap,price,$/MWh,124.08568697468354
2096,NGFS2023MESSAGE_DT,Global,Power,RenewablesCap,price,$/MWh,124.08568697468354
2096,NGFS2023GCAM_NZ2050,Global,Power,HydroCap,price,$/MWh,52.88135607909606
2096,NGFS2023GCAM_LD,Global,Power,HydroCap,price,$/MWh,52.88135607909606
2096,NGFS2023GCAM_B2DS,Global,Power,HydroCap,price,$/MWh,52.88135607909606
2096,NGFS2023GCAM_DT,Global,Power,HydroCap,price,$/MWh,52.88135607909606
2096,NGFS2023REMIND_NZ2050,Global,Power,HydroCap,price,$/MWh,52.88135607909606
2096,NGFS2023REMIND_LD,Global,Power,HydroCap,price,$/MWh,52.88135607909606
2096,NGFS2023REMIND_B2DS,Global,Power,HydroCap,price,$/MWh,52.88135607909606
2096,NGFS2023REMIND_DT,Global,Power,HydroCap,price,$/MWh,52.88135607909606
2096,NGFS2023MESSAGE_NZ2050,Global,Power,HydroCap,price,$/MWh,52.88135607909606
2096,NGFS2023MESSAGE_LD,Global,Power,HydroCap,price,$/MWh,52.88135607909606
2096,NGFS2023MESSAGE_B2DS,Global,Power,HydroCap,price,$/MWh,52.88135607909606
2096,NGFS2023MESSAGE_DT,Global,Power,HydroCap,price,$/MWh,52.88135607909606
2096,NGFS2023GCAM_NZ2050,Global,Power,NuclearCap,price,$/MWh,101.6949155367232
2096,NGFS2023GCAM_LD,Global,Power,NuclearCap,price,$/MWh,101.6949155367232
2096,NGFS2023GCAM_B2DS,Global,Power,NuclearCap,price,$/MWh,101.6949155367232
2096,NGFS2023GCAM_DT,Global,Power,NuclearCap,price,$/MWh,101.6949155367232
2096,NGFS2023REMIND_NZ2050,Global,Power,NuclearCap,price,$/MWh,101.6949155367232
2096,NGFS2023REMIND_LD,Global,Power,NuclearCap,price,$/MWh,101.6949155367232
2096,NGFS2023REMIND_B2DS,Global,Power,NuclearCap,price,$/MWh,101.6949155367232
2096,NGFS2023REMIND_DT,Global,Power,NuclearCap,price,$/MWh,101.6949155367232
2096,NGFS2023MESSAGE_NZ2050,Global,Power,NuclearCap,price,$/MWh,101.6949155367232
2096,NGFS2023MESSAGE_LD,Global,Power,NuclearCap,price,$/MWh,101.6949155367232
2096,NGFS2023MESSAGE_B2DS,Global,Power,NuclearCap,price,$/MWh,101.6949155367232
2096,NGFS2023MESSAGE_DT,Global,Power,NuclearCap,price,$/MWh,101.6949155367232
2097,NGFS2023GCAM_NZ2050,Global,Power,OilCap,price,$/MWh,58.762613719307566
2097,NGFS2023GCAM_LD,Global,Power,OilCap,price,$/MWh,58.762613719307566
2097,NGFS2023GCAM_B2DS,Global,Power,OilCap,price,$/MWh,58.762613719307566
2097,NGFS2023GCAM_DT,Global,Power,OilCap,price,$/MWh,58.762613719307566
2097,NGFS2023REMIND_NZ2050,Global,Power,OilCap,price,$/MWh,58.762613719307566
2097,NGFS2023REMIND_LD,Global,Power,OilCap,price,$/MWh,58.762613719307566
2097,NGFS2023REMIND_B2DS,Global,Power,OilCap,price,$/MWh,58.762613719307566
2097,NGFS2023REMIND_DT,Global,Power,OilCap,price,$/MWh,58.762613719307566
2097,NGFS2023MESSAGE_NZ2050,Global,Power,OilCap,price,$/MWh,58.762613719307566
2097,NGFS2023MESSAGE_LD,Global,Power,OilCap,price,$/MWh,58.762613719307566
2097,NGFS2023MESSAGE_B2DS,Global,Power,OilCap,price,$/MWh,58.762613719307566
2097,NGFS2023MESSAGE_DT,Global,Power,OilCap,price,$/MWh,58.762613719307566
2097,NGFS2023GCAM_NZ2050,Global,Power,CoalCap,price,$/MWh,68.46227457778099
2097,NGFS2023GCAM_LD,Global,Power,CoalCap,price,$/MWh,68.46227457778099
2097,NGFS2023GCAM_B2DS,Global,Power,CoalCap,price,$/MWh,68.46227457778099
2097,NGFS2023GCAM_DT,Global,Power,CoalCap,price,$/MWh,68.46227457778099
2097,NGFS2023REMIND_NZ2050,Global,Power,CoalCap,price,$/MWh,68.46227457778099
2097,NGFS2023REMIND_LD,Global,Power,CoalCap,price,$/MWh,68.46227457778099
2097,NGFS2023REMIND_B2DS,Global,Power,CoalCap,price,$/MWh,68.46227457778099
2097,NGFS2023REMIND_DT,Global,Power,CoalCap,price,$/MWh,68.46227457778099
2097,NGFS2023MESSAGE_NZ2050,Global,Power,CoalCap,price,$/MWh,68.46227457778099
2097,NGFS2023MESSAGE_LD,Global,Power,CoalCap,price,$/MWh,68.46227457778099
2097,NGFS2023MESSAGE_B2DS,Global,Power,CoalCap,price,$/MWh,68.46227457778099
2097,NGFS2023MESSAGE_DT,Global,Power,CoalCap,price,$/MWh,68.46227457778099
2097,NGFS2023GCAM_NZ2050,Global,Power,GasCap,price,$/MWh,58.762613719307566
2097,NGFS2023GCAM_LD,Global,Power,GasCap,price,$/MWh,58.762613719307566
2097,NGFS2023GCAM_B2DS,Global,Power,GasCap,price,$/MWh,58.762613719307566
2097,NGFS2023GCAM_DT,Global,Power,GasCap,price,$/MWh,58.762613719307566
2097,NGFS2023REMIND_NZ2050,Global,Power,GasCap,price,$/MWh,58.762613719307566
2097,NGFS2023REMIND_LD,Global,Power,GasCap,price,$/MWh,58.762613719307566
2097,NGFS2023REMIND_B2DS,Global,Power,GasCap,price,$/MWh,58.762613719307566
2097,NGFS2023REMIND_DT,Global,Power,GasCap,price,$/MWh,58.762613719307566
2097,NGFS2023MESSAGE_NZ2050,Global,Power,GasCap,price,$/MWh,58.762613719307566
2097,NGFS2023MESSAGE_LD,Global,Power,GasCap,price,$/MWh,58.762613719307566
2097,NGFS2023MESSAGE_B2DS,Global,Power,GasCap,price,$/MWh,58.762613719307566
2097,NGFS2023MESSAGE_DT,Global,Power,GasCap,price,$/MWh,58.762613719307566
2097,NGFS2023GCAM_NZ2050,Global,Power,RenewablesCap,price,$/MWh,124.6298843790014
2097,NGFS2023GCAM_LD,Global,Power,RenewablesCap,price,$/MWh,124.6298843790014
2097,NGFS2023GCAM_B2DS,Global,Power,RenewablesCap,price,$/MWh,124.6298843790014
2097,NGFS2023GCAM_DT,Global,Power,RenewablesCap,price,$/MWh,124.6298843790014
2097,NGFS2023REMIND_NZ2050,Global,Power,RenewablesCap,price,$/MWh,124.6298843790014
2097,NGFS2023REMIND_LD,Global,Power,RenewablesCap,price,$/MWh,124.6298843790014
2097,NGFS2023REMIND_B2DS,Global,Power,RenewablesCap,price,$/MWh,124.6298843790014
2097,NGFS2023REMIND_DT,Global,Power,RenewablesCap,price,$/MWh,124.6298843790014
2097,NGFS2023MESSAGE_NZ2050,Global,Power,RenewablesCap,price,$/MWh,124.6298843790014
2097,NGFS2023MESSAGE_LD,Global,Power,RenewablesCap,price,$/MWh,124.6298843790014
2097,NGFS2023MESSAGE_B2DS,Global,Power,RenewablesCap,price,$/MWh,124.6298843790014
2097,NGFS2023MESSAGE_DT,Global,Power,RenewablesCap,price,$/MWh,124.6298843790014
2097,NGFS2023GCAM_NZ2050,Global,Power,HydroCap,price,$/MWh,52.88135607909606
2097,NGFS2023GCAM_LD,Global,Power,HydroCap,price,$/MWh,52.88135607909606
2097,NGFS2023GCAM_B2DS,Global,Power,HydroCap,price,$/MWh,52.88135607909606
2097,NGFS2023GCAM_DT,Global,Power,HydroCap,price,$/MWh,52.88135607909606
2097,NGFS2023REMIND_NZ2050,Global,Power,HydroCap,price,$/MWh,52.88135607909606
2097,NGFS2023REMIND_LD,Global,Power,HydroCap,price,$/MWh,52.88135607909606
2097,NGFS2023REMIND_B2DS,Global,Power,HydroCap,price,$/MWh,52.88135607909606
2097,NGFS2023REMIND_DT,Global,Power,HydroCap,price,$/MWh,52.88135607909606
2097,NGFS2023MESSAGE_NZ2050,Global,Power,HydroCap,price,$/MWh,52.88135607909606
2097,NGFS2023MESSAGE_LD,Global,Power,HydroCap,price,$/MWh,52.88135607909606
2097,NGFS2023MESSAGE_B2DS,Global,Power,HydroCap,price,$/MWh,52.88135607909606
2097,NGFS2023MESSAGE_DT,Global,Power,HydroCap,price,$/MWh,52.88135607909606
2097,NGFS2023GCAM_NZ2050,Global,Power,NuclearCap,price,$/MWh,101.6949155367232
2097,NGFS2023GCAM_LD,Global,Power,NuclearCap,price,$/MWh,101.6949155367232
2097,NGFS2023GCAM_B2DS,Global,Power,NuclearCap,price,$/MWh,101.6949155367232
2097,NGFS2023GCAM_DT,Global,Power,NuclearCap,price,$/MWh,101.6949155367232
2097,NGFS2023REMIND_NZ2050,Global,Power,NuclearCap,price,$/MWh,101.6949155367232
2097,NGFS2023REMIND_LD,Global,Power,NuclearCap,price,$/MWh,101.6949155367232
2097,NGFS2023REMIND_B2DS,Global,Power,NuclearCap,price,$/MWh,101.6949155367232
2097,NGFS2023REMIND_DT,Global,Power,NuclearCap,price,$/MWh,101.6949155367232
2097,NGFS2023MESSAGE_NZ2050,Global,Power,NuclearCap,price,$/MWh,101.6949155367232
2097,NGFS2023MESSAGE_LD,Global,Power,NuclearCap,price,$/MWh,101.6949155367232
2097,NGFS2023MESSAGE_B2DS,Global,Power,NuclearCap,price,$/MWh,101.6949155367232
2097,NGFS2023MESSAGE_DT,Global,Power,NuclearCap,price,$/MWh,101.6949155367232
2098,NGFS2023GCAM_NZ2050,Global,Power,OilCap,price,$/MWh,58.761649628547545
2098,NGFS2023GCAM_LD,Global,Power,OilCap,price,$/MWh,58.761649628547545
2098,NGFS2023GCAM_B2DS,Global,Power,OilCap,price,$/MWh,58.761649628547545
2098,NGFS2023GCAM_DT,Global,Power,OilCap,price,$/MWh,58.761649628547545
2098,NGFS2023REMIND_NZ2050,Global,Power,OilCap,price,$/MWh,58.761649628547545
2098,NGFS2023REMIND_LD,Global,Power,OilCap,price,$/MWh,58.761649628547545
2098,NGFS2023REMIND_B2DS,Global,Power,OilCap,price,$/MWh,58.761649628547545
2098,NGFS2023REMIND_DT,Global,Power,OilCap,price,$/MWh,58.761649628547545
2098,NGFS2023MESSAGE_NZ2050,Global,Power,OilCap,price,$/MWh,58.761649628547545
2098,NGFS2023MESSAGE_LD,Global,Power,OilCap,price,$/MWh,58.761649628547545
2098,NGFS2023MESSAGE_B2DS,Global,Power,OilCap,price,$/MWh,58.761649628547545
2098,NGFS2023MESSAGE_DT,Global,Power,OilCap,price,$/MWh,58.761649628547545
2098,NGFS2023GCAM_NZ2050,Global,Power,CoalCap,price,$/MWh,68.46620110179828
2098,NGFS2023GCAM_LD,Global,Power,CoalCap,price,$/MWh,68.46620110179828
2098,NGFS2023GCAM_B2DS,Global,Power,CoalCap,price,$/MWh,68.46620110179828
2098,NGFS2023GCAM_DT,Global,Power,CoalCap,price,$/MWh,68.46620110179828
2098,NGFS2023REMIND_NZ2050,Global,Power,CoalCap,price,$/MWh,68.46620110179828
2098,NGFS2023REMIND_LD,Global,Power,CoalCap,price,$/MWh,68.46620110179828
2098,NGFS2023REMIND_B2DS,Global,Power,CoalCap,price,$/MWh,68.46620110179828
2098,NGFS2023REMIND_DT,Global,Power,CoalCap,price,$/MWh,68.46620110179828
2098,NGFS2023MESSAGE_NZ2050,Global,Power,CoalCap,price,$/MWh,68.46620110179828
2098,NGFS2023MESSAGE_LD,Global,Power,CoalCap,price,$/MWh,68.46620110179828
2098,NGFS2023MESSAGE_B2DS,Global,Power,CoalCap,price,$/MWh,68.46620110179828
2098,NGFS2023MESSAGE_DT,Global,Power,CoalCap,price,$/MWh,68.46620110179828
2098,NGFS2023GCAM_NZ2050,Global,Power,GasCap,price,$/MWh,58.761649628547545
2098,NGFS2023GCAM_LD,Global,Power,GasCap,price,$/MWh,58.761649628547545
2098,NGFS2023GCAM_B2DS,Global,Power,GasCap,price,$/MWh,58.761649628547545
2098,NGFS2023GCAM_DT,Global,Power,GasCap,price,$/MWh,58.761649628547545
2098,NGFS2023REMIND_NZ2050,Global,Power,GasCap,price,$/MWh,58.761649628547545
2098,NGFS2023REMIND_LD,Global,Power,GasCap,price,$/MWh,58.761649628547545
2098,NGFS2023REMIND_B2DS,Global,Power,GasCap,price,$/MWh,58.761649628547545
2098,NGFS2023REMIND_DT,Global,Power,GasCap,price,$/MWh,58.761649628547545
2098,NGFS2023MESSAGE_NZ2050,Global,Power,GasCap,price,$/MWh,58.761649628547545
2098,NGFS2023MESSAGE_LD,Global,Power,GasCap,price,$/MWh,58.761649628547545
2098,NGFS2023MESSAGE_B2DS,Global,Power,GasCap,price,$/MWh,58.761649628547545
2098,NGFS2023MESSAGE_DT,Global,Power,GasCap,price,$/MWh,58.761649628547545
2098,NGFS2023GCAM_NZ2050,Global,Power,RenewablesCap,price,$/MWh,125.17408178331902
2098,NGFS2023GCAM_LD,Global,Power,RenewablesCap,price,$/MWh,125.17408178331902
2098,NGFS2023GCAM_B2DS,Global,Power,RenewablesCap,price,$/MWh,125.17408178331902
2098,NGFS2023GCAM_DT,Global,Power,RenewablesCap,price,$/MWh,125.17408178331902
2098,NGFS2023REMIND_NZ2050,Global,Power,RenewablesCap,price,$/MWh,125.17408178331902
2098,NGFS2023REMIND_LD,Global,Power,RenewablesCap,price,$/MWh,125.17408178331902
2098,NGFS2023REMIND_B2DS,Global,Power,RenewablesCap,price,$/MWh,125.17408178331902
2098,NGFS2023REMIND_DT,Global,Power,RenewablesCap,price,$/MWh,125.17408178331902
2098,NGFS2023MESSAGE_NZ2050,Global,Power,RenewablesCap,price,$/MWh,125.17408178331902
2098,NGFS2023MESSAGE_LD,Global,Power,RenewablesCap,price,$/MWh,125.17408178331902
2098,NGFS2023MESSAGE_B2DS,Global,Power,RenewablesCap,price,$/MWh,125.17408178331902
2098,NGFS2023MESSAGE_DT,Global,Power,RenewablesCap,price,$/MWh,125.17408178331902
2098,NGFS2023GCAM_NZ2050,Global,Power,HydroCap,price,$/MWh,52.88135607909606
2098,NGFS2023GCAM_LD,Global,Power,HydroCap,price,$/MWh,52.88135607909606
2098,NGFS2023GCAM_B2DS,Global,Power,HydroCap,price,$/MWh,52.88135607909606
2098,NGFS2023GCAM_DT,Global,Power,HydroCap,price,$/MWh,52.88135607909606
2098,NGFS2023REMIND_NZ2050,Global,Power,HydroCap,price,$/MWh,52.88135607909606
2098,NGFS2023REMIND_LD,Global,Power,HydroCap,price,$/MWh,52.88135607909606
2098,NGFS2023REMIND_B2DS,Global,Power,HydroCap,price,$/MWh,52.88135607909606
2098,NGFS2023REMIND_DT,Global,Power,HydroCap,price,$/MWh,52.88135607909606
2098,NGFS2023MESSAGE_NZ2050,Global,Power,HydroCap,price,$/MWh,52.88135607909606
2098,NGFS2023MESSAGE_LD,Global,Power,HydroCap,price,$/MWh,52.88135607909606
2098,NGFS2023MESSAGE_B2DS,Global,Power,HydroCap,price,$/MWh,52.88135607909606
2098,NGFS2023MESSAGE_DT,Global,Power,HydroCap,price,$/MWh,52.88135607909606
2098,NGFS2023GCAM_NZ2050,Global,Power,NuclearCap,price,$/MWh,101.6949155367232
2098,NGFS2023GCAM_LD,Global,Power,NuclearCap,price,$/MWh,101.6949155367232
2098,NGFS2023GCAM_B2DS,Global,Power,NuclearCap,price,$/MWh,101.6949155367232
2098,NGFS2023GCAM_DT,Global,Power,NuclearCap,price,$/MWh,101.6949155367232
2098,NGFS2023REMIND_NZ2050,Global,Power,NuclearCap,price,$/MWh,101.6949155367232
2098,NGFS2023REMIND_LD,Global,Power,NuclearCap,price,$/MWh,101.6949155367232
2098,NGFS2023REMIND_B2DS,Global,Power,NuclearCap,price,$/MWh,101.6949155367232
2098,NGFS2023REMIND_DT,Global,Power,NuclearCap,price,$/MWh,101.6949155367232
2098,NGFS2023MESSAGE_NZ2050,Global,Power,NuclearCap,price,$/MWh,101.6949155367232
2098,NGFS2023MESSAGE_LD,Global,Power,NuclearCap,price,$/MWh,101.6949155367232
2098,NGFS2023MESSAGE_B2DS,Global,Power,NuclearCap,price,$/MWh,101.6949155367232
2098,NGFS2023MESSAGE_DT,Global,Power,NuclearCap,price,$/MWh,101.6949155367232
2099,NGFS2023GCAM_NZ2050,Global,Power,OilCap,price,$/MWh,58.76068553778752
2099,NGFS2023GCAM_LD,Global,Power,OilCap,price,$/MWh,58.76068553778752
2099,NGFS2023GCAM_B2DS,Global,Power,OilCap,price,$/MWh,58.76068553778752
2099,NGFS2023GCAM_DT,Global,Power,OilCap,price,$/MWh,58.76068553778752
2099,NGFS2023REMIND_NZ2050,Global,Power,OilCap,price,$/MWh,58.76068553778752
2099,NGFS2023REMIND_LD,Global,Power,OilCap,price,$/MWh,58.76068553778752
2099,NGFS2023REMIND_B2DS,Global,Power,OilCap,price,$/MWh,58.76068553778752
2099,NGFS2023REMIND_DT,Global,Power,OilCap,price,$/MWh,58.76068553778752
2099,NGFS2023MESSAGE_NZ2050,Global,Power,OilCap,price,$/MWh,58.76068553778752
2099,NGFS2023MESSAGE_LD,Global,Power,OilCap,price,$/MWh,58.76068553778752
2099,NGFS2023MESSAGE_B2DS,Global,Power,OilCap,price,$/MWh,58.76068553778752
2099,NGFS2023MESSAGE_DT,Global,Power,OilCap,price,$/MWh,58.76068553778752
2099,NGFS2023GCAM_NZ2050,Global,Power,CoalCap,price,$/MWh,68.47012762581556
2099,NGFS2023GCAM_LD,Global,Power,CoalCap,price,$/MWh,68.47012762581556
2099,NGFS2023GCAM_B2DS,Global,Power,CoalCap,price,$/MWh,68.47012762581556
2099,NGFS2023GCAM_DT,Global,Power,CoalCap,price,$/MWh,68.47012762581556
2099,NGFS2023REMIND_NZ2050,Global,Power,CoalCap,price,$/MWh,68.47012762581556
2099,NGFS2023REMIND_LD,Global,Power,CoalCap,price,$/MWh,68.47012762581556
2099,NGFS2023REMIND_B2DS,Global,Power,CoalCap,price,$/MWh,68.47012762581556
2099,NGFS2023REMIND_DT,Global,Power,CoalCap,price,$/MWh,68.47012762581556
2099,NGFS2023MESSAGE_NZ2050,Global,Power,CoalCap,price,$/MWh,68.47012762581556
2099,NGFS2023MESSAGE_LD,Global,Power,CoalCap,price,$/MWh,68.47012762581556
2099,NGFS2023MESSAGE_B2DS,Global,Power,CoalCap,price,$/MWh,68.47012762581556
2099,NGFS2023MESSAGE_DT,Global,Power,CoalCap,price,$/MWh,68.47012762581556
2099,NGFS2023GCAM_NZ2050,Global,Power,GasCap,price,$/MWh,58.76068553778752
2099,NGFS2023GCAM_LD,Global,Power,GasCap,price,$/MWh,58.76068553778752
2099,NGFS2023GCAM_B2DS,Global,Power,GasCap,price,$/MWh,58.76068553778752
2099,NGFS2023GCAM_DT,Global,Power,GasCap,price,$/MWh,58.76068553778752
2099,NGFS2023REMIND_NZ2050,Global,Power,GasCap,price,$/MWh,58.76068553778752
2099,NGFS2023REMIND_LD,Global,Power,GasCap,price,$/MWh,58.76068553778752
2099,NGFS2023REMIND_B2DS,Global,Power,GasCap,price,$/MWh,58.76068553778752
2099,NGFS2023REMIND_DT,Global,Power,GasCap,price,$/MWh,58.76068553778752
2099,NGFS2023MESSAGE_NZ2050,Global,Power,GasCap,price,$/MWh,58.76068553778752
2099,NGFS2023MESSAGE_LD,Global,Power,GasCap,price,$/MWh,58.76068553778752
2099,NGFS2023MESSAGE_B2DS,Global,Power,GasCap,price,$/MWh,58.76068553778752
2099,NGFS2023MESSAGE_DT,Global,Power,GasCap,price,$/MWh,58.76068553778752
2099,NGFS2023GCAM_NZ2050,Global,Power,RenewablesCap,price,$/MWh,125.71827918763688
2099,NGFS2023GCAM_LD,Global,Power,RenewablesCap,price,$/MWh,125.71827918763688
2099,NGFS2023GCAM_B2DS,Global,Power,RenewablesCap,price,$/MWh,125.71827918763688
2099,NGFS2023GCAM_DT,Global,Power,RenewablesCap,price,$/MWh,125.71827918763688
2099,NGFS2023REMIND_NZ2050,Global,Power,RenewablesCap,price,$/MWh,125.71827918763688
2099,NGFS2023REMIND_LD,Global,Power,RenewablesCap,price,$/MWh,125.71827918763688
2099,NGFS2023REMIND_B2DS,Global,Power,RenewablesCap,price,$/MWh,125.71827918763688
2099,NGFS2023REMIND_DT,Global,Power,RenewablesCap,price,$/MWh,125.71827918763688
2099,NGFS2023MESSAGE_NZ2050,Global,Power,RenewablesCap,price,$/MWh,125.71827918763688
2099,NGFS2023MESSAGE_LD,Global,Power,RenewablesCap,price,$/MWh,125.71827918763688
2099,NGFS2023MESSAGE_B2DS,Global,Power,RenewablesCap,price,$/MWh,125.71827918763688
2099,NGFS2023MESSAGE_DT,Global,Power,RenewablesCap,price,$/MWh,125.71827918763688
2099,NGFS2023GCAM_NZ2050,Global,Power,HydroCap,price,$/MWh,52.88135607909606
2099,NGFS2023GCAM_LD,Global,Power,HydroCap,price,$/MWh,52.88135607909606
2099,NGFS2023GCAM_B2DS,Global,Power,HydroCap,price,$/MWh,52.88135607909606
2099,NGFS2023GCAM_DT,Global,Power,HydroCap,price,$/MWh,52.88135607909606
2099,NGFS2023REMIND_NZ2050,Global,Power,HydroCap,price,$/MWh,52.88135607909606
2099,NGFS2023REMIND_LD,Global,Power,HydroCap,price,$/MWh,52.88135607909606
2099,NGFS2023REMIND_B2DS,Global,Power,HydroCap,price,$/MWh,52.88135607909606
2099,NGFS2023REMIND_DT,Global,Power,HydroCap,price,$/MWh,52.88135607909606
2099,NGFS2023MESSAGE_NZ2050,Global,Power,HydroCap,price,$/MWh,52.88135607909606
2099,NGFS2023MESSAGE_LD,Global,Power,HydroCap,price,$/MWh,52.88135607909606
2099,NGFS2023MESSAGE_B2DS,Global,Power,HydroCap,price,$/MWh,52.88135607909606
2099,NGFS2023MESSAGE_DT,Global,Power,HydroCap,price,$/MWh,52.88135607909606
2099,NGFS2023GCAM_NZ2050,Global,Power,NuclearCap,price,$/MWh,101.6949155367232
2099,NGFS2023GCAM_LD,Global,Power,NuclearCap,price,$/MWh,101.6949155367232
2099,NGFS2023GCAM_B2DS,Global,Power,NuclearCap,price,$/MWh,101.6949155367232
2099,NGFS2023GCAM_DT,Global,Power,NuclearCap,price,$/MWh,101.6949155367232
2099,NGFS2023REMIND_NZ2050,Global,Power,NuclearCap,price,$/MWh,101.6949155367232
2099,NGFS2023REMIND_LD,Global,Power,NuclearCap,price,$/MWh,101.6949155367232
2099,NGFS2023REMIND_B2DS,Global,Power,NuclearCap,price,$/MWh,101.6949155367232
2099,NGFS2023REMIND_DT,Global,Power,NuclearCap,price,$/MWh,101.6949155367232
2099,NGFS2023MESSAGE_NZ2050,Global,Power,NuclearCap,price,$/MWh,101.6949155367232
2099,NGFS2023MESSAGE_LD,Global,Power,NuclearCap,price,$/MWh,101.6949155367232
2099,NGFS2023MESSAGE_B2DS,Global,Power,NuclearCap,price,$/MWh,101.6949155367232
2099,NGFS2023MESSAGE_DT,Global,Power,NuclearCap,price,$/MWh,101.6949155367232
2100,NGFS2023GCAM_NZ2050,Global,Power,OilCap,price,$/MWh,58.75972144702749
2100,NGFS2023GCAM_LD,Global,Power,OilCap,price,$/MWh,58.75972144702749
2100,NGFS2023GCAM_B2DS,Global,Power,OilCap,price,$/MWh,58.75972144702749
2100,NGFS2023GCAM_DT,Global,Power,OilCap,price,$/MWh,58.75972144702749
2100,NGFS2023REMIND_NZ2050,Global,Power,OilCap,price,$/MWh,58.75972144702749
2100,NGFS2023REMIND_LD,Global,Power,OilCap,price,$/MWh,58.75972144702749
2100,NGFS2023REMIND_B2DS,Global,Power,OilCap,price,$/MWh,58.75972144702749
2100,NGFS2023REMIND_DT,Global,Power,OilCap,price,$/MWh,58.75972144702749
2100,NGFS2023MESSAGE_NZ2050,Global,Power,OilCap,price,$/MWh,58.75972144702749
2100,NGFS2023MESSAGE_LD,Global,Power,OilCap,price,$/MWh,58.75972144702749
2100,NGFS2023MESSAGE_B2DS,Global,Power,OilCap,price,$/MWh,58.75972144702749
2100,NGFS2023MESSAGE_DT,Global,Power,OilCap,price,$/MWh,58.75972144702749
2100,NGFS2023GCAM_NZ2050,Global,Power,CoalCap,price,$/MWh,68.47405414983285
2100,NGFS2023GCAM_LD,Global,Power,CoalCap,price,$/MWh,68.47405414983285
2100,NGFS2023GCAM_B2DS,Global,Power,CoalCap,price,$/MWh,68.47405414983285
2100,NGFS2023GCAM_DT,Global,Power,CoalCap,price,$/MWh,68.47405414983285
2100,NGFS2023REMIND_NZ2050,Global,Power,CoalCap,price,$/MWh,68.47405414983285
2100,NGFS2023REMIND_LD,Global,Power,CoalCap,price,$/MWh,68.47405414983285
2100,NGFS2023REMIND_B2DS,Global,Power,CoalCap,price,$/MWh,68.47405414983285
2100,NGFS2023REMIND_DT,Global,Power,CoalCap,price,$/MWh,68.47405414983285
2100,NGFS2023MESSAGE_NZ2050,Global,Power,CoalCap,price,$/MWh,68.47405414983285
2100,NGFS2023MESSAGE_LD,Global,Power,CoalCap,price,$/MWh,68.47405414983285
2100,NGFS2023MESSAGE_B2DS,Global,Power,CoalCap,price,$/MWh,68.47405414983285
2100,NGFS2023MESSAGE_DT,Global,Power,CoalCap,price,$/MWh,68.47405414983285
2100,NGFS2023GCAM_NZ2050,Global,Power,GasCap,price,$/MWh,58.75972144702749
2100,NGFS2023GCAM_LD,Global,Power,GasCap,price,$/MWh,58.75972144702749
2100,NGFS2023GCAM_B2DS,Global,Power,GasCap,price,$/MWh,58.75972144702749
2100,NGFS2023GCAM_DT,Global,Power,GasCap,price,$/MWh,58.75972144702749
2100,NGFS2023REMIND_NZ2050,Global,Power,GasCap,price,$/MWh,58.75972144702749
2100,NGFS2023REMIND_LD,Global,Power,GasCap,price,$/MWh,58.75972144702749
2100,NGFS2023REMIND_B2DS,Global,Power,GasCap,price,$/MWh,58.75972144702749
2100,NGFS2023REMIND_DT,Global,Power,GasCap,price,$/MWh,58.75972144702749
2100,NGFS2023MESSAGE_NZ2050,Global,Power,GasCap,price,$/MWh,58.75972144702749
2100,NGFS2023MESSAGE_LD,Global,Power,GasCap,price,$/MWh,58.75972144702749
2100,NGFS2023MESSAGE_B2DS,Global,Power,GasCap,price,$/MWh,58.75972144702749
2100,NGFS2023MESSAGE_DT,Global,Power,GasCap,price,$/MWh,58.75972144702749
2100,NGFS2023GCAM_NZ2050,Global,Power,RenewablesCap,price,$/MWh,126.26247659195474
2100,NGFS2023GCAM_LD,Global,Power,RenewablesCap,price,$/MWh,126.26247659195474
2100,NGFS2023GCAM_B2DS,Global,Power,RenewablesCap,price,$/MWh,126.26247659195474
2100,NGFS2023GCAM_DT,Global,Power,RenewablesCap,price,$/MWh,126.26247659195474
2100,NGFS2023REMIND_NZ2050,Global,Power,RenewablesCap,price,$/MWh,126.26247659195474
2100,NGFS2023REMIND_LD,Global,Power,RenewablesCap,price,$/MWh,126.26247659195474
2100,NGFS2023REMIND_B2DS,Global,Power,RenewablesCap,price,$/MWh,126.26247659195474
2100,NGFS2023REMIND_DT,Global,Power,RenewablesCap,price,$/MWh,126.26247659195474
2100,NGFS2023MESSAGE_NZ2050,Global,Power,RenewablesCap,price,$/MWh,126.26247659195474
2100,NGFS2023MESSAGE_LD,Global,Power,RenewablesCap,price,$/MWh,126.26247659195474
2100,NGFS2023MESSAGE_B2DS,Global,Power,RenewablesCap,price,$/MWh,126.26247659195474
2100,NGFS2023MESSAGE_DT,Global,Power,RenewablesCap,price,$/MWh,126.26247659195474
2100,NGFS2023GCAM_NZ2050,Global,Power,HydroCap,price,$/MWh,52.88135607909606
2100,NGFS2023GCAM_LD,Global,Power,HydroCap,price,$/MWh,52.88135607909606
2100,NGFS2023GCAM_B2DS,Global,Power,HydroCap,price,$/MWh,52.88135607909606
2100,NGFS2023GCAM_DT,Global,Power,HydroCap,price,$/MWh,52.88135607909606
2100,NGFS2023REMIND_NZ2050,Global,Power,HydroCap,price,$/MWh,52.88135607909606
2100,NGFS2023REMIND_LD,Global,Power,HydroCap,price,$/MWh,52.88135607909606
2100,NGFS2023REMIND_B2DS,Global,Power,HydroCap,price,$/MWh,52.88135607909606
2100,NGFS2023REMIND_DT,Global,Power,HydroCap,price,$/MWh,52.88135607909606
2100,NGFS2023MESSAGE_NZ2050,Global,Power,HydroCap,price,$/MWh,52.88135607909606
2100,NGFS2023MESSAGE_LD,Global,Power,HydroCap,price,$/MWh,52.88135607909606
2100,NGFS2023MESSAGE_B2DS,Global,Power,HydroCap,price,$/MWh,52.88135607909606
2100,NGFS2023MESSAGE_DT,Global,Power,HydroCap,price,$/MWh,52.88135607909606
2100,NGFS2023GCAM_NZ2050,Global,Power,NuclearCap,price,$/MWh,101.6949155367232
2100,NGFS2023GCAM_LD,Global,Power,NuclearCap,price,$/MWh,101.6949155367232
2100,NGFS2023GCAM_B2DS,Global,Power,NuclearCap,price,$/MWh,101.6949155367232
2100,NGFS2023GCAM_DT,Global,Power,NuclearCap,price,$/MWh,101.6949155367232
2100,NGFS2023REMIND_NZ2050,Global,Power,NuclearCap,price,$/MWh,101.6949155367232
2100,NGFS2023REMIND_LD,Global,Power,NuclearCap,price,$/MWh,101.6949155367232
2100,NGFS2023REMIND_B2DS,Global,Power,NuclearCap,price,$/MWh,101.6949155367232
2100,NGFS2023REMIND_DT,Global,Power,NuclearCap,price,$/MWh,101.6949155367232
2100,NGFS2023MESSAGE_NZ2050,Global,Power,NuclearCap,price,$/MWh,101.6949155367232
2100,NGFS2023MESSAGE_LD,Global,Power,NuclearCap,price,$/MWh,101.6949155367232
2100,NGFS2023MESSAGE_B2DS,Global,Power,NuclearCap,price,$/MWh,101.6949155367232
2100,NGFS2023MESSAGE_DT,Global,Power,NuclearCap,price,$/MWh,101.6949155367232
2022,NGFS2023GCAM_NDC,Global,Power,CoalCap,price,$/MWh,67.55714270056497
2022,NGFS2023GCAM_FW,Global,Power,CoalCap,price,$/MWh,67.55714270056497
2022,NGFS2023GCAM_CP,Global,Power,CoalCap,price,$/MWh,67.55714270056497
2022,NGFS2023REMIND_NDC,Global,Power,CoalCap,price,$/MWh,67.55714270056497
2022,NGFS2023REMIND_FW,Global,Power,CoalCap,price,$/MWh,67.55714270056497
2022,NGFS2023REMIND_CP,Global,Power,CoalCap,price,$/MWh,67.55714270056497
2022,NGFS2023MESSAGE_NDC,Global,Power,CoalCap,price,$/MWh,67.55714270056497
2022,NGFS2023MESSAGE_FW,Global,Power,CoalCap,price,$/MWh,67.55714270056497
2022,NGFS2023MESSAGE_CP,Global,Power,CoalCap,price,$/MWh,67.55714270056497
2023,NGFS2023GCAM_NDC,Global,Power,CoalCap,price,$/MWh,67.61631631615985
2023,NGFS2023GCAM_FW,Global,Power,CoalCap,price,$/MWh,67.61631631615985
2023,NGFS2023GCAM_CP,Global,Power,CoalCap,price,$/MWh,67.61631631615985
2023,NGFS2023REMIND_NDC,Global,Power,CoalCap,price,$/MWh,67.61631631615985
2023,NGFS2023REMIND_FW,Global,Power,CoalCap,price,$/MWh,67.61631631615985
2023,NGFS2023REMIND_CP,Global,Power,CoalCap,price,$/MWh,67.61631631615985
2023,NGFS2023MESSAGE_NDC,Global,Power,CoalCap,price,$/MWh,67.61631631615985
2023,NGFS2023MESSAGE_FW,Global,Power,CoalCap,price,$/MWh,67.61631631615985
2023,NGFS2023MESSAGE_CP,Global,Power,CoalCap,price,$/MWh,67.61631631615985
2024,NGFS2023GCAM_NDC,Global,Power,CoalCap,price,$/MWh,67.67118695247022
2024,NGFS2023GCAM_FW,Global,Power,CoalCap,price,$/MWh,67.67118695247022
2024,NGFS2023GCAM_CP,Global,Power,CoalCap,price,$/MWh,67.67118695247022
2024,NGFS2023REMIND_NDC,Global,Power,CoalCap,price,$/MWh,67.67118695247022
2024,NGFS2023REMIND_FW,Global,Power,CoalCap,price,$/MWh,67.67118695247022
2024,NGFS2023REMIND_CP,Global,Power,CoalCap,price,$/MWh,67.67118695247022
2024,NGFS2023MESSAGE_NDC,Global,Power,CoalCap,price,$/MWh,67.67118695247022
2024,NGFS2023MESSAGE_FW,Global,Power,CoalCap,price,$/MWh,67.67118695247022
2024,NGFS2023MESSAGE_CP,Global,Power,CoalCap,price,$/MWh,67.67118695247022
2025,NGFS2023GCAM_NDC,Global,Power,CoalCap,price,$/MWh,67.72206435225557
2025,NGFS2023GCAM_FW,Global,Power,CoalCap,price,$/MWh,67.72206435225557
2025,NGFS2023GCAM_CP,Global,Power,CoalCap,price,$/MWh,67.72206435225557
2025,NGFS2023REMIND_NDC,Global,Power,CoalCap,price,$/MWh,67.72206435225557
2025,NGFS2023REMIND_FW,Global,Power,CoalCap,price,$/MWh,67.72206435225557
2025,NGFS2023REMIND_CP,Global,Power,CoalCap,price,$/MWh,67.72206435225557
2025,NGFS2023MESSAGE_NDC,Global,Power,CoalCap,price,$/MWh,67.72206435225557
2025,NGFS2023MESSAGE_FW,Global,Power,CoalCap,price,$/MWh,67.72206435225557
2025,NGFS2023MESSAGE_CP,Global,Power,CoalCap,price,$/MWh,67.72206435225557
2026,NGFS2023GCAM_NDC,Global,Power,CoalCap,price,$/MWh,67.7692364223423
2026,NGFS2023GCAM_FW,Global,Power,CoalCap,price,$/MWh,67.7692364223423
2026,NGFS2023GCAM_CP,Global,Power,CoalCap,price,$/MWh,67.7692364223423
2026,NGFS2023REMIND_NDC,Global,Power,CoalCap,price,$/MWh,67.7692364223423
2026,NGFS2023REMIND_FW,Global,Power,CoalCap,price,$/MWh,67.7692364223423
2026,NGFS2023REMIND_CP,Global,Power,CoalCap,price,$/MWh,67.7692364223423
2026,NGFS2023MESSAGE_NDC,Global,Power,CoalCap,price,$/MWh,67.7692364223423
2026,NGFS2023MESSAGE_FW,Global,Power,CoalCap,price,$/MWh,67.7692364223423
2026,NGFS2023MESSAGE_CP,Global,Power,CoalCap,price,$/MWh,67.7692364223423
2027,NGFS2023GCAM_NDC,Global,Power,CoalCap,price,$/MWh,67.81297068378626
2027,NGFS2023GCAM_FW,Global,Power,CoalCap,price,$/MWh,67.81297068378626
2027,NGFS2023GCAM_CP,Global,Power,CoalCap,price,$/MWh,67.81297068378626
2027,NGFS2023REMIND_NDC,Global,Power,CoalCap,price,$/MWh,67.81297068378626
2027,NGFS2023REMIND_FW,Global,Power,CoalCap,price,$/MWh,67.81297068378626
2027,NGFS2023REMIND_CP,Global,Power,CoalCap,price,$/MWh,67.81297068378626
2027,NGFS2023MESSAGE_NDC,Global,Power,CoalCap,price,$/MWh,67.81297068378626
2027,NGFS2023MESSAGE_FW,Global,Power,CoalCap,price,$/MWh,67.81297068378626
2027,NGFS2023MESSAGE_CP,Global,Power,CoalCap,price,$/MWh,67.81297068378626
2028,NGFS2023GCAM_NDC,Global,Power,CoalCap,price,$/MWh,67.8535156949254
2028,NGFS2023GCAM_FW,Global,Power,CoalCap,price,$/MWh,67.8535156949254
2028,NGFS2023GCAM_CP,Global,Power,CoalCap,price,$/MWh,67.8535156949254
2028,NGFS2023REMIND_NDC,Global,Power,CoalCap,price,$/MWh,67.8535156949254
2028,NGFS2023REMIND_FW,Global,Power,CoalCap,price,$/MWh,67.8535156949254
2028,NGFS2023REMIND_CP,Global,Power,CoalCap,price,$/MWh,67.8535156949254
2028,NGFS2023MESSAGE_NDC,Global,Power,CoalCap,price,$/MWh,67.8535156949254
2028,NGFS2023MESSAGE_FW,Global,Power,CoalCap,price,$/MWh,67.8535156949254
2028,NGFS2023MESSAGE_CP,Global,Power,CoalCap,price,$/MWh,67.8535156949254
2029,NGFS2023GCAM_NDC,Global,Power,CoalCap,price,$/MWh,67.89110228865361
2029,NGFS2023GCAM_FW,Global,Power,CoalCap,price,$/MWh,67.89110228865361
2029,NGFS2023GCAM_CP,Global,Power,CoalCap,price,$/MWh,67.89110228865361
2029,NGFS2023REMIND_NDC,Global,Power,CoalCap,price,$/MWh,67.89110228865361
2029,NGFS2023REMIND_FW,Global,Power,CoalCap,price,$/MWh,67.89110228865361
2029,NGFS2023REMIND_CP,Global,Power,CoalCap,price,$/MWh,67.89110228865361
2029,NGFS2023MESSAGE_NDC,Global,Power,CoalCap,price,$/MWh,67.89110228865361
2029,NGFS2023MESSAGE_FW,Global,Power,CoalCap,price,$/MWh,67.89110228865361
2029,NGFS2023MESSAGE_CP,Global,Power,CoalCap,price,$/MWh,67.89110228865361
2030,NGFS2023GCAM_NDC,Global,Power,CoalCap,price,$/MWh,67.92594486511082
2030,NGFS2023GCAM_FW,Global,Power,CoalCap,price,$/MWh,67.92594486511082
2030,NGFS2023GCAM_CP,Global,Power,CoalCap,price,$/MWh,67.92594486511082
2030,NGFS2023REMIND_NDC,Global,Power,CoalCap,price,$/MWh,67.92594486511082
2030,NGFS2023REMIND_FW,Global,Power,CoalCap,price,$/MWh,67.92594486511082
2030,NGFS2023REMIND_CP,Global,Power,CoalCap,price,$/MWh,67.92594486511082
2030,NGFS2023MESSAGE_NDC,Global,Power,CoalCap,price,$/MWh,67.92594486511082
2030,NGFS2023MESSAGE_FW,Global,Power,CoalCap,price,$/MWh,67.92594486511082
2030,NGFS2023MESSAGE_CP,Global,Power,CoalCap,price,$/MWh,67.92594486511082
2031,NGFS2023GCAM_NDC,Global,Power,CoalCap,price,$/MWh,67.9582424812491
2031,NGFS2023GCAM_FW,Global,Power,CoalCap,price,$/MWh,67.9582424812491
2031,NGFS2023GCAM_CP,Global,Power,CoalCap,price,$/MWh,67.9582424812491
2031,NGFS2023REMIND_NDC,Global,Power,CoalCap,price,$/MWh,67.9582424812491
2031,NGFS2023REMIND_FW,Global,Power,CoalCap,price,$/MWh,67.9582424812491
2031,NGFS2023REMIND_CP,Global,Power,CoalCap,price,$/MWh,67.9582424812491
2031,NGFS2023MESSAGE_NDC,Global,Power,CoalCap,price,$/MWh,67.9582424812491
2031,NGFS2023MESSAGE_FW,Global,Power,CoalCap,price,$/MWh,67.9582424812491
2031,NGFS2023MESSAGE_CP,Global,Power,CoalCap,price,$/MWh,67.9582424812491
2032,NGFS2023GCAM_NDC,Global,Power,CoalCap,price,$/MWh,67.98817994693802
2032,NGFS2023GCAM_FW,Global,Power,CoalCap,price,$/MWh,67.98817994693802
2032,NGFS2023GCAM_CP,Global,Power,CoalCap,price,$/MWh,67.98817994693802
2032,NGFS2023REMIND_NDC,Global,Power,CoalCap,price,$/MWh,67.98817994693802
2032,NGFS2023REMIND_FW,Global,Power,CoalCap,price,$/MWh,67.98817994693802
2032,NGFS2023REMIND_CP,Global,Power,CoalCap,price,$/MWh,67.98817994693802
2032,NGFS2023MESSAGE_NDC,Global,Power,CoalCap,price,$/MWh,67.98817994693802
2032,NGFS2023MESSAGE_FW,Global,Power,CoalCap,price,$/MWh,67.98817994693802
2032,NGFS2023MESSAGE_CP,Global,Power,CoalCap,price,$/MWh,67.98817994693802
2033,NGFS2023GCAM_NDC,Global,Power,CoalCap,price,$/MWh,68.01592878479353
2033,NGFS2023GCAM_FW,Global,Power,CoalCap,price,$/MWh,68.01592878479353
2033,NGFS2023GCAM_CP,Global,Power,CoalCap,price,$/MWh,68.01592878479353
2033,NGFS2023REMIND_NDC,Global,Power,CoalCap,price,$/MWh,68.01592878479353
2033,NGFS2023REMIND_FW,Global,Power,CoalCap,price,$/MWh,68.01592878479353
2033,NGFS2023REMIND_CP,Global,Power,CoalCap,price,$/MWh,68.01592878479353
2033,NGFS2023MESSAGE_NDC,Global,Power,CoalCap,price,$/MWh,68.01592878479353
2033,NGFS2023MESSAGE_FW,Global,Power,CoalCap,price,$/MWh,68.01592878479353
2033,NGFS2023MESSAGE_CP,Global,Power,CoalCap,price,$/MWh,68.01592878479353
2034,NGFS2023GCAM_NDC,Global,Power,CoalCap,price,$/MWh,68.04164820873153
2034,NGFS2023GCAM_FW,Global,Power,CoalCap,price,$/MWh,68.04164820873153
2034,NGFS2023GCAM_CP,Global,Power,CoalCap,price,$/MWh,68.04164820873153
2034,NGFS2023REMIND_NDC,Global,Power,CoalCap,price,$/MWh,68.04164820873153
2034,NGFS2023REMIND_FW,Global,Power,CoalCap,price,$/MWh,68.04164820873153
2034,NGFS2023REMIND_CP,Global,Power,CoalCap,price,$/MWh,68.04164820873153
2034,NGFS2023MESSAGE_NDC,Global,Power,CoalCap,price,$/MWh,68.04164820873153
2034,NGFS2023MESSAGE_FW,Global,Power,CoalCap,price,$/MWh,68.04164820873153
2034,NGFS2023MESSAGE_CP,Global,Power,CoalCap,price,$/MWh,68.04164820873153
2035,NGFS2023GCAM_NDC,Global,Power,CoalCap,price,$/MWh,68.06548593382571
2035,NGFS2023GCAM_FW,Global,Power,CoalCap,price,$/MWh,68.06548593382571
2035,NGFS2023GCAM_CP,Global,Power,CoalCap,price,$/MWh,68.06548593382571
2035,NGFS2023REMIND_NDC,Global,Power,CoalCap,price,$/MWh,68.06548593382571
2035,NGFS2023REMIND_FW,Global,Power,CoalCap,price,$/MWh,68.06548593382571
2035,NGFS2023REMIND_CP,Global,Power,CoalCap,price,$/MWh,68.06548593382571
2035,NGFS2023MESSAGE_NDC,Global,Power,CoalCap,price,$/MWh,68.06548593382571
2035,NGFS2023MESSAGE_FW,Global,Power,CoalCap,price,$/MWh,68.06548593382571
2035,NGFS2023MESSAGE_CP,Global,Power,CoalCap,price,$/MWh,68.06548593382571
2036,NGFS2023GCAM_NDC,Global,Power,CoalCap,price,$/MWh,68.08757905421642
2036,NGFS2023GCAM_FW,Global,Power,CoalCap,price,$/MWh,68.08757905421642
2036,NGFS2023GCAM_CP,Global,Power,CoalCap,price,$/MWh,68.08757905421642
2036,NGFS2023REMIND_NDC,Global,Power,CoalCap,price,$/MWh,68.08757905421642
2036,NGFS2023REMIND_FW,Global,Power,CoalCap,price,$/MWh,68.08757905421642
2036,NGFS2023REMIND_CP,Global,Power,CoalCap,price,$/MWh,68.08757905421642
2036,NGFS2023MESSAGE_NDC,Global,Power,CoalCap,price,$/MWh,68.08757905421642
2036,NGFS2023MESSAGE_FW,Global,Power,CoalCap,price,$/MWh,68.08757905421642
2036,NGFS2023MESSAGE_CP,Global,Power,CoalCap,price,$/MWh,68.08757905421642
2037,NGFS2023GCAM_NDC,Global,Power,CoalCap,price,$/MWh,68.10805474527812
2037,NGFS2023GCAM_FW,Global,Power,CoalCap,price,$/MWh,68.10805474527812
2037,NGFS2023GCAM_CP,Global,Power,CoalCap,price,$/MWh,68.10805474527812
2037,NGFS2023REMIND_NDC,Global,Power,CoalCap,price,$/MWh,68.10805474527812
2037,NGFS2023REMIND_FW,Global,Power,CoalCap,price,$/MWh,68.10805474527812
2037,NGFS2023REMIND_CP,Global,Power,CoalCap,price,$/MWh,68.10805474527812
2037,NGFS2023MESSAGE_NDC,Global,Power,CoalCap,price,$/MWh,68.10805474527812
2037,NGFS2023MESSAGE_FW,Global,Power,CoalCap,price,$/MWh,68.10805474527812
2037,NGFS2023MESSAGE_CP,Global,Power,CoalCap,price,$/MWh,68.10805474527812
2038,NGFS2023GCAM_NDC,Global,Power,CoalCap,price,$/MWh,68.12703097060108
2038,NGFS2023GCAM_FW,Global,Power,CoalCap,price,$/MWh,68.12703097060108
2038,NGFS2023GCAM_CP,Global,Power,CoalCap,price,$/MWh,68.12703097060108
2038,NGFS2023REMIND_NDC,Global,Power,CoalCap,price,$/MWh,68.12703097060108
2038,NGFS2023REMIND_FW,Global,Power,CoalCap,price,$/MWh,68.12703097060108
2038,NGFS2023REMIND_CP,Global,Power,CoalCap,price,$/MWh,68.12703097060108
2038,NGFS2023MESSAGE_NDC,Global,Power,CoalCap,price,$/MWh,68.12703097060108
2038,NGFS2023MESSAGE_FW,Global,Power,CoalCap,price,$/MWh,68.12703097060108
2038,NGFS2023MESSAGE_CP,Global,Power,CoalCap,price,$/MWh,68.12703097060108
2039,NGFS2023GCAM_NDC,Global,Power,CoalCap,price,$/MWh,68.14461716867822
2039,NGFS2023GCAM_FW,Global,Power,CoalCap,price,$/MWh,68.14461716867822
2039,NGFS2023GCAM_CP,Global,Power,CoalCap,price,$/MWh,68.14461716867822
2039,NGFS2023REMIND_NDC,Global,Power,CoalCap,price,$/MWh,68.14461716867822
2039,NGFS2023REMIND_FW,Global,Power,CoalCap,price,$/MWh,68.14461716867822
2039,NGFS2023REMIND_CP,Global,Power,CoalCap,price,$/MWh,68.14461716867822
2039,NGFS2023MESSAGE_NDC,Global,Power,CoalCap,price,$/MWh,68.14461716867822
2039,NGFS2023MESSAGE_FW,Global,Power,CoalCap,price,$/MWh,68.14461716867822
2039,NGFS2023MESSAGE_CP,Global,Power,CoalCap,price,$/MWh,68.14461716867822
2040,NGFS2023GCAM_NDC,Global,Power,CoalCap,price,$/MWh,68.1609148368362
2040,NGFS2023GCAM_FW,Global,Power,CoalCap,price,$/MWh,68.1609148368362
2040,NGFS2023GCAM_CP,Global,Power,CoalCap,price,$/MWh,68.1609148368362
2040,NGFS2023REMIND_NDC,Global,Power,CoalCap,price,$/MWh,68.1609148368362
2040,NGFS2023REMIND_FW,Global,Power,CoalCap,price,$/MWh,68.1609148368362
2040,NGFS2023REMIND_CP,Global,Power,CoalCap,price,$/MWh,68.1609148368362
2040,NGFS2023MESSAGE_NDC,Global,Power,CoalCap,price,$/MWh,68.1609148368362
2040,NGFS2023MESSAGE_FW,Global,Power,CoalCap,price,$/MWh,68.1609148368362
2040,NGFS2023MESSAGE_CP,Global,Power,CoalCap,price,$/MWh,68.1609148368362
2041,NGFS2023GCAM_NDC,Global,Power,CoalCap,price,$/MWh,68.17601812553478
2041,NGFS2023GCAM_FW,Global,Power,CoalCap,price,$/MWh,68.17601812553478
2041,NGFS2023GCAM_CP,Global,Power,CoalCap,price,$/MWh,68.17601812553478
2041,NGFS2023REMIND_NDC,Global,Power,CoalCap,price,$/MWh,68.17601812553478
2041,NGFS2023REMIND_FW,Global,Power,CoalCap,price,$/MWh,68.17601812553478
2041,NGFS2023REMIND_CP,Global,Power,CoalCap,price,$/MWh,68.17601812553478
2041,NGFS2023MESSAGE_NDC,Global,Power,CoalCap,price,$/MWh,68.17601812553478
2041,NGFS2023MESSAGE_FW,Global,Power,CoalCap,price,$/MWh,68.17601812553478
2041,NGFS2023MESSAGE_CP,Global,Power,CoalCap,price,$/MWh,68.17601812553478
2042,NGFS2023GCAM_NDC,Global,Power,CoalCap,price,$/MWh,68.19001430356109
2042,NGFS2023GCAM_FW,Global,Power,CoalCap,price,$/MWh,68.19001430356109
2042,NGFS2023GCAM_CP,Global,Power,CoalCap,price,$/MWh,68.19001430356109
2042,NGFS2023REMIND_NDC,Global,Power,CoalCap,price,$/MWh,68.19001430356109
2042,NGFS2023REMIND_FW,Global,Power,CoalCap,price,$/MWh,68.19001430356109
2042,NGFS2023REMIND_CP,Global,Power,CoalCap,price,$/MWh,68.19001430356109
2042,NGFS2023MESSAGE_NDC,Global,Power,CoalCap,price,$/MWh,68.19001430356109
2042,NGFS2023MESSAGE_FW,Global,Power,CoalCap,price,$/MWh,68.19001430356109
2042,NGFS2023MESSAGE_CP,Global,Power,CoalCap,price,$/MWh,68.19001430356109
2043,NGFS2023GCAM_NDC,Global,Power,CoalCap,price,$/MWh,68.2029843344217
2043,NGFS2023GCAM_FW,Global,Power,CoalCap,price,$/MWh,68.2029843344217
2043,NGFS2023GCAM_CP,Global,Power,CoalCap,price,$/MWh,68.2029843344217
2043,NGFS2023REMIND_NDC,Global,Power,CoalCap,price,$/MWh,68.2029843344217
2043,NGFS2023REMIND_FW,Global,Power,CoalCap,price,$/MWh,68.2029843344217
2043,NGFS2023REMIND_CP,Global,Power,CoalCap,price,$/MWh,68.2029843344217
2043,NGFS2023MESSAGE_NDC,Global,Power,CoalCap,price,$/MWh,68.2029843344217
2043,NGFS2023MESSAGE_FW,Global,Power,CoalCap,price,$/MWh,68.2029843344217
2043,NGFS2023MESSAGE_CP,Global,Power,CoalCap,price,$/MWh,68.2029843344217
2044,NGFS2023GCAM_NDC,Global,Power,CoalCap,price,$/MWh,68.21500327521763
2044,NGFS2023GCAM_FW,Global,Power,CoalCap,price,$/MWh,68.21500327521763
2044,NGFS2023GCAM_CP,Global,Power,CoalCap,price,$/MWh,68.21500327521763
2044,NGFS2023REMIND_NDC,Global,Power,CoalCap,price,$/MWh,68.21500327521763
2044,NGFS2023REMIND_FW,Global,Power,CoalCap,price,$/MWh,68.21500327521763
2044,NGFS2023REMIND_CP,Global,Power,CoalCap,price,$/MWh,68.21500327521763
2044,NGFS2023MESSAGE_NDC,Global,Power,CoalCap,price,$/MWh,68.21500327521763
2044,NGFS2023MESSAGE_FW,Global,Power,CoalCap,price,$/MWh,68.21500327521763
2044,NGFS2023MESSAGE_CP,Global,Power,CoalCap,price,$/MWh,68.21500327521763
2045,NGFS2023GCAM_NDC,Global,Power,CoalCap,price,$/MWh,68.22614071563855
2045,NGFS2023GCAM_FW,Global,Power,CoalCap,price,$/MWh,68.22614071563855
2045,NGFS2023GCAM_CP,Global,Power,CoalCap,price,$/MWh,68.22614071563855
2045,NGFS2023REMIND_NDC,Global,Power,CoalCap,price,$/MWh,68.22614071563855
2045,NGFS2023REMIND_FW,Global,Power,CoalCap,price,$/MWh,68.22614071563855
2045,NGFS2023REMIND_CP,Global,Power,CoalCap,price,$/MWh,68.22614071563855
2045,NGFS2023MESSAGE_NDC,Global,Power,CoalCap,price,$/MWh,68.22614071563855
2045,NGFS2023MESSAGE_FW,Global,Power,CoalCap,price,$/MWh,68.22614071563855
2045,NGFS2023MESSAGE_CP,Global,Power,CoalCap,price,$/MWh,68.22614071563855
2046,NGFS2023GCAM_NDC,Global,Power,CoalCap,price,$/MWh,68.23646118728043
2046,NGFS2023GCAM_FW,Global,Power,CoalCap,price,$/MWh,68.23646118728043
2046,NGFS2023GCAM_CP,Global,Power,CoalCap,price,$/MWh,68.23646118728043
2046,NGFS2023REMIND_NDC,Global,Power,CoalCap,price,$/MWh,68.23646118728043
2046,NGFS2023REMIND_FW,Global,Power,CoalCap,price,$/MWh,68.23646118728043
2046,NGFS2023REMIND_CP,Global,Power,CoalCap,price,$/MWh,68.23646118728043
2046,NGFS2023MESSAGE_NDC,Global,Power,CoalCap,price,$/MWh,68.23646118728043
2046,NGFS2023MESSAGE_FW,Global,Power,CoalCap,price,$/MWh,68.23646118728043
2046,NGFS2023MESSAGE_CP,Global,Power,CoalCap,price,$/MWh,68.23646118728043
2047,NGFS2023GCAM_NDC,Global,Power,CoalCap,price,$/MWh,68.24602449645552
2047,NGFS2023GCAM_FW,Global,Power,CoalCap,price,$/MWh,68.24602449645552
2047,NGFS2023GCAM_CP,Global,Power,CoalCap,price,$/MWh,68.24602449645552
2047,NGFS2023REMIND_NDC,Global,Power,CoalCap,price,$/MWh,68.24602449645552
2047,NGFS2023REMIND_FW,Global,Power,CoalCap,price,$/MWh,68.24602449645552
2047,NGFS2023REMIND_CP,Global,Power,CoalCap,price,$/MWh,68.24602449645552
2047,NGFS2023MESSAGE_NDC,Global,Power,CoalCap,price,$/MWh,68.24602449645552
2047,NGFS2023MESSAGE_FW,Global,Power,CoalCap,price,$/MWh,68.24602449645552
2047,NGFS2023MESSAGE_CP,Global,Power,CoalCap,price,$/MWh,68.24602449645552
2048,NGFS2023GCAM_NDC,Global,Power,CoalCap,price,$/MWh,68.25488610667428
2048,NGFS2023GCAM_FW,Global,Power,CoalCap,price,$/MWh,68.25488610667428
2048,NGFS2023GCAM_CP,Global,Power,CoalCap,price,$/MWh,68.25488610667428
2048,NGFS2023REMIND_NDC,Global,Power,CoalCap,price,$/MWh,68.25488610667428
2048,NGFS2023REMIND_FW,Global,Power,CoalCap,price,$/MWh,68.25488610667428
2048,NGFS2023REMIND_CP,Global,Power,CoalCap,price,$/MWh,68.25488610667428
2048,NGFS2023MESSAGE_NDC,Global,Power,CoalCap,price,$/MWh,68.25488610667428
2048,NGFS2023MESSAGE_FW,Global,Power,CoalCap,price,$/MWh,68.25488610667428
2048,NGFS2023MESSAGE_CP,Global,Power,CoalCap,price,$/MWh,68.25488610667428
2049,NGFS2023GCAM_NDC,Global,Power,CoalCap,price,$/MWh,68.26309740890979
2049,NGFS2023GCAM_FW,Global,Power,CoalCap,price,$/MWh,68.26309740890979
2049,NGFS2023GCAM_CP,Global,Power,CoalCap,price,$/MWh,68.26309740890979
2049,NGFS2023REMIND_NDC,Global,Power,CoalCap,price,$/MWh,68.26309740890979
2049,NGFS2023REMIND_FW,Global,Power,CoalCap,price,$/MWh,68.26309740890979
2049,NGFS2023REMIND_CP,Global,Power,CoalCap,price,$/MWh,68.26309740890979
2049,NGFS2023MESSAGE_NDC,Global,Power,CoalCap,price,$/MWh,68.26309740890979
2049,NGFS2023MESSAGE_FW,Global,Power,CoalCap,price,$/MWh,68.26309740890979
2049,NGFS2023MESSAGE_CP,Global,Power,CoalCap,price,$/MWh,68.26309740890979
2050,NGFS2023GCAM_NDC,Global,Power,CoalCap,price,$/MWh,68.27070607521843
2050,NGFS2023GCAM_FW,Global,Power,CoalCap,price,$/MWh,68.27070607521843
2050,NGFS2023GCAM_CP,Global,Power,CoalCap,price,$/MWh,68.27070607521843
2050,NGFS2023REMIND_NDC,Global,Power,CoalCap,price,$/MWh,68.27070607521843
2050,NGFS2023REMIND_FW,Global,Power,CoalCap,price,$/MWh,68.27070607521843
2050,NGFS2023REMIND_CP,Global,Power,CoalCap,price,$/MWh,68.27070607521843
2050,NGFS2023MESSAGE_NDC,Global,Power,CoalCap,price,$/MWh,68.27070607521843
2050,NGFS2023MESSAGE_FW,Global,Power,CoalCap,price,$/MWh,68.27070607521843
2050,NGFS2023MESSAGE_CP,Global,Power,CoalCap,price,$/MWh,68.27070607521843
2051,NGFS2023GCAM_NDC,Global,Power,CoalCap,price,$/MWh,68.27775626467081
2051,NGFS2023GCAM_FW,Global,Power,CoalCap,price,$/MWh,68.27775626467081
2051,NGFS2023GCAM_CP,Global,Power,CoalCap,price,$/MWh,68.27775626467081
2051,NGFS2023REMIND_NDC,Global,Power,CoalCap,price,$/MWh,68.27775626467081
2051,NGFS2023REMIND_FW,Global,Power,CoalCap,price,$/MWh,68.27775626467081
2051,NGFS2023REMIND_CP,Global,Power,CoalCap,price,$/MWh,68.27775626467081
2051,NGFS2023MESSAGE_NDC,Global,Power,CoalCap,price,$/MWh,68.27775626467081
2051,NGFS2023MESSAGE_FW,Global,Power,CoalCap,price,$/MWh,68.27775626467081
2051,NGFS2023MESSAGE_CP,Global,Power,CoalCap,price,$/MWh,68.27775626467081
2052,NGFS2023GCAM_NDC,Global,Power,CoalCap,price,$/MWh,68.2842889119571
2052,NGFS2023GCAM_FW,Global,Power,CoalCap,price,$/MWh,68.2842889119571
2052,NGFS2023GCAM_CP,Global,Power,CoalCap,price,$/MWh,68.2842889119571
2052,NGFS2023REMIND_NDC,Global,Power,CoalCap,price,$/MWh,68.2842889119571
2052,NGFS2023REMIND_FW,Global,Power,CoalCap,price,$/MWh,68.2842889119571
2052,NGFS2023REMIND_CP,Global,Power,CoalCap,price,$/MWh,68.2842889119571
2052,NGFS2023MESSAGE_NDC,Global,Power,CoalCap,price,$/MWh,68.2842889119571
2052,NGFS2023MESSAGE_FW,Global,Power,CoalCap,price,$/MWh,68.2842889119571
2052,NGFS2023MESSAGE_CP,Global,Power,CoalCap,price,$/MWh,68.2842889119571
2053,NGFS2023GCAM_NDC,Global,Power,CoalCap,price,$/MWh,68.29034197152828
2053,NGFS2023GCAM_FW,Global,Power,CoalCap,price,$/MWh,68.29034197152828
2053,NGFS2023GCAM_CP,Global,Power,CoalCap,price,$/MWh,68.29034197152828
2053,NGFS2023REMIND_NDC,Global,Power,CoalCap,price,$/MWh,68.29034197152828
2053,NGFS2023REMIND_FW,Global,Power,CoalCap,price,$/MWh,68.29034197152828
2053,NGFS2023REMIND_CP,Global,Power,CoalCap,price,$/MWh,68.29034197152828
2053,NGFS2023MESSAGE_NDC,Global,Power,CoalCap,price,$/MWh,68.29034197152828
2053,NGFS2023MESSAGE_FW,Global,Power,CoalCap,price,$/MWh,68.29034197152828
2053,NGFS2023MESSAGE_CP,Global,Power,CoalCap,price,$/MWh,68.29034197152828
2054,NGFS2023GCAM_NDC,Global,Power,CoalCap,price,$/MWh,68.29595061699172
2054,NGFS2023GCAM_FW,Global,Power,CoalCap,price,$/MWh,68.29595061699172
2054,NGFS2023GCAM_CP,Global,Power,CoalCap,price,$/MWh,68.29595061699172
2054,NGFS2023REMIND_NDC,Global,Power,CoalCap,price,$/MWh,68.29595061699172
2054,NGFS2023REMIND_FW,Global,Power,CoalCap,price,$/MWh,68.29595061699172
2054,NGFS2023REMIND_CP,Global,Power,CoalCap,price,$/MWh,68.29595061699172
2054,NGFS2023MESSAGE_NDC,Global,Power,CoalCap,price,$/MWh,68.29595061699172
2054,NGFS2023MESSAGE_FW,Global,Power,CoalCap,price,$/MWh,68.29595061699172
2054,NGFS2023MESSAGE_CP,Global,Power,CoalCap,price,$/MWh,68.29595061699172
2055,NGFS2023GCAM_NDC,Global,Power,CoalCap,price,$/MWh,68.30114744172192
2055,NGFS2023GCAM_FW,Global,Power,CoalCap,price,$/MWh,68.30114744172192
2055,NGFS2023GCAM_CP,Global,Power,CoalCap,price,$/MWh,68.30114744172192
2055,NGFS2023REMIND_NDC,Global,Power,CoalCap,price,$/MWh,68.30114744172192
2055,NGFS2023REMIND_FW,Global,Power,CoalCap,price,$/MWh,68.30114744172192
2055,NGFS2023REMIND_CP,Global,Power,CoalCap,price,$/MWh,68.30114744172192
2055,NGFS2023MESSAGE_NDC,Global,Power,CoalCap,price,$/MWh,68.30114744172192
2055,NGFS2023MESSAGE_FW,Global,Power,CoalCap,price,$/MWh,68.30114744172192
2055,NGFS2023MESSAGE_CP,Global,Power,CoalCap,price,$/MWh,68.30114744172192
2056,NGFS2023GCAM_NDC,Global,Power,CoalCap,price,$/MWh,68.30596264897922
2056,NGFS2023GCAM_FW,Global,Power,CoalCap,price,$/MWh,68.30596264897922
2056,NGFS2023GCAM_CP,Global,Power,CoalCap,price,$/MWh,68.30596264897922
2056,NGFS2023REMIND_NDC,Global,Power,CoalCap,price,$/MWh,68.30596264897922
2056,NGFS2023REMIND_FW,Global,Power,CoalCap,price,$/MWh,68.30596264897922
2056,NGFS2023REMIND_CP,Global,Power,CoalCap,price,$/MWh,68.30596264897922
2056,NGFS2023MESSAGE_NDC,Global,Power,CoalCap,price,$/MWh,68.30596264897922
2056,NGFS2023MESSAGE_FW,Global,Power,CoalCap,price,$/MWh,68.30596264897922
2056,NGFS2023MESSAGE_CP,Global,Power,CoalCap,price,$/MWh,68.30596264897922
2057,NGFS2023GCAM_NDC,Global,Power,CoalCap,price,$/MWh,68.3104242429413
2057,NGFS2023GCAM_FW,Global,Power,CoalCap,price,$/MWh,68.3104242429413
2057,NGFS2023GCAM_CP,Global,Power,CoalCap,price,$/MWh,68.3104242429413
2057,NGFS2023REMIND_NDC,Global,Power,CoalCap,price,$/MWh,68.3104242429413
2057,NGFS2023REMIND_FW,Global,Power,CoalCap,price,$/MWh,68.3104242429413
2057,NGFS2023REMIND_CP,Global,Power,CoalCap,price,$/MWh,68.3104242429413
2057,NGFS2023MESSAGE_NDC,Global,Power,CoalCap,price,$/MWh,68.3104242429413
2057,NGFS2023MESSAGE_FW,Global,Power,CoalCap,price,$/MWh,68.3104242429413
2057,NGFS2023MESSAGE_CP,Global,Power,CoalCap,price,$/MWh,68.3104242429413
2058,NGFS2023GCAM_NDC,Global,Power,CoalCap,price,$/MWh,68.3145581743118
2058,NGFS2023GCAM_FW,Global,Power,CoalCap,price,$/MWh,68.3145581743118
2058,NGFS2023GCAM_CP,Global,Power,CoalCap,price,$/MWh,68.3145581743118
2058,NGFS2023REMIND_NDC,Global,Power,CoalCap,price,$/MWh,68.3145581743118
2058,NGFS2023REMIND_FW,Global,Power,CoalCap,price,$/MWh,68.3145581743118
2058,NGFS2023REMIND_CP,Global,Power,CoalCap,price,$/MWh,68.3145581743118
2058,NGFS2023MESSAGE_NDC,Global,Power,CoalCap,price,$/MWh,68.3145581743118
2058,NGFS2023MESSAGE_FW,Global,Power,CoalCap,price,$/MWh,68.3145581743118
2058,NGFS2023MESSAGE_CP,Global,Power,CoalCap,price,$/MWh,68.3145581743118
2059,NGFS2023GCAM_NDC,Global,Power,CoalCap,price,$/MWh,68.31838848658666
2059,NGFS2023GCAM_FW,Global,Power,CoalCap,price,$/MWh,68.31838848658666
2059,NGFS2023GCAM_CP,Global,Power,CoalCap,price,$/MWh,68.31838848658666
2059,NGFS2023REMIND_NDC,Global,Power,CoalCap,price,$/MWh,68.31838848658666
2059,NGFS2023REMIND_FW,Global,Power,CoalCap,price,$/MWh,68.31838848658666
2059,NGFS2023REMIND_CP,Global,Power,CoalCap,price,$/MWh,68.31838848658666
2059,NGFS2023MESSAGE_NDC,Global,Power,CoalCap,price,$/MWh,68.31838848658666
2059,NGFS2023MESSAGE_FW,Global,Power,CoalCap,price,$/MWh,68.31838848658666
2059,NGFS2023MESSAGE_CP,Global,Power,CoalCap,price,$/MWh,68.31838848658666
2060,NGFS2023GCAM_NDC,Global,Power,CoalCap,price,$/MWh,68.32193746289441
2060,NGFS2023GCAM_FW,Global,Power,CoalCap,price,$/MWh,68.32193746289441
2060,NGFS2023GCAM_CP,Global,Power,CoalCap,price,$/MWh,68.32193746289441
2060,NGFS2023REMIND_NDC,Global,Power,CoalCap,price,$/MWh,68.32193746289441
2060,NGFS2023REMIND_FW,Global,Power,CoalCap,price,$/MWh,68.32193746289441
2060,NGFS2023REMIND_CP,Global,Power,CoalCap,price,$/MWh,68.32193746289441
2060,NGFS2023MESSAGE_NDC,Global,Power,CoalCap,price,$/MWh,68.32193746289441
2060,NGFS2023MESSAGE_FW,Global,Power,CoalCap,price,$/MWh,68.32193746289441
2060,NGFS2023MESSAGE_CP,Global,Power,CoalCap,price,$/MWh,68.32193746289441
2061,NGFS2023GCAM_NDC,Global,Power,CoalCap,price,$/MWh,68.3252257617781
2061,NGFS2023GCAM_FW,Global,Power,CoalCap,price,$/MWh,68.3252257617781
2061,NGFS2023GCAM_CP,Global,Power,CoalCap,price,$/MWh,68.3252257617781
2061,NGFS2023REMIND_NDC,Global,Power,CoalCap,price,$/MWh,68.3252257617781
2061,NGFS2023REMIND_FW,Global,Power,CoalCap,price,$/MWh,68.3252257617781
2061,NGFS2023REMIND_CP,Global,Power,CoalCap,price,$/MWh,68.3252257617781
2061,NGFS2023MESSAGE_NDC,Global,Power,CoalCap,price,$/MWh,68.3252257617781
2061,NGFS2023MESSAGE_FW,Global,Power,CoalCap,price,$/MWh,68.3252257617781
2061,NGFS2023MESSAGE_CP,Global,Power,CoalCap,price,$/MWh,68.3252257617781
2062,NGFS2023GCAM_NDC,Global,Power,CoalCap,price,$/MWh,68.32827250716927
2062,NGFS2023GCAM_FW,Global,Power,CoalCap,price,$/MWh,68.32827250716927
2062,NGFS2023GCAM_CP,Global,Power,CoalCap,price,$/MWh,68.32827250716927
2062,NGFS2023REMIND_NDC,Global,Power,CoalCap,price,$/MWh,68.32827250716927
2062,NGFS2023REMIND_FW,Global,Power,CoalCap,price,$/MWh,68.32827250716927
2062,NGFS2023REMIND_CP,Global,Power,CoalCap,price,$/MWh,68.32827250716927
2062,NGFS2023MESSAGE_NDC,Global,Power,CoalCap,price,$/MWh,68.32827250716927
2062,NGFS2023MESSAGE_FW,Global,Power,CoalCap,price,$/MWh,68.32827250716927
2062,NGFS2023MESSAGE_CP,Global,Power,CoalCap,price,$/MWh,68.32827250716927
2063,NGFS2023GCAM_NDC,Global,Power,CoalCap,price,$/MWh,68.33109543650978
2063,NGFS2023GCAM_FW,Global,Power,CoalCap,price,$/MWh,68.33109543650978
2063,NGFS2023GCAM_CP,Global,Power,CoalCap,price,$/MWh,68.33109543650978
2063,NGFS2023REMIND_NDC,Global,Power,CoalCap,price,$/MWh,68.33109543650978
2063,NGFS2023REMIND_FW,Global,Power,CoalCap,price,$/MWh,68.33109543650978
2063,NGFS2023REMIND_CP,Global,Power,CoalCap,price,$/MWh,68.33109543650978
2063,NGFS2023MESSAGE_NDC,Global,Power,CoalCap,price,$/MWh,68.33109543650978
2063,NGFS2023MESSAGE_FW,Global,Power,CoalCap,price,$/MWh,68.33109543650978
2063,NGFS2023MESSAGE_CP,Global,Power,CoalCap,price,$/MWh,68.33109543650978
2064,NGFS2023GCAM_NDC,Global,Power,CoalCap,price,$/MWh,68.33371099140179
2064,NGFS2023GCAM_FW,Global,Power,CoalCap,price,$/MWh,68.33371099140179
2064,NGFS2023GCAM_CP,Global,Power,CoalCap,price,$/MWh,68.33371099140179
2064,NGFS2023REMIND_NDC,Global,Power,CoalCap,price,$/MWh,68.33371099140179
2064,NGFS2023REMIND_FW,Global,Power,CoalCap,price,$/MWh,68.33371099140179
2064,NGFS2023REMIND_CP,Global,Power,CoalCap,price,$/MWh,68.33371099140179
2064,NGFS2023MESSAGE_NDC,Global,Power,CoalCap,price,$/MWh,68.33371099140179
2064,NGFS2023MESSAGE_FW,Global,Power,CoalCap,price,$/MWh,68.33371099140179
2064,NGFS2023MESSAGE_CP,Global,Power,CoalCap,price,$/MWh,68.33371099140179
2065,NGFS2023GCAM_NDC,Global,Power,CoalCap,price,$/MWh,68.33613439695769
2065,NGFS2023GCAM_FW,Global,Power,CoalCap,price,$/MWh,68.33613439695769
2065,NGFS2023GCAM_CP,Global,Power,CoalCap,price,$/MWh,68.33613439695769
2065,NGFS2023REMIND_NDC,Global,Power,CoalCap,price,$/MWh,68.33613439695769
2065,NGFS2023REMIND_FW,Global,Power,CoalCap,price,$/MWh,68.33613439695769
2065,NGFS2023REMIND_CP,Global,Power,CoalCap,price,$/MWh,68.33613439695769
2065,NGFS2023MESSAGE_NDC,Global,Power,CoalCap,price,$/MWh,68.33613439695769
2065,NGFS2023MESSAGE_FW,Global,Power,CoalCap,price,$/MWh,68.33613439695769
2065,NGFS2023MESSAGE_CP,Global,Power,CoalCap,price,$/MWh,68.33613439695769
2066,NGFS2023GCAM_NDC,Global,Power,CoalCap,price,$/MWh,68.3383797529364
2066,NGFS2023GCAM_FW,Global,Power,CoalCap,price,$/MWh,68.3383797529364
2066,NGFS2023GCAM_CP,Global,Power,CoalCap,price,$/MWh,68.3383797529364
2066,NGFS2023REMIND_NDC,Global,Power,CoalCap,price,$/MWh,68.3383797529364
2066,NGFS2023REMIND_FW,Global,Power,CoalCap,price,$/MWh,68.3383797529364
2066,NGFS2023REMIND_CP,Global,Power,CoalCap,price,$/MWh,68.3383797529364
2066,NGFS2023MESSAGE_NDC,Global,Power,CoalCap,price,$/MWh,68.3383797529364
2066,NGFS2023MESSAGE_FW,Global,Power,CoalCap,price,$/MWh,68.3383797529364
2066,NGFS2023MESSAGE_CP,Global,Power,CoalCap,price,$/MWh,68.3383797529364
2067,NGFS2023GCAM_NDC,Global,Power,CoalCap,price,$/MWh,68.34046013664197
2067,NGFS2023GCAM_FW,Global,Power,CoalCap,price,$/MWh,68.34046013664197
2067,NGFS2023GCAM_CP,Global,Power,CoalCap,price,$/MWh,68.34046013664197
2067,NGFS2023REMIND_NDC,Global,Power,CoalCap,price,$/MWh,68.34046013664197
2067,NGFS2023REMIND_FW,Global,Power,CoalCap,price,$/MWh,68.34046013664197
2067,NGFS2023REMIND_CP,Global,Power,CoalCap,price,$/MWh,68.34046013664197
2067,NGFS2023MESSAGE_NDC,Global,Power,CoalCap,price,$/MWh,68.34046013664197
2067,NGFS2023MESSAGE_FW,Global,Power,CoalCap,price,$/MWh,68.34046013664197
2067,NGFS2023MESSAGE_CP,Global,Power,CoalCap,price,$/MWh,68.34046013664197
2068,NGFS2023GCAM_NDC,Global,Power,CoalCap,price,$/MWh,68.34238768287238
2068,NGFS2023GCAM_FW,Global,Power,CoalCap,price,$/MWh,68.34238768287238
2068,NGFS2023GCAM_CP,Global,Power,CoalCap,price,$/MWh,68.34238768287238
2068,NGFS2023REMIND_NDC,Global,Power,CoalCap,price,$/MWh,68.34238768287238
2068,NGFS2023REMIND_FW,Global,Power,CoalCap,price,$/MWh,68.34238768287238
2068,NGFS2023REMIND_CP,Global,Power,CoalCap,price,$/MWh,68.34238768287238
2068,NGFS2023MESSAGE_NDC,Global,Power,CoalCap,price,$/MWh,68.34238768287238
2068,NGFS2023MESSAGE_FW,Global,Power,CoalCap,price,$/MWh,68.34238768287238
2068,NGFS2023MESSAGE_CP,Global,Power,CoalCap,price,$/MWh,68.34238768287238
2069,NGFS2023GCAM_NDC,Global,Power,CoalCap,price,$/MWh,68.3441735946292
2069,NGFS2023GCAM_FW,Global,Power,CoalCap,price,$/MWh,68.3441735946292
2069,NGFS2023GCAM_CP,Global,Power,CoalCap,price,$/MWh,68.3441735946292
2069,NGFS2023REMIND_NDC,Global,Power,CoalCap,price,$/MWh,68.3441735946292
2069,NGFS2023REMIND_FW,Global,Power,CoalCap,price,$/MWh,68.3441735946292
2069,NGFS2023REMIND_CP,Global,Power,CoalCap,price,$/MWh,68.3441735946292
2069,NGFS2023MESSAGE_NDC,Global,Power,CoalCap,price,$/MWh,68.3441735946292
2069,NGFS2023MESSAGE_FW,Global,Power,CoalCap,price,$/MWh,68.3441735946292
2069,NGFS2023MESSAGE_CP,Global,Power,CoalCap,price,$/MWh,68.3441735946292
2022,NGFS2023GCAM_NDC,Global,Power,GasCap,price,$/MWh,62.85369299435028
2022,NGFS2023GCAM_FW,Global,Power,GasCap,price,$/MWh,62.85369299435028
2022,NGFS2023GCAM_CP,Global,Power,GasCap,price,$/MWh,62.85369299435028
2022,NGFS2023REMIND_NDC,Global,Power,GasCap,price,$/MWh,62.85369299435028
2022,NGFS2023REMIND_FW,Global,Power,GasCap,price,$/MWh,62.85369299435028
2022,NGFS2023REMIND_CP,Global,Power,GasCap,price,$/MWh,62.85369299435028
2022,NGFS2023MESSAGE_NDC,Global,Power,GasCap,price,$/MWh,62.85369299435028
2022,NGFS2023MESSAGE_FW,Global,Power,GasCap,price,$/MWh,62.85369299435028
2022,NGFS2023MESSAGE_CP,Global,Power,GasCap,price,$/MWh,62.85369299435028
2023,NGFS2023GCAM_NDC,Global,Power,GasCap,price,$/MWh,62.13181824430379
2023,NGFS2023GCAM_FW,Global,Power,GasCap,price,$/MWh,62.13181824430379
2023,NGFS2023GCAM_CP,Global,Power,GasCap,price,$/MWh,62.13181824430379
2023,NGFS2023REMIND_NDC,Global,Power,GasCap,price,$/MWh,62.13181824430379
2023,NGFS2023REMIND_FW,Global,Power,GasCap,price,$/MWh,62.13181824430379
2023,NGFS2023REMIND_CP,Global,Power,GasCap,price,$/MWh,62.13181824430379
2023,NGFS2023MESSAGE_NDC,Global,Power,GasCap,price,$/MWh,62.13181824430379
2023,NGFS2023MESSAGE_FW,Global,Power,GasCap,price,$/MWh,62.13181824430379
2023,NGFS2023MESSAGE_CP,Global,Power,GasCap,price,$/MWh,62.13181824430379
2024,NGFS2023GCAM_NDC,Global,Power,GasCap,price,$/MWh,61.54106547561286
2024,NGFS2023GCAM_FW,Global,Power,GasCap,price,$/MWh,61.54106547561286
2024,NGFS2023GCAM_CP,Global,Power,GasCap,price,$/MWh,61.54106547561286
2024,NGFS2023REMIND_NDC,Global,Power,GasCap,price,$/MWh,61.54106547561286
2024,NGFS2023REMIND_FW,Global,Power,GasCap,price,$/MWh,61.54106547561286
2024,NGFS2023REMIND_CP,Global,Power,GasCap,price,$/MWh,61.54106547561286
2024,NGFS2023MESSAGE_NDC,Global,Power,GasCap,price,$/MWh,61.54106547561286
2024,NGFS2023MESSAGE_FW,Global,Power,GasCap,price,$/MWh,61.54106547561286
2024,NGFS2023MESSAGE_CP,Global,Power,GasCap,price,$/MWh,61.54106547561286
2025,NGFS2023GCAM_NDC,Global,Power,GasCap,price,$/MWh,61.05673416017218
2025,NGFS2023GCAM_FW,Global,Power,GasCap,price,$/MWh,61.05673416017218
2025,NGFS2023GCAM_CP,Global,Power,GasCap,price,$/MWh,61.05673416017218
2025,NGFS2023REMIND_NDC,Global,Power,GasCap,price,$/MWh,61.05673416017218
2025,NGFS2023REMIND_FW,Global,Power,GasCap,price,$/MWh,61.05673416017218
2025,NGFS2023REMIND_CP,Global,Power,GasCap,price,$/MWh,61.05673416017218
2025,NGFS2023MESSAGE_NDC,Global,Power,GasCap,price,$/MWh,61.05673416017218
2025,NGFS2023MESSAGE_FW,Global,Power,GasCap,price,$/MWh,61.05673416017218
2025,NGFS2023MESSAGE_CP,Global,Power,GasCap,price,$/MWh,61.05673416017218
2026,NGFS2023GCAM_NDC,Global,Power,GasCap,price,$/MWh,60.65905294306617
2026,NGFS2023GCAM_FW,Global,Power,GasCap,price,$/MWh,60.65905294306617
2026,NGFS2023GCAM_CP,Global,Power,GasCap,price,$/MWh,60.65905294306617
2026,NGFS2023REMIND_NDC,Global,Power,GasCap,price,$/MWh,60.65905294306617
2026,NGFS2023REMIND_FW,Global,Power,GasCap,price,$/MWh,60.65905294306617
2026,NGFS2023REMIND_CP,Global,Power,GasCap,price,$/MWh,60.65905294306617
2026,NGFS2023MESSAGE_NDC,Global,Power,GasCap,price,$/MWh,60.65905294306617
2026,NGFS2023MESSAGE_FW,Global,Power,GasCap,price,$/MWh,60.65905294306617
2026,NGFS2023MESSAGE_CP,Global,Power,GasCap,price,$/MWh,60.65905294306617
2027,NGFS2023GCAM_NDC,Global,Power,GasCap,price,$/MWh,60.33211157474872
2027,NGFS2023GCAM_FW,Global,Power,GasCap,price,$/MWh,60.33211157474872
2027,NGFS2023GCAM_CP,Global,Power,GasCap,price,$/MWh,60.33211157474872
2027,NGFS2023REMIND_NDC,Global,Power,GasCap,price,$/MWh,60.33211157474872
2027,NGFS2023REMIND_FW,Global,Power,GasCap,price,$/MWh,60.33211157474872
2027,NGFS2023REMIND_CP,Global,Power,GasCap,price,$/MWh,60.33211157474872
2027,NGFS2023MESSAGE_NDC,Global,Power,GasCap,price,$/MWh,60.33211157474872
2027,NGFS2023MESSAGE_FW,Global,Power,GasCap,price,$/MWh,60.33211157474872
2027,NGFS2023MESSAGE_CP,Global,Power,GasCap,price,$/MWh,60.33211157474872
2028,NGFS2023GCAM_NDC,Global,Power,GasCap,price,$/MWh,60.06304909395892
2028,NGFS2023GCAM_FW,Global,Power,GasCap,price,$/MWh,60.06304909395892
2028,NGFS2023GCAM_CP,Global,Power,GasCap,price,$/MWh,60.06304909395892
2028,NGFS2023REMIND_NDC,Global,Power,GasCap,price,$/MWh,60.06304909395892
2028,NGFS2023REMIND_FW,Global,Power,GasCap,price,$/MWh,60.06304909395892
2028,NGFS2023REMIND_CP,Global,Power,GasCap,price,$/MWh,60.06304909395892
2028,NGFS2023MESSAGE_NDC,Global,Power,GasCap,price,$/MWh,60.06304909395892
2028,NGFS2023MESSAGE_FW,Global,Power,GasCap,price,$/MWh,60.06304909395892
2028,NGFS2023MESSAGE_CP,Global,Power,GasCap,price,$/MWh,60.06304909395892
2029,NGFS2023GCAM_NDC,Global,Power,GasCap,price,$/MWh,59.84142992890016
2029,NGFS2023GCAM_FW,Global,Power,GasCap,price,$/MWh,59.84142992890016
2029,NGFS2023GCAM_CP,Global,Power,GasCap,price,$/MWh,59.84142992890016
2029,NGFS2023REMIND_NDC,Global,Power,GasCap,price,$/MWh,59.84142992890016
2029,NGFS2023REMIND_FW,Global,Power,GasCap,price,$/MWh,59.84142992890016
2029,NGFS2023REMIND_CP,Global,Power,GasCap,price,$/MWh,59.84142992890016
2029,NGFS2023MESSAGE_NDC,Global,Power,GasCap,price,$/MWh,59.84142992890016
2029,NGFS2023MESSAGE_FW,Global,Power,GasCap,price,$/MWh,59.84142992890016
2029,NGFS2023MESSAGE_CP,Global,Power,GasCap,price,$/MWh,59.84142992890016
2030,NGFS2023GCAM_NDC,Global,Power,GasCap,price,$/MWh,59.65875950917725
2030,NGFS2023GCAM_FW,Global,Power,GasCap,price,$/MWh,59.65875950917725
2030,NGFS2023GCAM_CP,Global,Power,GasCap,price,$/MWh,59.65875950917725
2030,NGFS2023REMIND_NDC,Global,Power,GasCap,price,$/MWh,59.65875950917725
2030,NGFS2023REMIND_FW,Global,Power,GasCap,price,$/MWh,59.65875950917725
2030,NGFS2023REMIND_CP,Global,Power,GasCap,price,$/MWh,59.65875950917725
2030,NGFS2023MESSAGE_NDC,Global,Power,GasCap,price,$/MWh,59.65875950917725
2030,NGFS2023MESSAGE_FW,Global,Power,GasCap,price,$/MWh,59.65875950917725
2030,NGFS2023MESSAGE_CP,Global,Power,GasCap,price,$/MWh,59.65875950917725
2031,NGFS2023GCAM_NDC,Global,Power,GasCap,price,$/MWh,59.50810476520781
2031,NGFS2023GCAM_FW,Global,Power,GasCap,price,$/MWh,59.50810476520781
2031,NGFS2023GCAM_CP,Global,Power,GasCap,price,$/MWh,59.50810476520781
2031,NGFS2023REMIND_NDC,Global,Power,GasCap,price,$/MWh,59.50810476520781
2031,NGFS2023REMIND_FW,Global,Power,GasCap,price,$/MWh,59.50810476520781
2031,NGFS2023REMIND_CP,Global,Power,GasCap,price,$/MWh,59.50810476520781
2031,NGFS2023MESSAGE_NDC,Global,Power,GasCap,price,$/MWh,59.50810476520781
2031,NGFS2023MESSAGE_FW,Global,Power,GasCap,price,$/MWh,59.50810476520781
2031,NGFS2023MESSAGE_CP,Global,Power,GasCap,price,$/MWh,59.50810476520781
2032,NGFS2023GCAM_NDC,Global,Power,GasCap,price,$/MWh,59.38379444268135
2032,NGFS2023GCAM_FW,Global,Power,GasCap,price,$/MWh,59.38379444268135
2032,NGFS2023GCAM_CP,Global,Power,GasCap,price,$/MWh,59.38379444268135
2032,NGFS2023REMIND_NDC,Global,Power,GasCap,price,$/MWh,59.38379444268135
2032,NGFS2023REMIND_FW,Global,Power,GasCap,price,$/MWh,59.38379444268135
2032,NGFS2023REMIND_CP,Global,Power,GasCap,price,$/MWh,59.38379444268135
2032,NGFS2023MESSAGE_NDC,Global,Power,GasCap,price,$/MWh,59.38379444268135
2032,NGFS2023MESSAGE_FW,Global,Power,GasCap,price,$/MWh,59.38379444268135
2032,NGFS2023MESSAGE_CP,Global,Power,GasCap,price,$/MWh,59.38379444268135
2033,NGFS2023GCAM_NDC,Global,Power,GasCap,price,$/MWh,59.281180797367085
2033,NGFS2023GCAM_FW,Global,Power,GasCap,price,$/MWh,59.281180797367085
2033,NGFS2023GCAM_CP,Global,Power,GasCap,price,$/MWh,59.281180797367085
2033,NGFS2023REMIND_NDC,Global,Power,GasCap,price,$/MWh,59.281180797367085
2033,NGFS2023REMIND_FW,Global,Power,GasCap,price,$/MWh,59.281180797367085
2033,NGFS2023REMIND_CP,Global,Power,GasCap,price,$/MWh,59.281180797367085
2033,NGFS2023MESSAGE_NDC,Global,Power,GasCap,price,$/MWh,59.281180797367085
2033,NGFS2023MESSAGE_FW,Global,Power,GasCap,price,$/MWh,59.281180797367085
2033,NGFS2023MESSAGE_CP,Global,Power,GasCap,price,$/MWh,59.281180797367085
2034,NGFS2023GCAM_NDC,Global,Power,GasCap,price,$/MWh,59.19644898490565
2034,NGFS2023GCAM_FW,Global,Power,GasCap,price,$/MWh,59.19644898490565
2034,NGFS2023GCAM_CP,Global,Power,GasCap,price,$/MWh,59.19644898490565
2034,NGFS2023REMIND_NDC,Global,Power,GasCap,price,$/MWh,59.19644898490565
2034,NGFS2023REMIND_FW,Global,Power,GasCap,price,$/MWh,59.19644898490565
2034,NGFS2023REMIND_CP,Global,Power,GasCap,price,$/MWh,59.19644898490565
2034,NGFS2023MESSAGE_NDC,Global,Power,GasCap,price,$/MWh,59.19644898490565
2034,NGFS2023MESSAGE_FW,Global,Power,GasCap,price,$/MWh,59.19644898490565
2034,NGFS2023MESSAGE_CP,Global,Power,GasCap,price,$/MWh,59.19644898490565
2035,NGFS2023GCAM_NDC,Global,Power,GasCap,price,$/MWh,59.12646372373537
2035,NGFS2023GCAM_FW,Global,Power,GasCap,price,$/MWh,59.12646372373537
2035,NGFS2023GCAM_CP,Global,Power,GasCap,price,$/MWh,59.12646372373537
2035,NGFS2023REMIND_NDC,Global,Power,GasCap,price,$/MWh,59.12646372373537
2035,NGFS2023REMIND_FW,Global,Power,GasCap,price,$/MWh,59.12646372373537
2035,NGFS2023REMIND_CP,Global,Power,GasCap,price,$/MWh,59.12646372373537
2035,NGFS2023MESSAGE_NDC,Global,Power,GasCap,price,$/MWh,59.12646372373537
2035,NGFS2023MESSAGE_FW,Global,Power,GasCap,price,$/MWh,59.12646372373537
2035,NGFS2023MESSAGE_CP,Global,Power,GasCap,price,$/MWh,59.12646372373537
2036,NGFS2023GCAM_NDC,Global,Power,GasCap,price,$/MWh,59.06864549003239
2036,NGFS2023GCAM_FW,Global,Power,GasCap,price,$/MWh,59.06864549003239
2036,NGFS2023GCAM_CP,Global,Power,GasCap,price,$/MWh,59.06864549003239
2036,NGFS2023REMIND_NDC,Global,Power,GasCap,price,$/MWh,59.06864549003239
2036,NGFS2023REMIND_FW,Global,Power,GasCap,price,$/MWh,59.06864549003239
2036,NGFS2023REMIND_CP,Global,Power,GasCap,price,$/MWh,59.06864549003239
2036,NGFS2023MESSAGE_NDC,Global,Power,GasCap,price,$/MWh,59.06864549003239
2036,NGFS2023MESSAGE_FW,Global,Power,GasCap,price,$/MWh,59.06864549003239
2036,NGFS2023MESSAGE_CP,Global,Power,GasCap,price,$/MWh,59.06864549003239
2037,NGFS2023GCAM_NDC,Global,Power,GasCap,price,$/MWh,59.020870091847605
2037,NGFS2023GCAM_FW,Global,Power,GasCap,price,$/MWh,59.020870091847605
2037,NGFS2023GCAM_CP,Global,Power,GasCap,price,$/MWh,59.020870091847605
2037,NGFS2023REMIND_NDC,Global,Power,GasCap,price,$/MWh,59.020870091847605
2037,NGFS2023REMIND_FW,Global,Power,GasCap,price,$/MWh,59.020870091847605
2037,NGFS2023REMIND_CP,Global,Power,GasCap,price,$/MWh,59.020870091847605
2037,NGFS2023MESSAGE_NDC,Global,Power,GasCap,price,$/MWh,59.020870091847605
2037,NGFS2023MESSAGE_FW,Global,Power,GasCap,price,$/MWh,59.020870091847605
2037,NGFS2023MESSAGE_CP,Global,Power,GasCap,price,$/MWh,59.020870091847605
2038,NGFS2023GCAM_NDC,Global,Power,GasCap,price,$/MWh,58.98138703985392
2038,NGFS2023GCAM_FW,Global,Power,GasCap,price,$/MWh,58.98138703985392
2038,NGFS2023GCAM_CP,Global,Power,GasCap,price,$/MWh,58.98138703985392
2038,NGFS2023REMIND_NDC,Global,Power,GasCap,price,$/MWh,58.98138703985392
2038,NGFS2023REMIND_FW,Global,Power,GasCap,price,$/MWh,58.98138703985392
2038,NGFS2023REMIND_CP,Global,Power,GasCap,price,$/MWh,58.98138703985392
2038,NGFS2023MESSAGE_NDC,Global,Power,GasCap,price,$/MWh,58.98138703985392
2038,NGFS2023MESSAGE_FW,Global,Power,GasCap,price,$/MWh,58.98138703985392
2038,NGFS2023MESSAGE_CP,Global,Power,GasCap,price,$/MWh,58.98138703985392
2039,NGFS2023GCAM_NDC,Global,Power,GasCap,price,$/MWh,58.94875284594225
2039,NGFS2023GCAM_FW,Global,Power,GasCap,price,$/MWh,58.94875284594225
2039,NGFS2023GCAM_CP,Global,Power,GasCap,price,$/MWh,58.94875284594225
2039,NGFS2023REMIND_NDC,Global,Power,GasCap,price,$/MWh,58.94875284594225
2039,NGFS2023REMIND_FW,Global,Power,GasCap,price,$/MWh,58.94875284594225
2039,NGFS2023REMIND_CP,Global,Power,GasCap,price,$/MWh,58.94875284594225
2039,NGFS2023MESSAGE_NDC,Global,Power,GasCap,price,$/MWh,58.94875284594225
2039,NGFS2023MESSAGE_FW,Global,Power,GasCap,price,$/MWh,58.94875284594225
2039,NGFS2023MESSAGE_CP,Global,Power,GasCap,price,$/MWh,58.94875284594225
2040,NGFS2023GCAM_NDC,Global,Power,GasCap,price,$/MWh,58.92177664193161
2040,NGFS2023GCAM_FW,Global,Power,GasCap,price,$/MWh,58.92177664193161
2040,NGFS2023GCAM_CP,Global,Power,GasCap,price,$/MWh,58.92177664193161
2040,NGFS2023REMIND_NDC,Global,Power,GasCap,price,$/MWh,58.92177664193161
2040,NGFS2023REMIND_FW,Global,Power,GasCap,price,$/MWh,58.92177664193161
2040,NGFS2023REMIND_CP,Global,Power,GasCap,price,$/MWh,58.92177664193161
2040,NGFS2023MESSAGE_NDC,Global,Power,GasCap,price,$/MWh,58.92177664193161
2040,NGFS2023MESSAGE_FW,Global,Power,GasCap,price,$/MWh,58.92177664193161
2040,NGFS2023MESSAGE_CP,Global,Power,GasCap,price,$/MWh,58.92177664193161
2041,NGFS2023GCAM_NDC,Global,Power,GasCap,price,$/MWh,58.89947551057295
2041,NGFS2023GCAM_FW,Global,Power,GasCap,price,$/MWh,58.89947551057295
2041,NGFS2023GCAM_CP,Global,Power,GasCap,price,$/MWh,58.89947551057295
2041,NGFS2023REMIND_NDC,Global,Power,GasCap,price,$/MWh,58.89947551057295
2041,NGFS2023REMIND_FW,Global,Power,GasCap,price,$/MWh,58.89947551057295
2041,NGFS2023REMIND_CP,Global,Power,GasCap,price,$/MWh,58.89947551057295
2041,NGFS2023MESSAGE_NDC,Global,Power,GasCap,price,$/MWh,58.89947551057295
2041,NGFS2023MESSAGE_FW,Global,Power,GasCap,price,$/MWh,58.89947551057295
2041,NGFS2023MESSAGE_CP,Global,Power,GasCap,price,$/MWh,58.89947551057295
2042,NGFS2023GCAM_NDC,Global,Power,GasCap,price,$/MWh,58.88103792013392
2042,NGFS2023GCAM_FW,Global,Power,GasCap,price,$/MWh,58.88103792013392
2042,NGFS2023GCAM_CP,Global,Power,GasCap,price,$/MWh,58.88103792013392
2042,NGFS2023REMIND_NDC,Global,Power,GasCap,price,$/MWh,58.88103792013392
2042,NGFS2023REMIND_FW,Global,Power,GasCap,price,$/MWh,58.88103792013392
2042,NGFS2023REMIND_CP,Global,Power,GasCap,price,$/MWh,58.88103792013392
2042,NGFS2023MESSAGE_NDC,Global,Power,GasCap,price,$/MWh,58.88103792013392
2042,NGFS2023MESSAGE_FW,Global,Power,GasCap,price,$/MWh,58.88103792013392
2042,NGFS2023MESSAGE_CP,Global,Power,GasCap,price,$/MWh,58.88103792013392
2043,NGFS2023GCAM_NDC,Global,Power,GasCap,price,$/MWh,58.86579362094929
2043,NGFS2023GCAM_FW,Global,Power,GasCap,price,$/MWh,58.86579362094929
2043,NGFS2023GCAM_CP,Global,Power,GasCap,price,$/MWh,58.86579362094929
2043,NGFS2023REMIND_NDC,Global,Power,GasCap,price,$/MWh,58.86579362094929
2043,NGFS2023REMIND_FW,Global,Power,GasCap,price,$/MWh,58.86579362094929
2043,NGFS2023REMIND_CP,Global,Power,GasCap,price,$/MWh,58.86579362094929
2043,NGFS2023MESSAGE_NDC,Global,Power,GasCap,price,$/MWh,58.86579362094929
2043,NGFS2023MESSAGE_FW,Global,Power,GasCap,price,$/MWh,58.86579362094929
2043,NGFS2023MESSAGE_CP,Global,Power,GasCap,price,$/MWh,58.86579362094929
2044,NGFS2023GCAM_NDC,Global,Power,GasCap,price,$/MWh,58.85318892671253
2044,NGFS2023GCAM_FW,Global,Power,GasCap,price,$/MWh,58.85318892671253
2044,NGFS2023GCAM_CP,Global,Power,GasCap,price,$/MWh,58.85318892671253
2044,NGFS2023REMIND_NDC,Global,Power,GasCap,price,$/MWh,58.85318892671253
2044,NGFS2023REMIND_FW,Global,Power,GasCap,price,$/MWh,58.85318892671253
2044,NGFS2023REMIND_CP,Global,Power,GasCap,price,$/MWh,58.85318892671253
2044,NGFS2023MESSAGE_NDC,Global,Power,GasCap,price,$/MWh,58.85318892671253
2044,NGFS2023MESSAGE_FW,Global,Power,GasCap,price,$/MWh,58.85318892671253
2044,NGFS2023MESSAGE_CP,Global,Power,GasCap,price,$/MWh,58.85318892671253
2045,NGFS2023GCAM_NDC,Global,Power,GasCap,price,$/MWh,58.84276635044227
2045,NGFS2023GCAM_FW,Global,Power,GasCap,price,$/MWh,58.84276635044227
2045,NGFS2023GCAM_CP,Global,Power,GasCap,price,$/MWh,58.84276635044227
2045,NGFS2023REMIND_NDC,Global,Power,GasCap,price,$/MWh,58.84276635044227
2045,NGFS2023REMIND_FW,Global,Power,GasCap,price,$/MWh,58.84276635044227
2045,NGFS2023REMIND_CP,Global,Power,GasCap,price,$/MWh,58.84276635044227
2045,NGFS2023MESSAGE_NDC,Global,Power,GasCap,price,$/MWh,58.84276635044227
2045,NGFS2023MESSAGE_FW,Global,Power,GasCap,price,$/MWh,58.84276635044227
2045,NGFS2023MESSAGE_CP,Global,Power,GasCap,price,$/MWh,58.84276635044227
2046,NGFS2023GCAM_NDC,Global,Power,GasCap,price,$/MWh,58.83414784281152
2046,NGFS2023GCAM_FW,Global,Power,GasCap,price,$/MWh,58.83414784281152
2046,NGFS2023GCAM_CP,Global,Power,GasCap,price,$/MWh,58.83414784281152
2046,NGFS2023REMIND_NDC,Global,Power,GasCap,price,$/MWh,58.83414784281152
2046,NGFS2023REMIND_FW,Global,Power,GasCap,price,$/MWh,58.83414784281152
2046,NGFS2023REMIND_CP,Global,Power,GasCap,price,$/MWh,58.83414784281152
2046,NGFS2023MESSAGE_NDC,Global,Power,GasCap,price,$/MWh,58.83414784281152
2046,NGFS2023MESSAGE_FW,Global,Power,GasCap,price,$/MWh,58.83414784281152
2046,NGFS2023MESSAGE_CP,Global,Power,GasCap,price,$/MWh,58.83414784281152
2047,NGFS2023GCAM_NDC,Global,Power,GasCap,price,$/MWh,58.82702092125009
2047,NGFS2023GCAM_FW,Global,Power,GasCap,price,$/MWh,58.82702092125009
2047,NGFS2023GCAM_CP,Global,Power,GasCap,price,$/MWh,58.82702092125009
2047,NGFS2023REMIND_NDC,Global,Power,GasCap,price,$/MWh,58.82702092125009
2047,NGFS2023REMIND_FW,Global,Power,GasCap,price,$/MWh,58.82702092125009
2047,NGFS2023REMIND_CP,Global,Power,GasCap,price,$/MWh,58.82702092125009
2047,NGFS2023MESSAGE_NDC,Global,Power,GasCap,price,$/MWh,58.82702092125009
2047,NGFS2023MESSAGE_FW,Global,Power,GasCap,price,$/MWh,58.82702092125009
2047,NGFS2023MESSAGE_CP,Global,Power,GasCap,price,$/MWh,58.82702092125009
2048,NGFS2023GCAM_NDC,Global,Power,GasCap,price,$/MWh,58.821127313063194
2048,NGFS2023GCAM_FW,Global,Power,GasCap,price,$/MWh,58.821127313063194
2048,NGFS2023GCAM_CP,Global,Power,GasCap,price,$/MWh,58.821127313063194
2048,NGFS2023REMIND_NDC,Global,Power,GasCap,price,$/MWh,58.821127313063194
2048,NGFS2023REMIND_FW,Global,Power,GasCap,price,$/MWh,58.821127313063194
2048,NGFS2023REMIND_CP,Global,Power,GasCap,price,$/MWh,58.821127313063194
2048,NGFS2023MESSAGE_NDC,Global,Power,GasCap,price,$/MWh,58.821127313063194
2048,NGFS2023MESSAGE_FW,Global,Power,GasCap,price,$/MWh,58.821127313063194
2048,NGFS2023MESSAGE_CP,Global,Power,GasCap,price,$/MWh,58.821127313063194
2049,NGFS2023GCAM_NDC,Global,Power,GasCap,price,$/MWh,58.8162534973956
2049,NGFS2023GCAM_FW,Global,Power,GasCap,price,$/MWh,58.8162534973956
2049,NGFS2023GCAM_CP,Global,Power,GasCap,price,$/MWh,58.8162534973956
2049,NGFS2023REMIND_NDC,Global,Power,GasCap,price,$/MWh,58.8162534973956
2049,NGFS2023REMIND_FW,Global,Power,GasCap,price,$/MWh,58.8162534973956
2049,NGFS2023REMIND_CP,Global,Power,GasCap,price,$/MWh,58.8162534973956
2049,NGFS2023MESSAGE_NDC,Global,Power,GasCap,price,$/MWh,58.8162534973956
2049,NGFS2023MESSAGE_FW,Global,Power,GasCap,price,$/MWh,58.8162534973956
2049,NGFS2023MESSAGE_CP,Global,Power,GasCap,price,$/MWh,58.8162534973956
2050,NGFS2023GCAM_NDC,Global,Power,GasCap,price,$/MWh,58.81222295973324
2050,NGFS2023GCAM_FW,Global,Power,GasCap,price,$/MWh,58.81222295973324
2050,NGFS2023GCAM_CP,Global,Power,GasCap,price,$/MWh,58.81222295973324
2050,NGFS2023REMIND_NDC,Global,Power,GasCap,price,$/MWh,58.81222295973324
2050,NGFS2023REMIND_FW,Global,Power,GasCap,price,$/MWh,58.81222295973324
2050,NGFS2023REMIND_CP,Global,Power,GasCap,price,$/MWh,58.81222295973324
2050,NGFS2023MESSAGE_NDC,Global,Power,GasCap,price,$/MWh,58.81222295973324
2050,NGFS2023MESSAGE_FW,Global,Power,GasCap,price,$/MWh,58.81222295973324
2050,NGFS2023MESSAGE_CP,Global,Power,GasCap,price,$/MWh,58.81222295973324
2051,NGFS2023GCAM_NDC,Global,Power,GasCap,price,$/MWh,58.80888973403883
2051,NGFS2023GCAM_FW,Global,Power,GasCap,price,$/MWh,58.80888973403883
2051,NGFS2023GCAM_CP,Global,Power,GasCap,price,$/MWh,58.80888973403883
2051,NGFS2023REMIND_NDC,Global,Power,GasCap,price,$/MWh,58.80888973403883
2051,NGFS2023REMIND_FW,Global,Power,GasCap,price,$/MWh,58.80888973403883
2051,NGFS2023REMIND_CP,Global,Power,GasCap,price,$/MWh,58.80888973403883
2051,NGFS2023MESSAGE_NDC,Global,Power,GasCap,price,$/MWh,58.80888973403883
2051,NGFS2023MESSAGE_FW,Global,Power,GasCap,price,$/MWh,58.80888973403883
2051,NGFS2023MESSAGE_CP,Global,Power,GasCap,price,$/MWh,58.80888973403883
2052,NGFS2023GCAM_NDC,Global,Power,GasCap,price,$/MWh,58.80613316006506
2052,NGFS2023GCAM_FW,Global,Power,GasCap,price,$/MWh,58.80613316006506
2052,NGFS2023GCAM_CP,Global,Power,GasCap,price,$/MWh,58.80613316006506
2052,NGFS2023REMIND_NDC,Global,Power,GasCap,price,$/MWh,58.80613316006506
2052,NGFS2023REMIND_FW,Global,Power,GasCap,price,$/MWh,58.80613316006506
2052,NGFS2023REMIND_CP,Global,Power,GasCap,price,$/MWh,58.80613316006506
2052,NGFS2023MESSAGE_NDC,Global,Power,GasCap,price,$/MWh,58.80613316006506
2052,NGFS2023MESSAGE_FW,Global,Power,GasCap,price,$/MWh,58.80613316006506
2052,NGFS2023MESSAGE_CP,Global,Power,GasCap,price,$/MWh,58.80613316006506
2053,NGFS2023GCAM_NDC,Global,Power,GasCap,price,$/MWh,58.80385346105189
2053,NGFS2023GCAM_FW,Global,Power,GasCap,price,$/MWh,58.80385346105189
2053,NGFS2023GCAM_CP,Global,Power,GasCap,price,$/MWh,58.80385346105189
2053,NGFS2023REMIND_NDC,Global,Power,GasCap,price,$/MWh,58.80385346105189
2053,NGFS2023REMIND_FW,Global,Power,GasCap,price,$/MWh,58.80385346105189
2053,NGFS2023REMIND_CP,Global,Power,GasCap,price,$/MWh,58.80385346105189
2053,NGFS2023MESSAGE_NDC,Global,Power,GasCap,price,$/MWh,58.80385346105189
2053,NGFS2023MESSAGE_FW,Global,Power,GasCap,price,$/MWh,58.80385346105189
2053,NGFS2023MESSAGE_CP,Global,Power,GasCap,price,$/MWh,58.80385346105189
2054,NGFS2023GCAM_NDC,Global,Power,GasCap,price,$/MWh,58.80196811593344
2054,NGFS2023GCAM_FW,Global,Power,GasCap,price,$/MWh,58.80196811593344
2054,NGFS2023GCAM_CP,Global,Power,GasCap,price,$/MWh,58.80196811593344
2054,NGFS2023REMIND_NDC,Global,Power,GasCap,price,$/MWh,58.80196811593344
2054,NGFS2023REMIND_FW,Global,Power,GasCap,price,$/MWh,58.80196811593344
2054,NGFS2023REMIND_CP,Global,Power,GasCap,price,$/MWh,58.80196811593344
2054,NGFS2023MESSAGE_NDC,Global,Power,GasCap,price,$/MWh,58.80196811593344
2054,NGFS2023MESSAGE_FW,Global,Power,GasCap,price,$/MWh,58.80196811593344
2054,NGFS2023MESSAGE_CP,Global,Power,GasCap,price,$/MWh,58.80196811593344
2055,NGFS2023GCAM_NDC,Global,Power,GasCap,price,$/MWh,58.80040890314694
2055,NGFS2023GCAM_FW,Global,Power,GasCap,price,$/MWh,58.80040890314694
2055,NGFS2023GCAM_CP,Global,Power,GasCap,price,$/MWh,58.80040890314694
2055,NGFS2023REMIND_NDC,Global,Power,GasCap,price,$/MWh,58.80040890314694
2055,NGFS2023REMIND_FW,Global,Power,GasCap,price,$/MWh,58.80040890314694
2055,NGFS2023REMIND_CP,Global,Power,GasCap,price,$/MWh,58.80040890314694
2055,NGFS2023MESSAGE_NDC,Global,Power,GasCap,price,$/MWh,58.80040890314694
2055,NGFS2023MESSAGE_FW,Global,Power,GasCap,price,$/MWh,58.80040890314694
2055,NGFS2023MESSAGE_CP,Global,Power,GasCap,price,$/MWh,58.80040890314694
2056,NGFS2023GCAM_NDC,Global,Power,GasCap,price,$/MWh,58.7991194054864
2056,NGFS2023GCAM_FW,Global,Power,GasCap,price,$/MWh,58.7991194054864
2056,NGFS2023GCAM_CP,Global,Power,GasCap,price,$/MWh,58.7991194054864
2056,NGFS2023REMIND_NDC,Global,Power,GasCap,price,$/MWh,58.7991194054864
2056,NGFS2023REMIND_FW,Global,Power,GasCap,price,$/MWh,58.7991194054864
2056,NGFS2023REMIND_CP,Global,Power,GasCap,price,$/MWh,58.7991194054864
2056,NGFS2023MESSAGE_NDC,Global,Power,GasCap,price,$/MWh,58.7991194054864
2056,NGFS2023MESSAGE_FW,Global,Power,GasCap,price,$/MWh,58.7991194054864
2056,NGFS2023MESSAGE_CP,Global,Power,GasCap,price,$/MWh,58.7991194054864
2057,NGFS2023GCAM_NDC,Global,Power,GasCap,price,$/MWh,58.79805295427432
2057,NGFS2023GCAM_FW,Global,Power,GasCap,price,$/MWh,58.79805295427432
2057,NGFS2023GCAM_CP,Global,Power,GasCap,price,$/MWh,58.79805295427432
2057,NGFS2023REMIND_NDC,Global,Power,GasCap,price,$/MWh,58.79805295427432
2057,NGFS2023REMIND_FW,Global,Power,GasCap,price,$/MWh,58.79805295427432
2057,NGFS2023REMIND_CP,Global,Power,GasCap,price,$/MWh,58.79805295427432
2057,NGFS2023MESSAGE_NDC,Global,Power,GasCap,price,$/MWh,58.79805295427432
2057,NGFS2023MESSAGE_FW,Global,Power,GasCap,price,$/MWh,58.79805295427432
2057,NGFS2023MESSAGE_CP,Global,Power,GasCap,price,$/MWh,58.79805295427432
2058,NGFS2023GCAM_NDC,Global,Power,GasCap,price,$/MWh,58.79717096205744
2058,NGFS2023GCAM_FW,Global,Power,GasCap,price,$/MWh,58.79717096205744
2058,NGFS2023GCAM_CP,Global,Power,GasCap,price,$/MWh,58.79717096205744
2058,NGFS2023REMIND_NDC,Global,Power,GasCap,price,$/MWh,58.79717096205744
2058,NGFS2023REMIND_FW,Global,Power,GasCap,price,$/MWh,58.79717096205744
2058,NGFS2023REMIND_CP,Global,Power,GasCap,price,$/MWh,58.79717096205744
2058,NGFS2023MESSAGE_NDC,Global,Power,GasCap,price,$/MWh,58.79717096205744
2058,NGFS2023MESSAGE_FW,Global,Power,GasCap,price,$/MWh,58.79717096205744
2058,NGFS2023MESSAGE_CP,Global,Power,GasCap,price,$/MWh,58.79717096205744
2059,NGFS2023GCAM_NDC,Global,Power,GasCap,price,$/MWh,58.79644153413186
2059,NGFS2023GCAM_FW,Global,Power,GasCap,price,$/MWh,58.79644153413186
2059,NGFS2023GCAM_CP,Global,Power,GasCap,price,$/MWh,58.79644153413186
2059,NGFS2023REMIND_NDC,Global,Power,GasCap,price,$/MWh,58.79644153413186
2059,NGFS2023REMIND_FW,Global,Power,GasCap,price,$/MWh,58.79644153413186
2059,NGFS2023REMIND_CP,Global,Power,GasCap,price,$/MWh,58.79644153413186
2059,NGFS2023MESSAGE_NDC,Global,Power,GasCap,price,$/MWh,58.79644153413186
2059,NGFS2023MESSAGE_FW,Global,Power,GasCap,price,$/MWh,58.79644153413186
2059,NGFS2023MESSAGE_CP,Global,Power,GasCap,price,$/MWh,58.79644153413186
2060,NGFS2023GCAM_NDC,Global,Power,GasCap,price,$/MWh,58.79583827917091
2060,NGFS2023GCAM_FW,Global,Power,GasCap,price,$/MWh,58.79583827917091
2060,NGFS2023GCAM_CP,Global,Power,GasCap,price,$/MWh,58.79583827917091
2060,NGFS2023REMIND_NDC,Global,Power,GasCap,price,$/MWh,58.79583827917091
2060,NGFS2023REMIND_FW,Global,Power,GasCap,price,$/MWh,58.79583827917091
2060,NGFS2023REMIND_CP,Global,Power,GasCap,price,$/MWh,58.79583827917091
2060,NGFS2023MESSAGE_NDC,Global,Power,GasCap,price,$/MWh,58.79583827917091
2060,NGFS2023MESSAGE_FW,Global,Power,GasCap,price,$/MWh,58.79583827917091
2060,NGFS2023MESSAGE_CP,Global,Power,GasCap,price,$/MWh,58.79583827917091
2061,NGFS2023GCAM_NDC,Global,Power,GasCap,price,$/MWh,58.79533935807949
2061,NGFS2023GCAM_FW,Global,Power,GasCap,price,$/MWh,58.79533935807949
2061,NGFS2023GCAM_CP,Global,Power,GasCap,price,$/MWh,58.79533935807949
2061,NGFS2023REMIND_NDC,Global,Power,GasCap,price,$/MWh,58.79533935807949
2061,NGFS2023REMIND_FW,Global,Power,GasCap,price,$/MWh,58.79533935807949
2061,NGFS2023REMIND_CP,Global,Power,GasCap,price,$/MWh,58.79533935807949
2061,NGFS2023MESSAGE_NDC,Global,Power,GasCap,price,$/MWh,58.79533935807949
2061,NGFS2023MESSAGE_FW,Global,Power,GasCap,price,$/MWh,58.79533935807949
2061,NGFS2023MESSAGE_CP,Global,Power,GasCap,price,$/MWh,58.79533935807949
2062,NGFS2023GCAM_NDC,Global,Power,GasCap,price,$/MWh,58.79492673122455
2062,NGFS2023GCAM_FW,Global,Power,GasCap,price,$/MWh,58.79492673122455
2062,NGFS2023GCAM_CP,Global,Power,GasCap,price,$/MWh,58.79492673122455
2062,NGFS2023REMIND_NDC,Global,Power,GasCap,price,$/MWh,58.79492673122455
2062,NGFS2023REMIND_FW,Global,Power,GasCap,price,$/MWh,58.79492673122455
2062,NGFS2023REMIND_CP,Global,Power,GasCap,price,$/MWh,58.79492673122455
2062,NGFS2023MESSAGE_NDC,Global,Power,GasCap,price,$/MWh,58.79492673122455
2062,NGFS2023MESSAGE_FW,Global,Power,GasCap,price,$/MWh,58.79492673122455
2062,NGFS2023MESSAGE_CP,Global,Power,GasCap,price,$/MWh,58.79492673122455
2063,NGFS2023GCAM_NDC,Global,Power,GasCap,price,$/MWh,58.79458547530508
2063,NGFS2023GCAM_FW,Global,Power,GasCap,price,$/MWh,58.79458547530508
2063,NGFS2023GCAM_CP,Global,Power,GasCap,price,$/MWh,58.79458547530508
2063,NGFS2023REMIND_NDC,Global,Power,GasCap,price,$/MWh,58.79458547530508
2063,NGFS2023REMIND_FW,Global,Power,GasCap,price,$/MWh,58.79458547530508
2063,NGFS2023REMIND_CP,Global,Power,GasCap,price,$/MWh,58.79458547530508
2063,NGFS2023MESSAGE_NDC,Global,Power,GasCap,price,$/MWh,58.79458547530508
2063,NGFS2023MESSAGE_FW,Global,Power,GasCap,price,$/MWh,58.79458547530508
2063,NGFS2023MESSAGE_CP,Global,Power,GasCap,price,$/MWh,58.79458547530508
2064,NGFS2023GCAM_NDC,Global,Power,GasCap,price,$/MWh,58.79430324882607
2064,NGFS2023GCAM_FW,Global,Power,GasCap,price,$/MWh,58.79430324882607
2064,NGFS2023GCAM_CP,Global,Power,GasCap,price,$/MWh,58.79430324882607
2064,NGFS2023REMIND_NDC,Global,Power,GasCap,price,$/MWh,58.79430324882607
2064,NGFS2023REMIND_FW,Global,Power,GasCap,price,$/MWh,58.79430324882607
2064,NGFS2023REMIND_CP,Global,Power,GasCap,price,$/MWh,58.79430324882607
2064,NGFS2023MESSAGE_NDC,Global,Power,GasCap,price,$/MWh,58.79430324882607
2064,NGFS2023MESSAGE_FW,Global,Power,GasCap,price,$/MWh,58.79430324882607
2064,NGFS2023MESSAGE_CP,Global,Power,GasCap,price,$/MWh,58.79430324882607
2065,NGFS2023GCAM_NDC,Global,Power,GasCap,price,$/MWh,58.79406983687013
2065,NGFS2023GCAM_FW,Global,Power,GasCap,price,$/MWh,58.79406983687013
2065,NGFS2023GCAM_CP,Global,Power,GasCap,price,$/MWh,58.79406983687013
2065,NGFS2023REMIND_NDC,Global,Power,GasCap,price,$/MWh,58.79406983687013
2065,NGFS2023REMIND_FW,Global,Power,GasCap,price,$/MWh,58.79406983687013
2065,NGFS2023REMIND_CP,Global,Power,GasCap,price,$/MWh,58.79406983687013
2065,NGFS2023MESSAGE_NDC,Global,Power,GasCap,price,$/MWh,58.79406983687013
2065,NGFS2023MESSAGE_FW,Global,Power,GasCap,price,$/MWh,58.79406983687013
2065,NGFS2023MESSAGE_CP,Global,Power,GasCap,price,$/MWh,58.79406983687013
2066,NGFS2023GCAM_NDC,Global,Power,GasCap,price,$/MWh,58.793876794876574
2066,NGFS2023GCAM_FW,Global,Power,GasCap,price,$/MWh,58.793876794876574
2066,NGFS2023GCAM_CP,Global,Power,GasCap,price,$/MWh,58.793876794876574
2066,NGFS2023REMIND_NDC,Global,Power,GasCap,price,$/MWh,58.793876794876574
2066,NGFS2023REMIND_FW,Global,Power,GasCap,price,$/MWh,58.793876794876574
2066,NGFS2023REMIND_CP,Global,Power,GasCap,price,$/MWh,58.793876794876574
2066,NGFS2023MESSAGE_NDC,Global,Power,GasCap,price,$/MWh,58.793876794876574
2066,NGFS2023MESSAGE_FW,Global,Power,GasCap,price,$/MWh,58.793876794876574
2066,NGFS2023MESSAGE_CP,Global,Power,GasCap,price,$/MWh,58.793876794876574
2067,NGFS2023GCAM_NDC,Global,Power,GasCap,price,$/MWh,58.79371713206211
2067,NGFS2023GCAM_FW,Global,Power,GasCap,price,$/MWh,58.79371713206211
2067,NGFS2023GCAM_CP,Global,Power,GasCap,price,$/MWh,58.79371713206211
2067,NGFS2023REMIND_NDC,Global,Power,GasCap,price,$/MWh,58.79371713206211
2067,NGFS2023REMIND_FW,Global,Power,GasCap,price,$/MWh,58.79371713206211
2067,NGFS2023REMIND_CP,Global,Power,GasCap,price,$/MWh,58.79371713206211
2067,NGFS2023MESSAGE_NDC,Global,Power,GasCap,price,$/MWh,58.79371713206211
2067,NGFS2023MESSAGE_FW,Global,Power,GasCap,price,$/MWh,58.79371713206211
2067,NGFS2023MESSAGE_CP,Global,Power,GasCap,price,$/MWh,58.79371713206211
2068,NGFS2023GCAM_NDC,Global,Power,GasCap,price,$/MWh,58.79358509377442
2068,NGFS2023GCAM_FW,Global,Power,GasCap,price,$/MWh,58.79358509377442
2068,NGFS2023GCAM_CP,Global,Power,GasCap,price,$/MWh,58.79358509377442
2068,NGFS2023REMIND_NDC,Global,Power,GasCap,price,$/MWh,58.79358509377442
2068,NGFS2023REMIND_FW,Global,Power,GasCap,price,$/MWh,58.79358509377442
2068,NGFS2023REMIND_CP,Global,Power,GasCap,price,$/MWh,58.79358509377442
2068,NGFS2023MESSAGE_NDC,Global,Power,GasCap,price,$/MWh,58.79358509377442
2068,NGFS2023MESSAGE_FW,Global,Power,GasCap,price,$/MWh,58.79358509377442
2068,NGFS2023MESSAGE_CP,Global,Power,GasCap,price,$/MWh,58.79358509377442
2069,NGFS2023GCAM_NDC,Global,Power,GasCap,price,$/MWh,58.79347589445553
2069,NGFS2023GCAM_FW,Global,Power,GasCap,price,$/MWh,58.79347589445553
2069,NGFS2023GCAM_CP,Global,Power,GasCap,price,$/MWh,58.79347589445553
2069,NGFS2023REMIND_NDC,Global,Power,GasCap,price,$/MWh,58.79347589445553
2069,NGFS2023REMIND_FW,Global,Power,GasCap,price,$/MWh,58.79347589445553
2069,NGFS2023REMIND_CP,Global,Power,GasCap,price,$/MWh,58.79347589445553
2069,NGFS2023MESSAGE_NDC,Global,Power,GasCap,price,$/MWh,58.79347589445553
2069,NGFS2023MESSAGE_FW,Global,Power,GasCap,price,$/MWh,58.79347589445553
2069,NGFS2023MESSAGE_CP,Global,Power,GasCap,price,$/MWh,58.79347589445553
2022,NGFS2023GCAM_NDC,Global,Power,HydroCap,price,$/MWh,52.88135607909605
2022,NGFS2023GCAM_FW,Global,Power,HydroCap,price,$/MWh,52.88135607909605
2022,NGFS2023GCAM_CP,Global,Power,HydroCap,price,$/MWh,52.88135607909605
2022,NGFS2023REMIND_NDC,Global,Power,HydroCap,price,$/MWh,52.88135607909605
2022,NGFS2023REMIND_FW,Global,Power,HydroCap,price,$/MWh,52.88135607909605
2022,NGFS2023REMIND_CP,Global,Power,HydroCap,price,$/MWh,52.88135607909605
2022,NGFS2023MESSAGE_NDC,Global,Power,HydroCap,price,$/MWh,52.88135607909605
2022,NGFS2023MESSAGE_FW,Global,Power,HydroCap,price,$/MWh,52.88135607909605
2022,NGFS2023MESSAGE_CP,Global,Power,HydroCap,price,$/MWh,52.88135607909605
2023,NGFS2023GCAM_NDC,Global,Power,HydroCap,price,$/MWh,52.88135607909605
2023,NGFS2023GCAM_FW,Global,Power,HydroCap,price,$/MWh,52.88135607909605
2023,NGFS2023GCAM_CP,Global,Power,HydroCap,price,$/MWh,52.88135607909605
2023,NGFS2023REMIND_NDC,Global,Power,HydroCap,price,$/MWh,52.88135607909605
2023,NGFS2023REMIND_FW,Global,Power,HydroCap,price,$/MWh,52.88135607909605
2023,NGFS2023REMIND_CP,Global,Power,HydroCap,price,$/MWh,52.88135607909605
2023,NGFS2023MESSAGE_NDC,Global,Power,HydroCap,price,$/MWh,52.88135607909605
2023,NGFS2023MESSAGE_FW,Global,Power,HydroCap,price,$/MWh,52.88135607909605
2023,NGFS2023MESSAGE_CP,Global,Power,HydroCap,price,$/MWh,52.88135607909605
2024,NGFS2023GCAM_NDC,Global,Power,HydroCap,price,$/MWh,52.88135607909605
2024,NGFS2023GCAM_FW,Global,Power,HydroCap,price,$/MWh,52.88135607909605
2024,NGFS2023GCAM_CP,Global,Power,HydroCap,price,$/MWh,52.88135607909605
2024,NGFS2023REMIND_NDC,Global,Power,HydroCap,price,$/MWh,52.88135607909605
2024,NGFS2023REMIND_FW,Global,Power,HydroCap,price,$/MWh,52.88135607909605
2024,NGFS2023REMIND_CP,Global,Power,HydroCap,price,$/MWh,52.88135607909605
2024,NGFS2023MESSAGE_NDC,Global,Power,HydroCap,price,$/MWh,52.88135607909605
2024,NGFS2023MESSAGE_FW,Global,Power,HydroCap,price,$/MWh,52.88135607909605
2024,NGFS2023MESSAGE_CP,Global,Power,HydroCap,price,$/MWh,52.88135607909605
2025,NGFS2023GCAM_NDC,Global,Power,HydroCap,price,$/MWh,52.88135607909605
2025,NGFS2023GCAM_FW,Global,Power,HydroCap,price,$/MWh,52.88135607909605
2025,NGFS2023GCAM_CP,Global,Power,HydroCap,price,$/MWh,52.88135607909605
2025,NGFS2023REMIND_NDC,Global,Power,HydroCap,price,$/MWh,52.88135607909605
2025,NGFS2023REMIND_FW,Global,Power,HydroCap,price,$/MWh,52.88135607909605
2025,NGFS2023REMIND_CP,Global,Power,HydroCap,price,$/MWh,52.88135607909605
2025,NGFS2023MESSAGE_NDC,Global,Power,HydroCap,price,$/MWh,52.88135607909605
2025,NGFS2023MESSAGE_FW,Global,Power,HydroCap,price,$/MWh,52.88135607909605
2025,NGFS2023MESSAGE_CP,Global,Power,HydroCap,price,$/MWh,52.88135607909605
2026,NGFS2023GCAM_NDC,Global,Power,HydroCap,price,$/MWh,52.88135607909605
2026,NGFS2023GCAM_FW,Global,Power,HydroCap,price,$/MWh,52.88135607909605
2026,NGFS2023GCAM_CP,Global,Power,HydroCap,price,$/MWh,52.88135607909605
2026,NGFS2023REMIND_NDC,Global,Power,HydroCap,price,$/MWh,52.88135607909605
2026,NGFS2023REMIND_FW,Global,Power,HydroCap,price,$/MWh,52.88135607909605
2026,NGFS2023REMIND_CP,Global,Power,HydroCap,price,$/MWh,52.88135607909605
2026,NGFS2023MESSAGE_NDC,Global,Power,HydroCap,price,$/MWh,52.88135607909605
2026,NGFS2023MESSAGE_FW,Global,Power,HydroCap,price,$/MWh,52.88135607909605
2026,NGFS2023MESSAGE_CP,Global,Power,HydroCap,price,$/MWh,52.88135607909605
2027,NGFS2023GCAM_NDC,Global,Power,HydroCap,price,$/MWh,52.88135607909605
2027,NGFS2023GCAM_FW,Global,Power,HydroCap,price,$/MWh,52.88135607909605
2027,NGFS2023GCAM_CP,Global,Power,HydroCap,price,$/MWh,52.88135607909605
2027,NGFS2023REMIND_NDC,Global,Power,HydroCap,price,$/MWh,52.88135607909605
2027,NGFS2023REMIND_FW,Global,Power,HydroCap,price,$/MWh,52.88135607909605
2027,NGFS2023REMIND_CP,Global,Power,HydroCap,price,$/MWh,52.88135607909605
2027,NGFS2023MESSAGE_NDC,Global,Power,HydroCap,price,$/MWh,52.88135607909605
2027,NGFS2023MESSAGE_FW,Global,Power,HydroCap,price,$/MWh,52.88135607909605
2027,NGFS2023MESSAGE_CP,Global,Power,HydroCap,price,$/MWh,52.88135607909605
2028,NGFS2023GCAM_NDC,Global,Power,HydroCap,price,$/MWh,52.88135607909605
2028,NGFS2023GCAM_FW,Global,Power,HydroCap,price,$/MWh,52.88135607909605
2028,NGFS2023GCAM_CP,Global,Power,HydroCap,price,$/MWh,52.88135607909605
2028,NGFS2023REMIND_NDC,Global,Power,HydroCap,price,$/MWh,52.88135607909605
2028,NGFS2023REMIND_FW,Global,Power,HydroCap,price,$/MWh,52.88135607909605
2028,NGFS2023REMIND_CP,Global,Power,HydroCap,price,$/MWh,52.88135607909605
2028,NGFS2023MESSAGE_NDC,Global,Power,HydroCap,price,$/MWh,52.88135607909605
2028,NGFS2023MESSAGE_FW,Global,Power,HydroCap,price,$/MWh,52.88135607909605
2028,NGFS2023MESSAGE_CP,Global,Power,HydroCap,price,$/MWh,52.88135607909605
2029,NGFS2023GCAM_NDC,Global,Power,HydroCap,price,$/MWh,52.88135607909605
2029,NGFS2023GCAM_FW,Global,Power,HydroCap,price,$/MWh,52.88135607909605
2029,NGFS2023GCAM_CP,Global,Power,HydroCap,price,$/MWh,52.88135607909605
2029,NGFS2023REMIND_NDC,Global,Power,HydroCap,price,$/MWh,52.88135607909605
2029,NGFS2023REMIND_FW,Global,Power,HydroCap,price,$/MWh,52.88135607909605
2029,NGFS2023REMIND_CP,Global,Power,HydroCap,price,$/MWh,52.88135607909605
2029,NGFS2023MESSAGE_NDC,Global,Power,HydroCap,price,$/MWh,52.88135607909605
2029,NGFS2023MESSAGE_FW,Global,Power,HydroCap,price,$/MWh,52.88135607909605
2029,NGFS2023MESSAGE_CP,Global,Power,HydroCap,price,$/MWh,52.88135607909605
2030,NGFS2023GCAM_NDC,Global,Power,HydroCap,price,$/MWh,52.88135607909605
2030,NGFS2023GCAM_FW,Global,Power,HydroCap,price,$/MWh,52.88135607909605
2030,NGFS2023GCAM_CP,Global,Power,HydroCap,price,$/MWh,52.88135607909605
2030,NGFS2023REMIND_NDC,Global,Power,HydroCap,price,$/MWh,52.88135607909605
2030,NGFS2023REMIND_FW,Global,Power,HydroCap,price,$/MWh,52.88135607909605
2030,NGFS2023REMIND_CP,Global,Power,HydroCap,price,$/MWh,52.88135607909605
2030,NGFS2023MESSAGE_NDC,Global,Power,HydroCap,price,$/MWh,52.88135607909605
2030,NGFS2023MESSAGE_FW,Global,Power,HydroCap,price,$/MWh,52.88135607909605
2030,NGFS2023MESSAGE_CP,Global,Power,HydroCap,price,$/MWh,52.88135607909605
2031,NGFS2023GCAM_NDC,Global,Power,HydroCap,price,$/MWh,52.88135607909605
2031,NGFS2023GCAM_FW,Global,Power,HydroCap,price,$/MWh,52.88135607909605
2031,NGFS2023GCAM_CP,Global,Power,HydroCap,price,$/MWh,52.88135607909605
2031,NGFS2023REMIND_NDC,Global,Power,HydroCap,price,$/MWh,52.88135607909605
2031,NGFS2023REMIND_FW,Global,Power,HydroCap,price,$/MWh,52.88135607909605
2031,NGFS2023REMIND_CP,Global,Power,HydroCap,price,$/MWh,52.88135607909605
2031,NGFS2023MESSAGE_NDC,Global,Power,HydroCap,price,$/MWh,52.88135607909605
2031,NGFS2023MESSAGE_FW,Global,Power,HydroCap,price,$/MWh,52.88135607909605
2031,NGFS2023MESSAGE_CP,Global,Power,HydroCap,price,$/MWh,52.88135607909605
2032,NGFS2023GCAM_NDC,Global,Power,HydroCap,price,$/MWh,52.88135607909605
2032,NGFS2023GCAM_FW,Global,Power,HydroCap,price,$/MWh,52.88135607909605
2032,NGFS2023GCAM_CP,Global,Power,HydroCap,price,$/MWh,52.88135607909605
2032,NGFS2023REMIND_NDC,Global,Power,HydroCap,price,$/MWh,52.88135607909605
2032,NGFS2023REMIND_FW,Global,Power,HydroCap,price,$/MWh,52.88135607909605
2032,NGFS2023REMIND_CP,Global,Power,HydroCap,price,$/MWh,52.88135607909605
2032,NGFS2023MESSAGE_NDC,Global,Power,HydroCap,price,$/MWh,52.88135607909605
2032,NGFS2023MESSAGE_FW,Global,Power,HydroCap,price,$/MWh,52.88135607909605
2032,NGFS2023MESSAGE_CP,Global,Power,HydroCap,price,$/MWh,52.88135607909605
2033,NGFS2023GCAM_NDC,Global,Power,HydroCap,price,$/MWh,52.88135607909605
2033,NGFS2023GCAM_FW,Global,Power,HydroCap,price,$/MWh,52.88135607909605
2033,NGFS2023GCAM_CP,Global,Power,HydroCap,price,$/MWh,52.88135607909605
2033,NGFS2023REMIND_NDC,Global,Power,HydroCap,price,$/MWh,52.88135607909605
2033,NGFS2023REMIND_FW,Global,Power,HydroCap,price,$/MWh,52.88135607909605
2033,NGFS2023REMIND_CP,Global,Power,HydroCap,price,$/MWh,52.88135607909605
2033,NGFS2023MESSAGE_NDC,Global,Power,HydroCap,price,$/MWh,52.88135607909605
2033,NGFS2023MESSAGE_FW,Global,Power,HydroCap,price,$/MWh,52.88135607909605
2033,NGFS2023MESSAGE_CP,Global,Power,HydroCap,price,$/MWh,52.88135607909605
2034,NGFS2023GCAM_NDC,Global,Power,HydroCap,price,$/MWh,52.88135607909605
2034,NGFS2023GCAM_FW,Global,Power,HydroCap,price,$/MWh,52.88135607909605
2034,NGFS2023GCAM_CP,Global,Power,HydroCap,price,$/MWh,52.88135607909605
2034,NGFS2023REMIND_NDC,Global,Power,HydroCap,price,$/MWh,52.88135607909605
2034,NGFS2023REMIND_FW,Global,Power,HydroCap,price,$/MWh,52.88135607909605
2034,NGFS2023REMIND_CP,Global,Power,HydroCap,price,$/MWh,52.88135607909605
2034,NGFS2023MESSAGE_NDC,Global,Power,HydroCap,price,$/MWh,52.88135607909605
2034,NGFS2023MESSAGE_FW,Global,Power,HydroCap,price,$/MWh,52.88135607909605
2034,NGFS2023MESSAGE_CP,Global,Power,HydroCap,price,$/MWh,52.88135607909605
2035,NGFS2023GCAM_NDC,Global,Power,HydroCap,price,$/MWh,52.88135607909605
2035,NGFS2023GCAM_FW,Global,Power,HydroCap,price,$/MWh,52.88135607909605
2035,NGFS2023GCAM_CP,Global,Power,HydroCap,price,$/MWh,52.88135607909605
2035,NGFS2023REMIND_NDC,Global,Power,HydroCap,price,$/MWh,52.88135607909605
2035,NGFS2023REMIND_FW,Global,Power,HydroCap,price,$/MWh,52.88135607909605
2035,NGFS2023REMIND_CP,Global,Power,HydroCap,price,$/MWh,52.88135607909605
2035,NGFS2023MESSAGE_NDC,Global,Power,HydroCap,price,$/MWh,52.88135607909605
2035,NGFS2023MESSAGE_FW,Global,Power,HydroCap,price,$/MWh,52.88135607909605
2035,NGFS2023MESSAGE_CP,Global,Power,HydroCap,price,$/MWh,52.88135607909605
2036,NGFS2023GCAM_NDC,Global,Power,HydroCap,price,$/MWh,52.88135607909605
2036,NGFS2023GCAM_FW,Global,Power,HydroCap,price,$/MWh,52.88135607909605
2036,NGFS2023GCAM_CP,Global,Power,HydroCap,price,$/MWh,52.88135607909605
2036,NGFS2023REMIND_NDC,Global,Power,HydroCap,price,$/MWh,52.88135607909605
2036,NGFS2023REMIND_FW,Global,Power,HydroCap,price,$/MWh,52.88135607909605
2036,NGFS2023REMIND_CP,Global,Power,HydroCap,price,$/MWh,52.88135607909605
2036,NGFS2023MESSAGE_NDC,Global,Power,HydroCap,price,$/MWh,52.88135607909605
2036,NGFS2023MESSAGE_FW,Global,Power,HydroCap,price,$/MWh,52.88135607909605
2036,NGFS2023MESSAGE_CP,Global,Power,HydroCap,price,$/MWh,52.88135607909605
2037,NGFS2023GCAM_NDC,Global,Power,HydroCap,price,$/MWh,52.88135607909605
2037,NGFS2023GCAM_FW,Global,Power,HydroCap,price,$/MWh,52.88135607909605
2037,NGFS2023GCAM_CP,Global,Power,HydroCap,price,$/MWh,52.88135607909605
2037,NGFS2023REMIND_NDC,Global,Power,HydroCap,price,$/MWh,52.88135607909605
2037,NGFS2023REMIND_FW,Global,Power,HydroCap,price,$/MWh,52.88135607909605
2037,NGFS2023REMIND_CP,Global,Power,HydroCap,price,$/MWh,52.88135607909605
2037,NGFS2023MESSAGE_NDC,Global,Power,HydroCap,price,$/MWh,52.88135607909605
2037,NGFS2023MESSAGE_FW,Global,Power,HydroCap,price,$/MWh,52.88135607909605
2037,NGFS2023MESSAGE_CP,Global,Power,HydroCap,price,$/MWh,52.88135607909605
2038,NGFS2023GCAM_NDC,Global,Power,HydroCap,price,$/MWh,52.88135607909605
2038,NGFS2023GCAM_FW,Global,Power,HydroCap,price,$/MWh,52.88135607909605
2038,NGFS2023GCAM_CP,Global,Power,HydroCap,price,$/MWh,52.88135607909605
2038,NGFS2023REMIND_NDC,Global,Power,HydroCap,price,$/MWh,52.88135607909605
2038,NGFS2023REMIND_FW,Global,Power,HydroCap,price,$/MWh,52.88135607909605
2038,NGFS2023REMIND_CP,Global,Power,HydroCap,price,$/MWh,52.88135607909605
2038,NGFS2023MESSAGE_NDC,Global,Power,HydroCap,price,$/MWh,52.88135607909605
2038,NGFS2023MESSAGE_FW,Global,Power,HydroCap,price,$/MWh,52.88135607909605
2038,NGFS2023MESSAGE_CP,Global,Power,HydroCap,price,$/MWh,52.88135607909605
2039,NGFS2023GCAM_NDC,Global,Power,HydroCap,price,$/MWh,52.88135607909605
2039,NGFS2023GCAM_FW,Global,Power,HydroCap,price,$/MWh,52.88135607909605
2039,NGFS2023GCAM_CP,Global,Power,HydroCap,price,$/MWh,52.88135607909605
2039,NGFS2023REMIND_NDC,Global,Power,HydroCap,price,$/MWh,52.88135607909605
2039,NGFS2023REMIND_FW,Global,Power,HydroCap,price,$/MWh,52.88135607909605
2039,NGFS2023REMIND_CP,Global,Power,HydroCap,price,$/MWh,52.88135607909605
2039,NGFS2023MESSAGE_NDC,Global,Power,HydroCap,price,$/MWh,52.88135607909605
2039,NGFS2023MESSAGE_FW,Global,Power,HydroCap,price,$/MWh,52.88135607909605
2039,NGFS2023MESSAGE_CP,Global,Power,HydroCap,price,$/MWh,52.88135607909605
2040,NGFS2023GCAM_NDC,Global,Power,HydroCap,price,$/MWh,52.88135607909605
2040,NGFS2023GCAM_FW,Global,Power,HydroCap,price,$/MWh,52.88135607909605
2040,NGFS2023GCAM_CP,Global,Power,HydroCap,price,$/MWh,52.88135607909605
2040,NGFS2023REMIND_NDC,Global,Power,HydroCap,price,$/MWh,52.88135607909605
2040,NGFS2023REMIND_FW,Global,Power,HydroCap,price,$/MWh,52.88135607909605
2040,NGFS2023REMIND_CP,Global,Power,HydroCap,price,$/MWh,52.88135607909605
2040,NGFS2023MESSAGE_NDC,Global,Power,HydroCap,price,$/MWh,52.88135607909605
2040,NGFS2023MESSAGE_FW,Global,Power,HydroCap,price,$/MWh,52.88135607909605
2040,NGFS2023MESSAGE_CP,Global,Power,HydroCap,price,$/MWh,52.88135607909605
2041,NGFS2023GCAM_NDC,Global,Power,HydroCap,price,$/MWh,52.88135607909605
2041,NGFS2023GCAM_FW,Global,Power,HydroCap,price,$/MWh,52.88135607909605
2041,NGFS2023GCAM_CP,Global,Power,HydroCap,price,$/MWh,52.88135607909605
2041,NGFS2023REMIND_NDC,Global,Power,HydroCap,price,$/MWh,52.88135607909605
2041,NGFS2023REMIND_FW,Global,Power,HydroCap,price,$/MWh,52.88135607909605
2041,NGFS2023REMIND_CP,Global,Power,HydroCap,price,$/MWh,52.88135607909605
2041,NGFS2023MESSAGE_NDC,Global,Power,HydroCap,price,$/MWh,52.88135607909605
2041,NGFS2023MESSAGE_FW,Global,Power,HydroCap,price,$/MWh,52.88135607909605
2041,NGFS2023MESSAGE_CP,Global,Power,HydroCap,price,$/MWh,52.88135607909605
2042,NGFS2023GCAM_NDC,Global,Power,HydroCap,price,$/MWh,52.88135607909605
2042,NGFS2023GCAM_FW,Global,Power,HydroCap,price,$/MWh,52.88135607909605
2042,NGFS2023GCAM_CP,Global,Power,HydroCap,price,$/MWh,52.88135607909605
2042,NGFS2023REMIND_NDC,Global,Power,HydroCap,price,$/MWh,52.88135607909605
2042,NGFS2023REMIND_FW,Global,Power,HydroCap,price,$/MWh,52.88135607909605
2042,NGFS2023REMIND_CP,Global,Power,HydroCap,price,$/MWh,52.88135607909605
2042,NGFS2023MESSAGE_NDC,Global,Power,HydroCap,price,$/MWh,52.88135607909605
2042,NGFS2023MESSAGE_FW,Global,Power,HydroCap,price,$/MWh,52.88135607909605
2042,NGFS2023MESSAGE_CP,Global,Power,HydroCap,price,$/MWh,52.88135607909605
2043,NGFS2023GCAM_NDC,Global,Power,HydroCap,price,$/MWh,52.88135607909605
2043,NGFS2023GCAM_FW,Global,Power,HydroCap,price,$/MWh,52.88135607909605
2043,NGFS2023GCAM_CP,Global,Power,HydroCap,price,$/MWh,52.88135607909605
2043,NGFS2023REMIND_NDC,Global,Power,HydroCap,price,$/MWh,52.88135607909605
2043,NGFS2023REMIND_FW,Global,Power,HydroCap,price,$/MWh,52.88135607909605
2043,NGFS2023REMIND_CP,Global,Power,HydroCap,price,$/MWh,52.88135607909605
2043,NGFS2023MESSAGE_NDC,Global,Power,HydroCap,price,$/MWh,52.88135607909605
2043,NGFS2023MESSAGE_FW,Global,Power,HydroCap,price,$/MWh,52.88135607909605
2043,NGFS2023MESSAGE_CP,Global,Power,HydroCap,price,$/MWh,52.88135607909605
2044,NGFS2023GCAM_NDC,Global,Power,HydroCap,price,$/MWh,52.88135607909605
2044,NGFS2023GCAM_FW,Global,Power,HydroCap,price,$/MWh,52.88135607909605
2044,NGFS2023GCAM_CP,Global,Power,HydroCap,price,$/MWh,52.88135607909605
2044,NGFS2023REMIND_NDC,Global,Power,HydroCap,price,$/MWh,52.88135607909605
2044,NGFS2023REMIND_FW,Global,Power,HydroCap,price,$/MWh,52.88135607909605
2044,NGFS2023REMIND_CP,Global,Power,HydroCap,price,$/MWh,52.88135607909605
2044,NGFS2023MESSAGE_NDC,Global,Power,HydroCap,price,$/MWh,52.88135607909605
2044,NGFS2023MESSAGE_FW,Global,Power,HydroCap,price,$/MWh,52.88135607909605
2044,NGFS2023MESSAGE_CP,Global,Power,HydroCap,price,$/MWh,52.88135607909605
2045,NGFS2023GCAM_NDC,Global,Power,HydroCap,price,$/MWh,52.88135607909605
2045,NGFS2023GCAM_FW,Global,Power,HydroCap,price,$/MWh,52.88135607909605
2045,NGFS2023GCAM_CP,Global,Power,HydroCap,price,$/MWh,52.88135607909605
2045,NGFS2023REMIND_NDC,Global,Power,HydroCap,price,$/MWh,52.88135607909605
2045,NGFS2023REMIND_FW,Global,Power,HydroCap,price,$/MWh,52.88135607909605
2045,NGFS2023REMIND_CP,Global,Power,HydroCap,price,$/MWh,52.88135607909605
2045,NGFS2023MESSAGE_NDC,Global,Power,HydroCap,price,$/MWh,52.88135607909605
2045,NGFS2023MESSAGE_FW,Global,Power,HydroCap,price,$/MWh,52.88135607909605
2045,NGFS2023MESSAGE_CP,Global,Power,HydroCap,price,$/MWh,52.88135607909605
2046,NGFS2023GCAM_NDC,Global,Power,HydroCap,price,$/MWh,52.88135607909605
2046,NGFS2023GCAM_FW,Global,Power,HydroCap,price,$/MWh,52.88135607909605
2046,NGFS2023GCAM_CP,Global,Power,HydroCap,price,$/MWh,52.88135607909605
2046,NGFS2023REMIND_NDC,Global,Power,HydroCap,price,$/MWh,52.88135607909605
2046,NGFS2023REMIND_FW,Global,Power,HydroCap,price,$/MWh,52.88135607909605
2046,NGFS2023REMIND_CP,Global,Power,HydroCap,price,$/MWh,52.88135607909605
2046,NGFS2023MESSAGE_NDC,Global,Power,HydroCap,price,$/MWh,52.88135607909605
2046,NGFS2023MESSAGE_FW,Global,Power,HydroCap,price,$/MWh,52.88135607909605
2046,NGFS2023MESSAGE_CP,Global,Power,HydroCap,price,$/MWh,52.88135607909605
2047,NGFS2023GCAM_NDC,Global,Power,HydroCap,price,$/MWh,52.88135607909605
2047,NGFS2023GCAM_FW,Global,Power,HydroCap,price,$/MWh,52.88135607909605
2047,NGFS2023GCAM_CP,Global,Power,HydroCap,price,$/MWh,52.88135607909605
2047,NGFS2023REMIND_NDC,Global,Power,HydroCap,price,$/MWh,52.88135607909605
2047,NGFS2023REMIND_FW,Global,Power,HydroCap,price,$/MWh,52.88135607909605
2047,NGFS2023REMIND_CP,Global,Power,HydroCap,price,$/MWh,52.88135607909605
2047,NGFS2023MESSAGE_NDC,Global,Power,HydroCap,price,$/MWh,52.88135607909605
2047,NGFS2023MESSAGE_FW,Global,Power,HydroCap,price,$/MWh,52.88135607909605
2047,NGFS2023MESSAGE_CP,Global,Power,HydroCap,price,$/MWh,52.88135607909605
2048,NGFS2023GCAM_NDC,Global,Power,HydroCap,price,$/MWh,52.88135607909605
2048,NGFS2023GCAM_FW,Global,Power,HydroCap,price,$/MWh,52.88135607909605
2048,NGFS2023GCAM_CP,Global,Power,HydroCap,price,$/MWh,52.88135607909605
2048,NGFS2023REMIND_NDC,Global,Power,HydroCap,price,$/MWh,52.88135607909605
2048,NGFS2023REMIND_FW,Global,Power,HydroCap,price,$/MWh,52.88135607909605
2048,NGFS2023REMIND_CP,Global,Power,HydroCap,price,$/MWh,52.88135607909605
2048,NGFS2023MESSAGE_NDC,Global,Power,HydroCap,price,$/MWh,52.88135607909605
2048,NGFS2023MESSAGE_FW,Global,Power,HydroCap,price,$/MWh,52.88135607909605
2048,NGFS2023MESSAGE_CP,Global,Power,HydroCap,price,$/MWh,52.88135607909605
2049,NGFS2023GCAM_NDC,Global,Power,HydroCap,price,$/MWh,52.88135607909605
2049,NGFS2023GCAM_FW,Global,Power,HydroCap,price,$/MWh,52.88135607909605
2049,NGFS2023GCAM_CP,Global,Power,HydroCap,price,$/MWh,52.88135607909605
2049,NGFS2023REMIND_NDC,Global,Power,HydroCap,price,$/MWh,52.88135607909605
2049,NGFS2023REMIND_FW,Global,Power,HydroCap,price,$/MWh,52.88135607909605
2049,NGFS2023REMIND_CP,Global,Power,HydroCap,price,$/MWh,52.88135607909605
2049,NGFS2023MESSAGE_NDC,Global,Power,HydroCap,price,$/MWh,52.88135607909605
2049,NGFS2023MESSAGE_FW,Global,Power,HydroCap,price,$/MWh,52.88135607909605
2049,NGFS2023MESSAGE_CP,Global,Power,HydroCap,price,$/MWh,52.88135607909605
2050,NGFS2023GCAM_NDC,Global,Power,HydroCap,price,$/MWh,52.88135607909605
2050,NGFS2023GCAM_FW,Global,Power,HydroCap,price,$/MWh,52.88135607909605
2050,NGFS2023GCAM_CP,Global,Power,HydroCap,price,$/MWh,52.88135607909605
2050,NGFS2023REMIND_NDC,Global,Power,HydroCap,price,$/MWh,52.88135607909605
2050,NGFS2023REMIND_FW,Global,Power,HydroCap,price,$/MWh,52.88135607909605
2050,NGFS2023REMIND_CP,Global,Power,HydroCap,price,$/MWh,52.88135607909605
2050,NGFS2023MESSAGE_NDC,Global,Power,HydroCap,price,$/MWh,52.88135607909605
2050,NGFS2023MESSAGE_FW,Global,Power,HydroCap,price,$/MWh,52.88135607909605
2050,NGFS2023MESSAGE_CP,Global,Power,HydroCap,price,$/MWh,52.88135607909605
2051,NGFS2023GCAM_NDC,Global,Power,HydroCap,price,$/MWh,52.88135607909605
2051,NGFS2023GCAM_FW,Global,Power,HydroCap,price,$/MWh,52.88135607909605
2051,NGFS2023GCAM_CP,Global,Power,HydroCap,price,$/MWh,52.88135607909605
2051,NGFS2023REMIND_NDC,Global,Power,HydroCap,price,$/MWh,52.88135607909605
2051,NGFS2023REMIND_FW,Global,Power,HydroCap,price,$/MWh,52.88135607909605
2051,NGFS2023REMIND_CP,Global,Power,HydroCap,price,$/MWh,52.88135607909605
2051,NGFS2023MESSAGE_NDC,Global,Power,HydroCap,price,$/MWh,52.88135607909605
2051,NGFS2023MESSAGE_FW,Global,Power,HydroCap,price,$/MWh,52.88135607909605
2051,NGFS2023MESSAGE_CP,Global,Power,HydroCap,price,$/MWh,52.88135607909605
2052,NGFS2023GCAM_NDC,Global,Power,HydroCap,price,$/MWh,52.88135607909605
2052,NGFS2023GCAM_FW,Global,Power,HydroCap,price,$/MWh,52.88135607909605
2052,NGFS2023GCAM_CP,Global,Power,HydroCap,price,$/MWh,52.88135607909605
2052,NGFS2023REMIND_NDC,Global,Power,HydroCap,price,$/MWh,52.88135607909605
2052,NGFS2023REMIND_FW,Global,Power,HydroCap,price,$/MWh,52.88135607909605
2052,NGFS2023REMIND_CP,Global,Power,HydroCap,price,$/MWh,52.88135607909605
2052,NGFS2023MESSAGE_NDC,Global,Power,HydroCap,price,$/MWh,52.88135607909605
2052,NGFS2023MESSAGE_FW,Global,Power,HydroCap,price,$/MWh,52.88135607909605
2052,NGFS2023MESSAGE_CP,Global,Power,HydroCap,price,$/MWh,52.88135607909605
2053,NGFS2023GCAM_NDC,Global,Power,HydroCap,price,$/MWh,52.88135607909605
2053,NGFS2023GCAM_FW,Global,Power,HydroCap,price,$/MWh,52.88135607909605
2053,NGFS2023GCAM_CP,Global,Power,HydroCap,price,$/MWh,52.88135607909605
2053,NGFS2023REMIND_NDC,Global,Power,HydroCap,price,$/MWh,52.88135607909605
2053,NGFS2023REMIND_FW,Global,Power,HydroCap,price,$/MWh,52.88135607909605
2053,NGFS2023REMIND_CP,Global,Power,HydroCap,price,$/MWh,52.88135607909605
2053,NGFS2023MESSAGE_NDC,Global,Power,HydroCap,price,$/MWh,52.88135607909605
2053,NGFS2023MESSAGE_FW,Global,Power,HydroCap,price,$/MWh,52.88135607909605
2053,NGFS2023MESSAGE_CP,Global,Power,HydroCap,price,$/MWh,52.88135607909605
2054,NGFS2023GCAM_NDC,Global,Power,HydroCap,price,$/MWh,52.88135607909605
2054,NGFS2023GCAM_FW,Global,Power,HydroCap,price,$/MWh,52.88135607909605
2054,NGFS2023GCAM_CP,Global,Power,HydroCap,price,$/MWh,52.88135607909605
2054,NGFS2023REMIND_NDC,Global,Power,HydroCap,price,$/MWh,52.88135607909605
2054,NGFS2023REMIND_FW,Global,Power,HydroCap,price,$/MWh,52.88135607909605
2054,NGFS2023REMIND_CP,Global,Power,HydroCap,price,$/MWh,52.88135607909605
2054,NGFS2023MESSAGE_NDC,Global,Power,HydroCap,price,$/MWh,52.88135607909605
2054,NGFS2023MESSAGE_FW,Global,Power,HydroCap,price,$/MWh,52.88135607909605
2054,NGFS2023MESSAGE_CP,Global,Power,HydroCap,price,$/MWh,52.88135607909605
2055,NGFS2023GCAM_NDC,Global,Power,HydroCap,price,$/MWh,52.88135607909605
2055,NGFS2023GCAM_FW,Global,Power,HydroCap,price,$/MWh,52.88135607909605
2055,NGFS2023GCAM_CP,Global,Power,HydroCap,price,$/MWh,52.88135607909605
2055,NGFS2023REMIND_NDC,Global,Power,HydroCap,price,$/MWh,52.88135607909605
2055,NGFS2023REMIND_FW,Global,Power,HydroCap,price,$/MWh,52.88135607909605
2055,NGFS2023REMIND_CP,Global,Power,HydroCap,price,$/MWh,52.88135607909605
2055,NGFS2023MESSAGE_NDC,Global,Power,HydroCap,price,$/MWh,52.88135607909605
2055,NGFS2023MESSAGE_FW,Global,Power,HydroCap,price,$/MWh,52.88135607909605
2055,NGFS2023MESSAGE_CP,Global,Power,HydroCap,price,$/MWh,52.88135607909605
2056,NGFS2023GCAM_NDC,Global,Power,HydroCap,price,$/MWh,52.88135607909605
2056,NGFS2023GCAM_FW,Global,Power,HydroCap,price,$/MWh,52.88135607909605
2056,NGFS2023GCAM_CP,Global,Power,HydroCap,price,$/MWh,52.88135607909605
2056,NGFS2023REMIND_NDC,Global,Power,HydroCap,price,$/MWh,52.88135607909605
2056,NGFS2023REMIND_FW,Global,Power,HydroCap,price,$/MWh,52.88135607909605
2056,NGFS2023REMIND_CP,Global,Power,HydroCap,price,$/MWh,52.88135607909605
2056,NGFS2023MESSAGE_NDC,Global,Power,HydroCap,price,$/MWh,52.88135607909605
2056,NGFS2023MESSAGE_FW,Global,Power,HydroCap,price,$/MWh,52.88135607909605
2056,NGFS2023MESSAGE_CP,Global,Power,HydroCap,price,$/MWh,52.88135607909605
2057,NGFS2023GCAM_NDC,Global,Power,HydroCap,price,$/MWh,52.88135607909605
2057,NGFS2023GCAM_FW,Global,Power,HydroCap,price,$/MWh,52.88135607909605
2057,NGFS2023GCAM_CP,Global,Power,HydroCap,price,$/MWh,52.88135607909605
2057,NGFS2023REMIND_NDC,Global,Power,HydroCap,price,$/MWh,52.88135607909605
2057,NGFS2023REMIND_FW,Global,Power,HydroCap,price,$/MWh,52.88135607909605
2057,NGFS2023REMIND_CP,Global,Power,HydroCap,price,$/MWh,52.88135607909605
2057,NGFS2023MESSAGE_NDC,Global,Power,HydroCap,price,$/MWh,52.88135607909605
2057,NGFS2023MESSAGE_FW,Global,Power,HydroCap,price,$/MWh,52.88135607909605
2057,NGFS2023MESSAGE_CP,Global,Power,HydroCap,price,$/MWh,52.88135607909605
2058,NGFS2023GCAM_NDC,Global,Power,HydroCap,price,$/MWh,52.88135607909605
2058,NGFS2023GCAM_FW,Global,Power,HydroCap,price,$/MWh,52.88135607909605
2058,NGFS2023GCAM_CP,Global,Power,HydroCap,price,$/MWh,52.88135607909605
2058,NGFS2023REMIND_NDC,Global,Power,HydroCap,price,$/MWh,52.88135607909605
2058,NGFS2023REMIND_FW,Global,Power,HydroCap,price,$/MWh,52.88135607909605
2058,NGFS2023REMIND_CP,Global,Power,HydroCap,price,$/MWh,52.88135607909605
2058,NGFS2023MESSAGE_NDC,Global,Power,HydroCap,price,$/MWh,52.88135607909605
2058,NGFS2023MESSAGE_FW,Global,Power,HydroCap,price,$/MWh,52.88135607909605
2058,NGFS2023MESSAGE_CP,Global,Power,HydroCap,price,$/MWh,52.88135607909605
2059,NGFS2023GCAM_NDC,Global,Power,HydroCap,price,$/MWh,52.88135607909605
2059,NGFS2023GCAM_FW,Global,Power,HydroCap,price,$/MWh,52.88135607909605
2059,NGFS2023GCAM_CP,Global,Power,HydroCap,price,$/MWh,52.88135607909605
2059,NGFS2023REMIND_NDC,Global,Power,HydroCap,price,$/MWh,52.88135607909605
2059,NGFS2023REMIND_FW,Global,Power,HydroCap,price,$/MWh,52.88135607909605
2059,NGFS2023REMIND_CP,Global,Power,HydroCap,price,$/MWh,52.88135607909605
2059,NGFS2023MESSAGE_NDC,Global,Power,HydroCap,price,$/MWh,52.88135607909605
2059,NGFS2023MESSAGE_FW,Global,Power,HydroCap,price,$/MWh,52.88135607909605
2059,NGFS2023MESSAGE_CP,Global,Power,HydroCap,price,$/MWh,52.88135607909605
2060,NGFS2023GCAM_NDC,Global,Power,HydroCap,price,$/MWh,52.88135607909605
2060,NGFS2023GCAM_FW,Global,Power,HydroCap,price,$/MWh,52.88135607909605
2060,NGFS2023GCAM_CP,Global,Power,HydroCap,price,$/MWh,52.88135607909605
2060,NGFS2023REMIND_NDC,Global,Power,HydroCap,price,$/MWh,52.88135607909605
2060,NGFS2023REMIND_FW,Global,Power,HydroCap,price,$/MWh,52.88135607909605
2060,NGFS2023REMIND_CP,Global,Power,HydroCap,price,$/MWh,52.88135607909605
2060,NGFS2023MESSAGE_NDC,Global,Power,HydroCap,price,$/MWh,52.88135607909605
2060,NGFS2023MESSAGE_FW,Global,Power,HydroCap,price,$/MWh,52.88135607909605
2060,NGFS2023MESSAGE_CP,Global,Power,HydroCap,price,$/MWh,52.88135607909605
2061,NGFS2023GCAM_NDC,Global,Power,HydroCap,price,$/MWh,52.88135607909605
2061,NGFS2023GCAM_FW,Global,Power,HydroCap,price,$/MWh,52.88135607909605
2061,NGFS2023GCAM_CP,Global,Power,HydroCap,price,$/MWh,52.88135607909605
2061,NGFS2023REMIND_NDC,Global,Power,HydroCap,price,$/MWh,52.88135607909605
2061,NGFS2023REMIND_FW,Global,Power,HydroCap,price,$/MWh,52.88135607909605
2061,NGFS2023REMIND_CP,Global,Power,HydroCap,price,$/MWh,52.88135607909605
2061,NGFS2023MESSAGE_NDC,Global,Power,HydroCap,price,$/MWh,52.88135607909605
2061,NGFS2023MESSAGE_FW,Global,Power,HydroCap,price,$/MWh,52.88135607909605
2061,NGFS2023MESSAGE_CP,Global,Power,HydroCap,price,$/MWh,52.88135607909605
2062,NGFS2023GCAM_NDC,Global,Power,HydroCap,price,$/MWh,52.88135607909605
2062,NGFS2023GCAM_FW,Global,Power,HydroCap,price,$/MWh,52.88135607909605
2062,NGFS2023GCAM_CP,Global,Power,HydroCap,price,$/MWh,52.88135607909605
2062,NGFS2023REMIND_NDC,Global,Power,HydroCap,price,$/MWh,52.88135607909605
2062,NGFS2023REMIND_FW,Global,Power,HydroCap,price,$/MWh,52.88135607909605
2062,NGFS2023REMIND_CP,Global,Power,HydroCap,price,$/MWh,52.88135607909605
2062,NGFS2023MESSAGE_NDC,Global,Power,HydroCap,price,$/MWh,52.88135607909605
2062,NGFS2023MESSAGE_FW,Global,Power,HydroCap,price,$/MWh,52.88135607909605
2062,NGFS2023MESSAGE_CP,Global,Power,HydroCap,price,$/MWh,52.88135607909605
2063,NGFS2023GCAM_NDC,Global,Power,HydroCap,price,$/MWh,52.88135607909605
2063,NGFS2023GCAM_FW,Global,Power,HydroCap,price,$/MWh,52.88135607909605
2063,NGFS2023GCAM_CP,Global,Power,HydroCap,price,$/MWh,52.88135607909605
2063,NGFS2023REMIND_NDC,Global,Power,HydroCap,price,$/MWh,52.88135607909605
2063,NGFS2023REMIND_FW,Global,Power,HydroCap,price,$/MWh,52.88135607909605
2063,NGFS2023REMIND_CP,Global,Power,HydroCap,price,$/MWh,52.88135607909605
2063,NGFS2023MESSAGE_NDC,Global,Power,HydroCap,price,$/MWh,52.88135607909605
2063,NGFS2023MESSAGE_FW,Global,Power,HydroCap,price,$/MWh,52.88135607909605
2063,NGFS2023MESSAGE_CP,Global,Power,HydroCap,price,$/MWh,52.88135607909605
2064,NGFS2023GCAM_NDC,Global,Power,HydroCap,price,$/MWh,52.88135607909605
2064,NGFS2023GCAM_FW,Global,Power,HydroCap,price,$/MWh,52.88135607909605
2064,NGFS2023GCAM_CP,Global,Power,HydroCap,price,$/MWh,52.88135607909605
2064,NGFS2023REMIND_NDC,Global,Power,HydroCap,price,$/MWh,52.88135607909605
2064,NGFS2023REMIND_FW,Global,Power,HydroCap,price,$/MWh,52.88135607909605
2064,NGFS2023REMIND_CP,Global,Power,HydroCap,price,$/MWh,52.88135607909605
2064,NGFS2023MESSAGE_NDC,Global,Power,HydroCap,price,$/MWh,52.88135607909605
2064,NGFS2023MESSAGE_FW,Global,Power,HydroCap,price,$/MWh,52.88135607909605
2064,NGFS2023MESSAGE_CP,Global,Power,HydroCap,price,$/MWh,52.88135607909605
2065,NGFS2023GCAM_NDC,Global,Power,HydroCap,price,$/MWh,52.88135607909605
2065,NGFS2023GCAM_FW,Global,Power,HydroCap,price,$/MWh,52.88135607909605
2065,NGFS2023GCAM_CP,Global,Power,HydroCap,price,$/MWh,52.88135607909605
2065,NGFS2023REMIND_NDC,Global,Power,HydroCap,price,$/MWh,52.88135607909605
2065,NGFS2023REMIND_FW,Global,Power,HydroCap,price,$/MWh,52.88135607909605
2065,NGFS2023REMIND_CP,Global,Power,HydroCap,price,$/MWh,52.88135607909605
2065,NGFS2023MESSAGE_NDC,Global,Power,HydroCap,price,$/MWh,52.88135607909605
2065,NGFS2023MESSAGE_FW,Global,Power,HydroCap,price,$/MWh,52.88135607909605
2065,NGFS2023MESSAGE_CP,Global,Power,HydroCap,price,$/MWh,52.88135607909605
2066,NGFS2023GCAM_NDC,Global,Power,HydroCap,price,$/MWh,52.88135607909605
2066,NGFS2023GCAM_FW,Global,Power,HydroCap,price,$/MWh,52.88135607909605
2066,NGFS2023GCAM_CP,Global,Power,HydroCap,price,$/MWh,52.88135607909605
2066,NGFS2023REMIND_NDC,Global,Power,HydroCap,price,$/MWh,52.88135607909605
2066,NGFS2023REMIND_FW,Global,Power,HydroCap,price,$/MWh,52.88135607909605
2066,NGFS2023REMIND_CP,Global,Power,HydroCap,price,$/MWh,52.88135607909605
2066,NGFS2023MESSAGE_NDC,Global,Power,HydroCap,price,$/MWh,52.88135607909605
2066,NGFS2023MESSAGE_FW,Global,Power,HydroCap,price,$/MWh,52.88135607909605
2066,NGFS2023MESSAGE_CP,Global,Power,HydroCap,price,$/MWh,52.88135607909605
2067,NGFS2023GCAM_NDC,Global,Power,HydroCap,price,$/MWh,52.88135607909605
2067,NGFS2023GCAM_FW,Global,Power,HydroCap,price,$/MWh,52.88135607909605
2067,NGFS2023GCAM_CP,Global,Power,HydroCap,price,$/MWh,52.88135607909605
2067,NGFS2023REMIND_NDC,Global,Power,HydroCap,price,$/MWh,52.88135607909605
2067,NGFS2023REMIND_FW,Global,Power,HydroCap,price,$/MWh,52.88135607909605
2067,NGFS2023REMIND_CP,Global,Power,HydroCap,price,$/MWh,52.88135607909605
2067,NGFS2023MESSAGE_NDC,Global,Power,HydroCap,price,$/MWh,52.88135607909605
2067,NGFS2023MESSAGE_FW,Global,Power,HydroCap,price,$/MWh,52.88135607909605
2067,NGFS2023MESSAGE_CP,Global,Power,HydroCap,price,$/MWh,52.88135607909605
2068,NGFS2023GCAM_NDC,Global,Power,HydroCap,price,$/MWh,52.88135607909605
2068,NGFS2023GCAM_FW,Global,Power,HydroCap,price,$/MWh,52.88135607909605
2068,NGFS2023GCAM_CP,Global,Power,HydroCap,price,$/MWh,52.88135607909605
2068,NGFS2023REMIND_NDC,Global,Power,HydroCap,price,$/MWh,52.88135607909605
2068,NGFS2023REMIND_FW,Global,Power,HydroCap,price,$/MWh,52.88135607909605
2068,NGFS2023REMIND_CP,Global,Power,HydroCap,price,$/MWh,52.88135607909605
2068,NGFS2023MESSAGE_NDC,Global,Power,HydroCap,price,$/MWh,52.88135607909605
2068,NGFS2023MESSAGE_FW,Global,Power,HydroCap,price,$/MWh,52.88135607909605
2068,NGFS2023MESSAGE_CP,Global,Power,HydroCap,price,$/MWh,52.88135607909605
2069,NGFS2023GCAM_NDC,Global,Power,HydroCap,price,$/MWh,52.88135607909605
2069,NGFS2023GCAM_FW,Global,Power,HydroCap,price,$/MWh,52.88135607909605
2069,NGFS2023GCAM_CP,Global,Power,HydroCap,price,$/MWh,52.88135607909605
2069,NGFS2023REMIND_NDC,Global,Power,HydroCap,price,$/MWh,52.88135607909605
2069,NGFS2023REMIND_FW,Global,Power,HydroCap,price,$/MWh,52.88135607909605
2069,NGFS2023REMIND_CP,Global,Power,HydroCap,price,$/MWh,52.88135607909605
2069,NGFS2023MESSAGE_NDC,Global,Power,HydroCap,price,$/MWh,52.88135607909605
2069,NGFS2023MESSAGE_FW,Global,Power,HydroCap,price,$/MWh,52.88135607909605
2069,NGFS2023MESSAGE_CP,Global,Power,HydroCap,price,$/MWh,52.88135607909605
2022,NGFS2023GCAM_NDC,Global,Power,NuclearCap,price,$/MWh,101.69491553672316
2022,NGFS2023GCAM_FW,Global,Power,NuclearCap,price,$/MWh,101.69491553672316
2022,NGFS2023GCAM_CP,Global,Power,NuclearCap,price,$/MWh,101.69491553672316
2022,NGFS2023REMIND_NDC,Global,Power,NuclearCap,price,$/MWh,101.69491553672316
2022,NGFS2023REMIND_FW,Global,Power,NuclearCap,price,$/MWh,101.69491553672316
2022,NGFS2023REMIND_CP,Global,Power,NuclearCap,price,$/MWh,101.69491553672316
2022,NGFS2023MESSAGE_NDC,Global,Power,NuclearCap,price,$/MWh,101.69491553672316
2022,NGFS2023MESSAGE_FW,Global,Power,NuclearCap,price,$/MWh,101.69491553672316
2022,NGFS2023MESSAGE_CP,Global,Power,NuclearCap,price,$/MWh,101.69491553672316
2023,NGFS2023GCAM_NDC,Global,Power,NuclearCap,price,$/MWh,101.69491553672316
2023,NGFS2023GCAM_FW,Global,Power,NuclearCap,price,$/MWh,101.69491553672316
2023,NGFS2023GCAM_CP,Global,Power,NuclearCap,price,$/MWh,101.69491553672316
2023,NGFS2023REMIND_NDC,Global,Power,NuclearCap,price,$/MWh,101.69491553672316
2023,NGFS2023REMIND_FW,Global,Power,NuclearCap,price,$/MWh,101.69491553672316
2023,NGFS2023REMIND_CP,Global,Power,NuclearCap,price,$/MWh,101.69491553672316
2023,NGFS2023MESSAGE_NDC,Global,Power,NuclearCap,price,$/MWh,101.69491553672316
2023,NGFS2023MESSAGE_FW,Global,Power,NuclearCap,price,$/MWh,101.69491553672316
2023,NGFS2023MESSAGE_CP,Global,Power,NuclearCap,price,$/MWh,101.69491553672316
2024,NGFS2023GCAM_NDC,Global,Power,NuclearCap,price,$/MWh,101.69491553672316
2024,NGFS2023GCAM_FW,Global,Power,NuclearCap,price,$/MWh,101.69491553672316
2024,NGFS2023GCAM_CP,Global,Power,NuclearCap,price,$/MWh,101.69491553672316
2024,NGFS2023REMIND_NDC,Global,Power,NuclearCap,price,$/MWh,101.69491553672316
2024,NGFS2023REMIND_FW,Global,Power,NuclearCap,price,$/MWh,101.69491553672316
2024,NGFS2023REMIND_CP,Global,Power,NuclearCap,price,$/MWh,101.69491553672316
2024,NGFS2023MESSAGE_NDC,Global,Power,NuclearCap,price,$/MWh,101.69491553672316
2024,NGFS2023MESSAGE_FW,Global,Power,NuclearCap,price,$/MWh,101.69491553672316
2024,NGFS2023MESSAGE_CP,Global,Power,NuclearCap,price,$/MWh,101.69491553672316
2025,NGFS2023GCAM_NDC,Global,Power,NuclearCap,price,$/MWh,101.69491553672316
2025,NGFS2023GCAM_FW,Global,Power,NuclearCap,price,$/MWh,101.69491553672316
2025,NGFS2023GCAM_CP,Global,Power,NuclearCap,price,$/MWh,101.69491553672316
2025,NGFS2023REMIND_NDC,Global,Power,NuclearCap,price,$/MWh,101.69491553672316
2025,NGFS2023REMIND_FW,Global,Power,NuclearCap,price,$/MWh,101.69491553672316
2025,NGFS2023REMIND_CP,Global,Power,NuclearCap,price,$/MWh,101.69491553672316
2025,NGFS2023MESSAGE_NDC,Global,Power,NuclearCap,price,$/MWh,101.69491553672316
2025,NGFS2023MESSAGE_FW,Global,Power,NuclearCap,price,$/MWh,101.69491553672316
2025,NGFS2023MESSAGE_CP,Global,Power,NuclearCap,price,$/MWh,101.69491553672316
2026,NGFS2023GCAM_NDC,Global,Power,NuclearCap,price,$/MWh,101.69491553672316
2026,NGFS2023GCAM_FW,Global,Power,NuclearCap,price,$/MWh,101.69491553672316
2026,NGFS2023GCAM_CP,Global,Power,NuclearCap,price,$/MWh,101.69491553672316
2026,NGFS2023REMIND_NDC,Global,Power,NuclearCap,price,$/MWh,101.69491553672316
2026,NGFS2023REMIND_FW,Global,Power,NuclearCap,price,$/MWh,101.69491553672316
2026,NGFS2023REMIND_CP,Global,Power,NuclearCap,price,$/MWh,101.69491553672316
2026,NGFS2023MESSAGE_NDC,Global,Power,NuclearCap,price,$/MWh,101.69491553672316
2026,NGFS2023MESSAGE_FW,Global,Power,NuclearCap,price,$/MWh,101.69491553672316
2026,NGFS2023MESSAGE_CP,Global,Power,NuclearCap,price,$/MWh,101.69491553672316
2027,NGFS2023GCAM_NDC,Global,Power,NuclearCap,price,$/MWh,101.69491553672316
2027,NGFS2023GCAM_FW,Global,Power,NuclearCap,price,$/MWh,101.69491553672316
2027,NGFS2023GCAM_CP,Global,Power,NuclearCap,price,$/MWh,101.69491553672316
2027,NGFS2023REMIND_NDC,Global,Power,NuclearCap,price,$/MWh,101.69491553672316
2027,NGFS2023REMIND_FW,Global,Power,NuclearCap,price,$/MWh,101.69491553672316
2027,NGFS2023REMIND_CP,Global,Power,NuclearCap,price,$/MWh,101.69491553672316
2027,NGFS2023MESSAGE_NDC,Global,Power,NuclearCap,price,$/MWh,101.69491553672316
2027,NGFS2023MESSAGE_FW,Global,Power,NuclearCap,price,$/MWh,101.69491553672316
2027,NGFS2023MESSAGE_CP,Global,Power,NuclearCap,price,$/MWh,101.69491553672316
2028,NGFS2023GCAM_NDC,Global,Power,NuclearCap,price,$/MWh,101.69491553672316
2028,NGFS2023GCAM_FW,Global,Power,NuclearCap,price,$/MWh,101.69491553672316
2028,NGFS2023GCAM_CP,Global,Power,NuclearCap,price,$/MWh,101.69491553672316
2028,NGFS2023REMIND_NDC,Global,Power,NuclearCap,price,$/MWh,101.69491553672316
2028,NGFS2023REMIND_FW,Global,Power,NuclearCap,price,$/MWh,101.69491553672316
2028,NGFS2023REMIND_CP,Global,Power,NuclearCap,price,$/MWh,101.69491553672316
2028,NGFS2023MESSAGE_NDC,Global,Power,NuclearCap,price,$/MWh,101.69491553672316
2028,NGFS2023MESSAGE_FW,Global,Power,NuclearCap,price,$/MWh,101.69491553672316
2028,NGFS2023MESSAGE_CP,Global,Power,NuclearCap,price,$/MWh,101.69491553672316
2029,NGFS2023GCAM_NDC,Global,Power,NuclearCap,price,$/MWh,101.69491553672316
2029,NGFS2023GCAM_FW,Global,Power,NuclearCap,price,$/MWh,101.69491553672316
2029,NGFS2023GCAM_CP,Global,Power,NuclearCap,price,$/MWh,101.69491553672316
2029,NGFS2023REMIND_NDC,Global,Power,NuclearCap,price,$/MWh,101.69491553672316
2029,NGFS2023REMIND_FW,Global,Power,NuclearCap,price,$/MWh,101.69491553672316
2029,NGFS2023REMIND_CP,Global,Power,NuclearCap,price,$/MWh,101.69491553672316
2029,NGFS2023MESSAGE_NDC,Global,Power,NuclearCap,price,$/MWh,101.69491553672316
2029,NGFS2023MESSAGE_FW,Global,Power,NuclearCap,price,$/MWh,101.69491553672316
2029,NGFS2023MESSAGE_CP,Global,Power,NuclearCap,price,$/MWh,101.69491553672316
2030,NGFS2023GCAM_NDC,Global,Power,NuclearCap,price,$/MWh,101.69491553672316
2030,NGFS2023GCAM_FW,Global,Power,NuclearCap,price,$/MWh,101.69491553672316
2030,NGFS2023GCAM_CP,Global,Power,NuclearCap,price,$/MWh,101.69491553672316
2030,NGFS2023REMIND_NDC,Global,Power,NuclearCap,price,$/MWh,101.69491553672316
2030,NGFS2023REMIND_FW,Global,Power,NuclearCap,price,$/MWh,101.69491553672316
2030,NGFS2023REMIND_CP,Global,Power,NuclearCap,price,$/MWh,101.69491553672316
2030,NGFS2023MESSAGE_NDC,Global,Power,NuclearCap,price,$/MWh,101.69491553672316
2030,NGFS2023MESSAGE_FW,Global,Power,NuclearCap,price,$/MWh,101.69491553672316
2030,NGFS2023MESSAGE_CP,Global,Power,NuclearCap,price,$/MWh,101.69491553672316
2031,NGFS2023GCAM_NDC,Global,Power,NuclearCap,price,$/MWh,101.69491553672316
2031,NGFS2023GCAM_FW,Global,Power,NuclearCap,price,$/MWh,101.69491553672316
2031,NGFS2023GCAM_CP,Global,Power,NuclearCap,price,$/MWh,101.69491553672316
2031,NGFS2023REMIND_NDC,Global,Power,NuclearCap,price,$/MWh,101.69491553672316
2031,NGFS2023REMIND_FW,Global,Power,NuclearCap,price,$/MWh,101.69491553672316
2031,NGFS2023REMIND_CP,Global,Power,NuclearCap,price,$/MWh,101.69491553672316
2031,NGFS2023MESSAGE_NDC,Global,Power,NuclearCap,price,$/MWh,101.69491553672316
2031,NGFS2023MESSAGE_FW,Global,Power,NuclearCap,price,$/MWh,101.69491553672316
2031,NGFS2023MESSAGE_CP,Global,Power,NuclearCap,price,$/MWh,101.69491553672316
2032,NGFS2023GCAM_NDC,Global,Power,NuclearCap,price,$/MWh,101.69491553672316
2032,NGFS2023GCAM_FW,Global,Power,NuclearCap,price,$/MWh,101.69491553672316
2032,NGFS2023GCAM_CP,Global,Power,NuclearCap,price,$/MWh,101.69491553672316
2032,NGFS2023REMIND_NDC,Global,Power,NuclearCap,price,$/MWh,101.69491553672316
2032,NGFS2023REMIND_FW,Global,Power,NuclearCap,price,$/MWh,101.69491553672316
2032,NGFS2023REMIND_CP,Global,Power,NuclearCap,price,$/MWh,101.69491553672316
2032,NGFS2023MESSAGE_NDC,Global,Power,NuclearCap,price,$/MWh,101.69491553672316
2032,NGFS2023MESSAGE_FW,Global,Power,NuclearCap,price,$/MWh,101.69491553672316
2032,NGFS2023MESSAGE_CP,Global,Power,NuclearCap,price,$/MWh,101.69491553672316
2033,NGFS2023GCAM_NDC,Global,Power,NuclearCap,price,$/MWh,101.69491553672316
2033,NGFS2023GCAM_FW,Global,Power,NuclearCap,price,$/MWh,101.69491553672316
2033,NGFS2023GCAM_CP,Global,Power,NuclearCap,price,$/MWh,101.69491553672316
2033,NGFS2023REMIND_NDC,Global,Power,NuclearCap,price,$/MWh,101.69491553672316
2033,NGFS2023REMIND_FW,Global,Power,NuclearCap,price,$/MWh,101.69491553672316
2033,NGFS2023REMIND_CP,Global,Power,NuclearCap,price,$/MWh,101.69491553672316
2033,NGFS2023MESSAGE_NDC,Global,Power,NuclearCap,price,$/MWh,101.69491553672316
2033,NGFS2023MESSAGE_FW,Global,Power,NuclearCap,price,$/MWh,101.69491553672316
2033,NGFS2023MESSAGE_CP,Global,Power,NuclearCap,price,$/MWh,101.69491553672316
2034,NGFS2023GCAM_NDC,Global,Power,NuclearCap,price,$/MWh,101.69491553672316
2034,NGFS2023GCAM_FW,Global,Power,NuclearCap,price,$/MWh,101.69491553672316
2034,NGFS2023GCAM_CP,Global,Power,NuclearCap,price,$/MWh,101.69491553672316
2034,NGFS2023REMIND_NDC,Global,Power,NuclearCap,price,$/MWh,101.69491553672316
2034,NGFS2023REMIND_FW,Global,Power,NuclearCap,price,$/MWh,101.69491553672316
2034,NGFS2023REMIND_CP,Global,Power,NuclearCap,price,$/MWh,101.69491553672316
2034,NGFS2023MESSAGE_NDC,Global,Power,NuclearCap,price,$/MWh,101.69491553672316
2034,NGFS2023MESSAGE_FW,Global,Power,NuclearCap,price,$/MWh,101.69491553672316
2034,NGFS2023MESSAGE_CP,Global,Power,NuclearCap,price,$/MWh,101.69491553672316
2035,NGFS2023GCAM_NDC,Global,Power,NuclearCap,price,$/MWh,101.69491553672316
2035,NGFS2023GCAM_FW,Global,Power,NuclearCap,price,$/MWh,101.69491553672316
2035,NGFS2023GCAM_CP,Global,Power,NuclearCap,price,$/MWh,101.69491553672316
2035,NGFS2023REMIND_NDC,Global,Power,NuclearCap,price,$/MWh,101.69491553672316
2035,NGFS2023REMIND_FW,Global,Power,NuclearCap,price,$/MWh,101.69491553672316
2035,NGFS2023REMIND_CP,Global,Power,NuclearCap,price,$/MWh,101.69491553672316
2035,NGFS2023MESSAGE_NDC,Global,Power,NuclearCap,price,$/MWh,101.69491553672316
2035,NGFS2023MESSAGE_FW,Global,Power,NuclearCap,price,$/MWh,101.69491553672316
2035,NGFS2023MESSAGE_CP,Global,Power,NuclearCap,price,$/MWh,101.69491553672316
2036,NGFS2023GCAM_NDC,Global,Power,NuclearCap,price,$/MWh,101.69491553672316
2036,NGFS2023GCAM_FW,Global,Power,NuclearCap,price,$/MWh,101.69491553672316
2036,NGFS2023GCAM_CP,Global,Power,NuclearCap,price,$/MWh,101.69491553672316
2036,NGFS2023REMIND_NDC,Global,Power,NuclearCap,price,$/MWh,101.69491553672316
2036,NGFS2023REMIND_FW,Global,Power,NuclearCap,price,$/MWh,101.69491553672316
2036,NGFS2023REMIND_CP,Global,Power,NuclearCap,price,$/MWh,101.69491553672316
2036,NGFS2023MESSAGE_NDC,Global,Power,NuclearCap,price,$/MWh,101.69491553672316
2036,NGFS2023MESSAGE_FW,Global,Power,NuclearCap,price,$/MWh,101.69491553672316
2036,NGFS2023MESSAGE_CP,Global,Power,NuclearCap,price,$/MWh,101.69491553672316
2037,NGFS2023GCAM_NDC,Global,Power,NuclearCap,price,$/MWh,101.69491553672316
2037,NGFS2023GCAM_FW,Global,Power,NuclearCap,price,$/MWh,101.69491553672316
2037,NGFS2023GCAM_CP,Global,Power,NuclearCap,price,$/MWh,101.69491553672316
2037,NGFS2023REMIND_NDC,Global,Power,NuclearCap,price,$/MWh,101.69491553672316
2037,NGFS2023REMIND_FW,Global,Power,NuclearCap,price,$/MWh,101.69491553672316
2037,NGFS2023REMIND_CP,Global,Power,NuclearCap,price,$/MWh,101.69491553672316
2037,NGFS2023MESSAGE_NDC,Global,Power,NuclearCap,price,$/MWh,101.69491553672316
2037,NGFS2023MESSAGE_FW,Global,Power,NuclearCap,price,$/MWh,101.69491553672316
2037,NGFS2023MESSAGE_CP,Global,Power,NuclearCap,price,$/MWh,101.69491553672316
2038,NGFS2023GCAM_NDC,Global,Power,NuclearCap,price,$/MWh,101.69491553672316
2038,NGFS2023GCAM_FW,Global,Power,NuclearCap,price,$/MWh,101.69491553672316
2038,NGFS2023GCAM_CP,Global,Power,NuclearCap,price,$/MWh,101.69491553672316
2038,NGFS2023REMIND_NDC,Global,Power,NuclearCap,price,$/MWh,101.69491553672316
2038,NGFS2023REMIND_FW,Global,Power,NuclearCap,price,$/MWh,101.69491553672316
2038,NGFS2023REMIND_CP,Global,Power,NuclearCap,price,$/MWh,101.69491553672316
2038,NGFS2023MESSAGE_NDC,Global,Power,NuclearCap,price,$/MWh,101.69491553672316
2038,NGFS2023MESSAGE_FW,Global,Power,NuclearCap,price,$/MWh,101.69491553672316
2038,NGFS2023MESSAGE_CP,Global,Power,NuclearCap,price,$/MWh,101.69491553672316
2039,NGFS2023GCAM_NDC,Global,Power,NuclearCap,price,$/MWh,101.69491553672316
2039,NGFS2023GCAM_FW,Global,Power,NuclearCap,price,$/MWh,101.69491553672316
2039,NGFS2023GCAM_CP,Global,Power,NuclearCap,price,$/MWh,101.69491553672316
2039,NGFS2023REMIND_NDC,Global,Power,NuclearCap,price,$/MWh,101.69491553672316
2039,NGFS2023REMIND_FW,Global,Power,NuclearCap,price,$/MWh,101.69491553672316
2039,NGFS2023REMIND_CP,Global,Power,NuclearCap,price,$/MWh,101.69491553672316
2039,NGFS2023MESSAGE_NDC,Global,Power,NuclearCap,price,$/MWh,101.69491553672316
2039,NGFS2023MESSAGE_FW,Global,Power,NuclearCap,price,$/MWh,101.69491553672316
2039,NGFS2023MESSAGE_CP,Global,Power,NuclearCap,price,$/MWh,101.69491553672316
2040,NGFS2023GCAM_NDC,Global,Power,NuclearCap,price,$/MWh,101.69491553672316
2040,NGFS2023GCAM_FW,Global,Power,NuclearCap,price,$/MWh,101.69491553672316
2040,NGFS2023GCAM_CP,Global,Power,NuclearCap,price,$/MWh,101.69491553672316
2040,NGFS2023REMIND_NDC,Global,Power,NuclearCap,price,$/MWh,101.69491553672316
2040,NGFS2023REMIND_FW,Global,Power,NuclearCap,price,$/MWh,101.69491553672316
2040,NGFS2023REMIND_CP,Global,Power,NuclearCap,price,$/MWh,101.69491553672316
2040,NGFS2023MESSAGE_NDC,Global,Power,NuclearCap,price,$/MWh,101.69491553672316
2040,NGFS2023MESSAGE_FW,Global,Power,NuclearCap,price,$/MWh,101.69491553672316
2040,NGFS2023MESSAGE_CP,Global,Power,NuclearCap,price,$/MWh,101.69491553672316
2041,NGFS2023GCAM_NDC,Global,Power,NuclearCap,price,$/MWh,101.69491553672316
2041,NGFS2023GCAM_FW,Global,Power,NuclearCap,price,$/MWh,101.69491553672316
2041,NGFS2023GCAM_CP,Global,Power,NuclearCap,price,$/MWh,101.69491553672316
2041,NGFS2023REMIND_NDC,Global,Power,NuclearCap,price,$/MWh,101.69491553672316
2041,NGFS2023REMIND_FW,Global,Power,NuclearCap,price,$/MWh,101.69491553672316
2041,NGFS2023REMIND_CP,Global,Power,NuclearCap,price,$/MWh,101.69491553672316
2041,NGFS2023MESSAGE_NDC,Global,Power,NuclearCap,price,$/MWh,101.69491553672316
2041,NGFS2023MESSAGE_FW,Global,Power,NuclearCap,price,$/MWh,101.69491553672316
2041,NGFS2023MESSAGE_CP,Global,Power,NuclearCap,price,$/MWh,101.69491553672316
2042,NGFS2023GCAM_NDC,Global,Power,NuclearCap,price,$/MWh,101.69491553672316
2042,NGFS2023GCAM_FW,Global,Power,NuclearCap,price,$/MWh,101.69491553672316
2042,NGFS2023GCAM_CP,Global,Power,NuclearCap,price,$/MWh,101.69491553672316
2042,NGFS2023REMIND_NDC,Global,Power,NuclearCap,price,$/MWh,101.69491553672316
2042,NGFS2023REMIND_FW,Global,Power,NuclearCap,price,$/MWh,101.69491553672316
2042,NGFS2023REMIND_CP,Global,Power,NuclearCap,price,$/MWh,101.69491553672316
2042,NGFS2023MESSAGE_NDC,Global,Power,NuclearCap,price,$/MWh,101.69491553672316
2042,NGFS2023MESSAGE_FW,Global,Power,NuclearCap,price,$/MWh,101.69491553672316
2042,NGFS2023MESSAGE_CP,Global,Power,NuclearCap,price,$/MWh,101.69491553672316
2043,NGFS2023GCAM_NDC,Global,Power,NuclearCap,price,$/MWh,101.69491553672316
2043,NGFS2023GCAM_FW,Global,Power,NuclearCap,price,$/MWh,101.69491553672316
2043,NGFS2023GCAM_CP,Global,Power,NuclearCap,price,$/MWh,101.69491553672316
2043,NGFS2023REMIND_NDC,Global,Power,NuclearCap,price,$/MWh,101.69491553672316
2043,NGFS2023REMIND_FW,Global,Power,NuclearCap,price,$/MWh,101.69491553672316
2043,NGFS2023REMIND_CP,Global,Power,NuclearCap,price,$/MWh,101.69491553672316
2043,NGFS2023MESSAGE_NDC,Global,Power,NuclearCap,price,$/MWh,101.69491553672316
2043,NGFS2023MESSAGE_FW,Global,Power,NuclearCap,price,$/MWh,101.69491553672316
2043,NGFS2023MESSAGE_CP,Global,Power,NuclearCap,price,$/MWh,101.69491553672316
2044,NGFS2023GCAM_NDC,Global,Power,NuclearCap,price,$/MWh,101.69491553672316
2044,NGFS2023GCAM_FW,Global,Power,NuclearCap,price,$/MWh,101.69491553672316
2044,NGFS2023GCAM_CP,Global,Power,NuclearCap,price,$/MWh,101.69491553672316
2044,NGFS2023REMIND_NDC,Global,Power,NuclearCap,price,$/MWh,101.69491553672316
2044,NGFS2023REMIND_FW,Global,Power,NuclearCap,price,$/MWh,101.69491553672316
2044,NGFS2023REMIND_CP,Global,Power,NuclearCap,price,$/MWh,101.69491553672316
2044,NGFS2023MESSAGE_NDC,Global,Power,NuclearCap,price,$/MWh,101.69491553672316
2044,NGFS2023MESSAGE_FW,Global,Power,NuclearCap,price,$/MWh,101.69491553672316
2044,NGFS2023MESSAGE_CP,Global,Power,NuclearCap,price,$/MWh,101.69491553672316
2045,NGFS2023GCAM_NDC,Global,Power,NuclearCap,price,$/MWh,101.69491553672316
2045,NGFS2023GCAM_FW,Global,Power,NuclearCap,price,$/MWh,101.69491553672316
2045,NGFS2023GCAM_CP,Global,Power,NuclearCap,price,$/MWh,101.69491553672316
2045,NGFS2023REMIND_NDC,Global,Power,NuclearCap,price,$/MWh,101.69491553672316
2045,NGFS2023REMIND_FW,Global,Power,NuclearCap,price,$/MWh,101.69491553672316
2045,NGFS2023REMIND_CP,Global,Power,NuclearCap,price,$/MWh,101.69491553672316
2045,NGFS2023MESSAGE_NDC,Global,Power,NuclearCap,price,$/MWh,101.69491553672316
2045,NGFS2023MESSAGE_FW,Global,Power,NuclearCap,price,$/MWh,101.69491553672316
2045,NGFS2023MESSAGE_CP,Global,Power,NuclearCap,price,$/MWh,101.69491553672316
2046,NGFS2023GCAM_NDC,Global,Power,NuclearCap,price,$/MWh,101.69491553672316
2046,NGFS2023GCAM_FW,Global,Power,NuclearCap,price,$/MWh,101.69491553672316
2046,NGFS2023GCAM_CP,Global,Power,NuclearCap,price,$/MWh,101.69491553672316
2046,NGFS2023REMIND_NDC,Global,Power,NuclearCap,price,$/MWh,101.69491553672316
2046,NGFS2023REMIND_FW,Global,Power,NuclearCap,price,$/MWh,101.69491553672316
2046,NGFS2023REMIND_CP,Global,Power,NuclearCap,price,$/MWh,101.69491553672316
2046,NGFS2023MESSAGE_NDC,Global,Power,NuclearCap,price,$/MWh,101.69491553672316
2046,NGFS2023MESSAGE_FW,Global,Power,NuclearCap,price,$/MWh,101.69491553672316
2046,NGFS2023MESSAGE_CP,Global,Power,NuclearCap,price,$/MWh,101.69491553672316
2047,NGFS2023GCAM_NDC,Global,Power,NuclearCap,price,$/MWh,101.69491553672316
2047,NGFS2023GCAM_FW,Global,Power,NuclearCap,price,$/MWh,101.69491553672316
2047,NGFS2023GCAM_CP,Global,Power,NuclearCap,price,$/MWh,101.69491553672316
2047,NGFS2023REMIND_NDC,Global,Power,NuclearCap,price,$/MWh,101.69491553672316
2047,NGFS2023REMIND_FW,Global,Power,NuclearCap,price,$/MWh,101.69491553672316
2047,NGFS2023REMIND_CP,Global,Power,NuclearCap,price,$/MWh,101.69491553672316
2047,NGFS2023MESSAGE_NDC,Global,Power,NuclearCap,price,$/MWh,101.69491553672316
2047,NGFS2023MESSAGE_FW,Global,Power,NuclearCap,price,$/MWh,101.69491553672316
2047,NGFS2023MESSAGE_CP,Global,Power,NuclearCap,price,$/MWh,101.69491553672316
2048,NGFS2023GCAM_NDC,Global,Power,NuclearCap,price,$/MWh,101.69491553672316
2048,NGFS2023GCAM_FW,Global,Power,NuclearCap,price,$/MWh,101.69491553672316
2048,NGFS2023GCAM_CP,Global,Power,NuclearCap,price,$/MWh,101.69491553672316
2048,NGFS2023REMIND_NDC,Global,Power,NuclearCap,price,$/MWh,101.69491553672316
2048,NGFS2023REMIND_FW,Global,Power,NuclearCap,price,$/MWh,101.69491553672316
2048,NGFS2023REMIND_CP,Global,Power,NuclearCap,price,$/MWh,101.69491553672316
2048,NGFS2023MESSAGE_NDC,Global,Power,NuclearCap,price,$/MWh,101.69491553672316
2048,NGFS2023MESSAGE_FW,Global,Power,NuclearCap,price,$/MWh,101.69491553672316
2048,NGFS2023MESSAGE_CP,Global,Power,NuclearCap,price,$/MWh,101.69491553672316
2049,NGFS2023GCAM_NDC,Global,Power,NuclearCap,price,$/MWh,101.69491553672316
2049,NGFS2023GCAM_FW,Global,Power,NuclearCap,price,$/MWh,101.69491553672316
2049,NGFS2023GCAM_CP,Global,Power,NuclearCap,price,$/MWh,101.69491553672316
2049,NGFS2023REMIND_NDC,Global,Power,NuclearCap,price,$/MWh,101.69491553672316
2049,NGFS2023REMIND_FW,Global,Power,NuclearCap,price,$/MWh,101.69491553672316
2049,NGFS2023REMIND_CP,Global,Power,NuclearCap,price,$/MWh,101.69491553672316
2049,NGFS2023MESSAGE_NDC,Global,Power,NuclearCap,price,$/MWh,101.69491553672316
2049,NGFS2023MESSAGE_FW,Global,Power,NuclearCap,price,$/MWh,101.69491553672316
2049,NGFS2023MESSAGE_CP,Global,Power,NuclearCap,price,$/MWh,101.69491553672316
2050,NGFS2023GCAM_NDC,Global,Power,NuclearCap,price,$/MWh,101.69491553672316
2050,NGFS2023GCAM_FW,Global,Power,NuclearCap,price,$/MWh,101.69491553672316
2050,NGFS2023GCAM_CP,Global,Power,NuclearCap,price,$/MWh,101.69491553672316
2050,NGFS2023REMIND_NDC,Global,Power,NuclearCap,price,$/MWh,101.69491553672316
2050,NGFS2023REMIND_FW,Global,Power,NuclearCap,price,$/MWh,101.69491553672316
2050,NGFS2023REMIND_CP,Global,Power,NuclearCap,price,$/MWh,101.69491553672316
2050,NGFS2023MESSAGE_NDC,Global,Power,NuclearCap,price,$/MWh,101.69491553672316
2050,NGFS2023MESSAGE_FW,Global,Power,NuclearCap,price,$/MWh,101.69491553672316
2050,NGFS2023MESSAGE_CP,Global,Power,NuclearCap,price,$/MWh,101.69491553672316
2051,NGFS2023GCAM_NDC,Global,Power,NuclearCap,price,$/MWh,101.69491553672316
2051,NGFS2023GCAM_FW,Global,Power,NuclearCap,price,$/MWh,101.69491553672316
2051,NGFS2023GCAM_CP,Global,Power,NuclearCap,price,$/MWh,101.69491553672316
2051,NGFS2023REMIND_NDC,Global,Power,NuclearCap,price,$/MWh,101.69491553672316
2051,NGFS2023REMIND_FW,Global,Power,NuclearCap,price,$/MWh,101.69491553672316
2051,NGFS2023REMIND_CP,Global,Power,NuclearCap,price,$/MWh,101.69491553672316
2051,NGFS2023MESSAGE_NDC,Global,Power,NuclearCap,price,$/MWh,101.69491553672316
2051,NGFS2023MESSAGE_FW,Global,Power,NuclearCap,price,$/MWh,101.69491553672316
2051,NGFS2023MESSAGE_CP,Global,Power,NuclearCap,price,$/MWh,101.69491553672316
2052,NGFS2023GCAM_NDC,Global,Power,NuclearCap,price,$/MWh,101.69491553672316
2052,NGFS2023GCAM_FW,Global,Power,NuclearCap,price,$/MWh,101.69491553672316
2052,NGFS2023GCAM_CP,Global,Power,NuclearCap,price,$/MWh,101.69491553672316
2052,NGFS2023REMIND_NDC,Global,Power,NuclearCap,price,$/MWh,101.69491553672316
2052,NGFS2023REMIND_FW,Global,Power,NuclearCap,price,$/MWh,101.69491553672316
2052,NGFS2023REMIND_CP,Global,Power,NuclearCap,price,$/MWh,101.69491553672316
2052,NGFS2023MESSAGE_NDC,Global,Power,NuclearCap,price,$/MWh,101.69491553672316
2052,NGFS2023MESSAGE_FW,Global,Power,NuclearCap,price,$/MWh,101.69491553672316
2052,NGFS2023MESSAGE_CP,Global,Power,NuclearCap,price,$/MWh,101.69491553672316
2053,NGFS2023GCAM_NDC,Global,Power,NuclearCap,price,$/MWh,101.69491553672316
2053,NGFS2023GCAM_FW,Global,Power,NuclearCap,price,$/MWh,101.69491553672316
2053,NGFS2023GCAM_CP,Global,Power,NuclearCap,price,$/MWh,101.69491553672316
2053,NGFS2023REMIND_NDC,Global,Power,NuclearCap,price,$/MWh,101.69491553672316
2053,NGFS2023REMIND_FW,Global,Power,NuclearCap,price,$/MWh,101.69491553672316
2053,NGFS2023REMIND_CP,Global,Power,NuclearCap,price,$/MWh,101.69491553672316
2053,NGFS2023MESSAGE_NDC,Global,Power,NuclearCap,price,$/MWh,101.69491553672316
2053,NGFS2023MESSAGE_FW,Global,Power,NuclearCap,price,$/MWh,101.69491553672316
2053,NGFS2023MESSAGE_CP,Global,Power,NuclearCap,price,$/MWh,101.69491553672316
2054,NGFS2023GCAM_NDC,Global,Power,NuclearCap,price,$/MWh,101.69491553672316
2054,NGFS2023GCAM_FW,Global,Power,NuclearCap,price,$/MWh,101.69491553672316
2054,NGFS2023GCAM_CP,Global,Power,NuclearCap,price,$/MWh,101.69491553672316
2054,NGFS2023REMIND_NDC,Global,Power,NuclearCap,price,$/MWh,101.69491553672316
2054,NGFS2023REMIND_FW,Global,Power,NuclearCap,price,$/MWh,101.69491553672316
2054,NGFS2023REMIND_CP,Global,Power,NuclearCap,price,$/MWh,101.69491553672316
2054,NGFS2023MESSAGE_NDC,Global,Power,NuclearCap,price,$/MWh,101.69491553672316
2054,NGFS2023MESSAGE_FW,Global,Power,NuclearCap,price,$/MWh,101.69491553672316
2054,NGFS2023MESSAGE_CP,Global,Power,NuclearCap,price,$/MWh,101.69491553672316
2055,NGFS2023GCAM_NDC,Global,Power,NuclearCap,price,$/MWh,101.69491553672316
2055,NGFS2023GCAM_FW,Global,Power,NuclearCap,price,$/MWh,101.69491553672316
2055,NGFS2023GCAM_CP,Global,Power,NuclearCap,price,$/MWh,101.69491553672316
2055,NGFS2023REMIND_NDC,Global,Power,NuclearCap,price,$/MWh,101.69491553672316
2055,NGFS2023REMIND_FW,Global,Power,NuclearCap,price,$/MWh,101.69491553672316
2055,NGFS2023REMIND_CP,Global,Power,NuclearCap,price,$/MWh,101.69491553672316
2055,NGFS2023MESSAGE_NDC,Global,Power,NuclearCap,price,$/MWh,101.69491553672316
2055,NGFS2023MESSAGE_FW,Global,Power,NuclearCap,price,$/MWh,101.69491553672316
2055,NGFS2023MESSAGE_CP,Global,Power,NuclearCap,price,$/MWh,101.69491553672316
2056,NGFS2023GCAM_NDC,Global,Power,NuclearCap,price,$/MWh,101.69491553672316
2056,NGFS2023GCAM_FW,Global,Power,NuclearCap,price,$/MWh,101.69491553672316
2056,NGFS2023GCAM_CP,Global,Power,NuclearCap,price,$/MWh,101.69491553672316
2056,NGFS2023REMIND_NDC,Global,Power,NuclearCap,price,$/MWh,101.69491553672316
2056,NGFS2023REMIND_FW,Global,Power,NuclearCap,price,$/MWh,101.69491553672316
2056,NGFS2023REMIND_CP,Global,Power,NuclearCap,price,$/MWh,101.69491553672316
2056,NGFS2023MESSAGE_NDC,Global,Power,NuclearCap,price,$/MWh,101.69491553672316
2056,NGFS2023MESSAGE_FW,Global,Power,NuclearCap,price,$/MWh,101.69491553672316
2056,NGFS2023MESSAGE_CP,Global,Power,NuclearCap,price,$/MWh,101.69491553672316
2057,NGFS2023GCAM_NDC,Global,Power,NuclearCap,price,$/MWh,101.69491553672316
2057,NGFS2023GCAM_FW,Global,Power,NuclearCap,price,$/MWh,101.69491553672316
2057,NGFS2023GCAM_CP,Global,Power,NuclearCap,price,$/MWh,101.69491553672316
2057,NGFS2023REMIND_NDC,Global,Power,NuclearCap,price,$/MWh,101.69491553672316
2057,NGFS2023REMIND_FW,Global,Power,NuclearCap,price,$/MWh,101.69491553672316
2057,NGFS2023REMIND_CP,Global,Power,NuclearCap,price,$/MWh,101.69491553672316
2057,NGFS2023MESSAGE_NDC,Global,Power,NuclearCap,price,$/MWh,101.69491553672316
2057,NGFS2023MESSAGE_FW,Global,Power,NuclearCap,price,$/MWh,101.69491553672316
2057,NGFS2023MESSAGE_CP,Global,Power,NuclearCap,price,$/MWh,101.69491553672316
2058,NGFS2023GCAM_NDC,Global,Power,NuclearCap,price,$/MWh,101.69491553672316
2058,NGFS2023GCAM_FW,Global,Power,NuclearCap,price,$/MWh,101.69491553672316
2058,NGFS2023GCAM_CP,Global,Power,NuclearCap,price,$/MWh,101.69491553672316
2058,NGFS2023REMIND_NDC,Global,Power,NuclearCap,price,$/MWh,101.69491553672316
2058,NGFS2023REMIND_FW,Global,Power,NuclearCap,price,$/MWh,101.69491553672316
2058,NGFS2023REMIND_CP,Global,Power,NuclearCap,price,$/MWh,101.69491553672316
2058,NGFS2023MESSAGE_NDC,Global,Power,NuclearCap,price,$/MWh,101.69491553672316
2058,NGFS2023MESSAGE_FW,Global,Power,NuclearCap,price,$/MWh,101.69491553672316
2058,NGFS2023MESSAGE_CP,Global,Power,NuclearCap,price,$/MWh,101.69491553672316
2059,NGFS2023GCAM_NDC,Global,Power,NuclearCap,price,$/MWh,101.69491553672316
2059,NGFS2023GCAM_FW,Global,Power,NuclearCap,price,$/MWh,101.69491553672316
2059,NGFS2023GCAM_CP,Global,Power,NuclearCap,price,$/MWh,101.69491553672316
2059,NGFS2023REMIND_NDC,Global,Power,NuclearCap,price,$/MWh,101.69491553672316
2059,NGFS2023REMIND_FW,Global,Power,NuclearCap,price,$/MWh,101.69491553672316
2059,NGFS2023REMIND_CP,Global,Power,NuclearCap,price,$/MWh,101.69491553672316
2059,NGFS2023MESSAGE_NDC,Global,Power,NuclearCap,price,$/MWh,101.69491553672316
2059,NGFS2023MESSAGE_FW,Global,Power,NuclearCap,price,$/MWh,101.69491553672316
2059,NGFS2023MESSAGE_CP,Global,Power,NuclearCap,price,$/MWh,101.69491553672316
2060,NGFS2023GCAM_NDC,Global,Power,NuclearCap,price,$/MWh,101.69491553672316
2060,NGFS2023GCAM_FW,Global,Power,NuclearCap,price,$/MWh,101.69491553672316
2060,NGFS2023GCAM_CP,Global,Power,NuclearCap,price,$/MWh,101.69491553672316
2060,NGFS2023REMIND_NDC,Global,Power,NuclearCap,price,$/MWh,101.69491553672316
2060,NGFS2023REMIND_FW,Global,Power,NuclearCap,price,$/MWh,101.69491553672316
2060,NGFS2023REMIND_CP,Global,Power,NuclearCap,price,$/MWh,101.69491553672316
2060,NGFS2023MESSAGE_NDC,Global,Power,NuclearCap,price,$/MWh,101.69491553672316
2060,NGFS2023MESSAGE_FW,Global,Power,NuclearCap,price,$/MWh,101.69491553672316
2060,NGFS2023MESSAGE_CP,Global,Power,NuclearCap,price,$/MWh,101.69491553672316
2061,NGFS2023GCAM_NDC,Global,Power,NuclearCap,price,$/MWh,101.69491553672316
2061,NGFS2023GCAM_FW,Global,Power,NuclearCap,price,$/MWh,101.69491553672316
2061,NGFS2023GCAM_CP,Global,Power,NuclearCap,price,$/MWh,101.69491553672316
2061,NGFS2023REMIND_NDC,Global,Power,NuclearCap,price,$/MWh,101.69491553672316
2061,NGFS2023REMIND_FW,Global,Power,NuclearCap,price,$/MWh,101.69491553672316
2061,NGFS2023REMIND_CP,Global,Power,NuclearCap,price,$/MWh,101.69491553672316
2061,NGFS2023MESSAGE_NDC,Global,Power,NuclearCap,price,$/MWh,101.69491553672316
2061,NGFS2023MESSAGE_FW,Global,Power,NuclearCap,price,$/MWh,101.69491553672316
2061,NGFS2023MESSAGE_CP,Global,Power,NuclearCap,price,$/MWh,101.69491553672316
2062,NGFS2023GCAM_NDC,Global,Power,NuclearCap,price,$/MWh,101.69491553672316
2062,NGFS2023GCAM_FW,Global,Power,NuclearCap,price,$/MWh,101.69491553672316
2062,NGFS2023GCAM_CP,Global,Power,NuclearCap,price,$/MWh,101.69491553672316
2062,NGFS2023REMIND_NDC,Global,Power,NuclearCap,price,$/MWh,101.69491553672316
2062,NGFS2023REMIND_FW,Global,Power,NuclearCap,price,$/MWh,101.69491553672316
2062,NGFS2023REMIND_CP,Global,Power,NuclearCap,price,$/MWh,101.69491553672316
2062,NGFS2023MESSAGE_NDC,Global,Power,NuclearCap,price,$/MWh,101.69491553672316
2062,NGFS2023MESSAGE_FW,Global,Power,NuclearCap,price,$/MWh,101.69491553672316
2062,NGFS2023MESSAGE_CP,Global,Power,NuclearCap,price,$/MWh,101.69491553672316
2063,NGFS2023GCAM_NDC,Global,Power,NuclearCap,price,$/MWh,101.69491553672316
2063,NGFS2023GCAM_FW,Global,Power,NuclearCap,price,$/MWh,101.69491553672316
2063,NGFS2023GCAM_CP,Global,Power,NuclearCap,price,$/MWh,101.69491553672316
2063,NGFS2023REMIND_NDC,Global,Power,NuclearCap,price,$/MWh,101.69491553672316
2063,NGFS2023REMIND_FW,Global,Power,NuclearCap,price,$/MWh,101.69491553672316
2063,NGFS2023REMIND_CP,Global,Power,NuclearCap,price,$/MWh,101.69491553672316
2063,NGFS2023MESSAGE_NDC,Global,Power,NuclearCap,price,$/MWh,101.69491553672316
2063,NGFS2023MESSAGE_FW,Global,Power,NuclearCap,price,$/MWh,101.69491553672316
2063,NGFS2023MESSAGE_CP,Global,Power,NuclearCap,price,$/MWh,101.69491553672316
2064,NGFS2023GCAM_NDC,Global,Power,NuclearCap,price,$/MWh,101.69491553672316
2064,NGFS2023GCAM_FW,Global,Power,NuclearCap,price,$/MWh,101.69491553672316
2064,NGFS2023GCAM_CP,Global,Power,NuclearCap,price,$/MWh,101.69491553672316
2064,NGFS2023REMIND_NDC,Global,Power,NuclearCap,price,$/MWh,101.69491553672316
2064,NGFS2023REMIND_FW,Global,Power,NuclearCap,price,$/MWh,101.69491553672316
2064,NGFS2023REMIND_CP,Global,Power,NuclearCap,price,$/MWh,101.69491553672316
2064,NGFS2023MESSAGE_NDC,Global,Power,NuclearCap,price,$/MWh,101.69491553672316
2064,NGFS2023MESSAGE_FW,Global,Power,NuclearCap,price,$/MWh,101.69491553672316
2064,NGFS2023MESSAGE_CP,Global,Power,NuclearCap,price,$/MWh,101.69491553672316
2065,NGFS2023GCAM_NDC,Global,Power,NuclearCap,price,$/MWh,101.69491553672316
2065,NGFS2023GCAM_FW,Global,Power,NuclearCap,price,$/MWh,101.69491553672316
2065,NGFS2023GCAM_CP,Global,Power,NuclearCap,price,$/MWh,101.69491553672316
2065,NGFS2023REMIND_NDC,Global,Power,NuclearCap,price,$/MWh,101.69491553672316
2065,NGFS2023REMIND_FW,Global,Power,NuclearCap,price,$/MWh,101.69491553672316
2065,NGFS2023REMIND_CP,Global,Power,NuclearCap,price,$/MWh,101.69491553672316
2065,NGFS2023MESSAGE_NDC,Global,Power,NuclearCap,price,$/MWh,101.69491553672316
2065,NGFS2023MESSAGE_FW,Global,Power,NuclearCap,price,$/MWh,101.69491553672316
2065,NGFS2023MESSAGE_CP,Global,Power,NuclearCap,price,$/MWh,101.69491553672316
2066,NGFS2023GCAM_NDC,Global,Power,NuclearCap,price,$/MWh,101.69491553672316
2066,NGFS2023GCAM_FW,Global,Power,NuclearCap,price,$/MWh,101.69491553672316
2066,NGFS2023GCAM_CP,Global,Power,NuclearCap,price,$/MWh,101.69491553672316
2066,NGFS2023REMIND_NDC,Global,Power,NuclearCap,price,$/MWh,101.69491553672316
2066,NGFS2023REMIND_FW,Global,Power,NuclearCap,price,$/MWh,101.69491553672316
2066,NGFS2023REMIND_CP,Global,Power,NuclearCap,price,$/MWh,101.69491553672316
2066,NGFS2023MESSAGE_NDC,Global,Power,NuclearCap,price,$/MWh,101.69491553672316
2066,NGFS2023MESSAGE_FW,Global,Power,NuclearCap,price,$/MWh,101.69491553672316
2066,NGFS2023MESSAGE_CP,Global,Power,NuclearCap,price,$/MWh,101.69491553672316
2067,NGFS2023GCAM_NDC,Global,Power,NuclearCap,price,$/MWh,101.69491553672316
2067,NGFS2023GCAM_FW,Global,Power,NuclearCap,price,$/MWh,101.69491553672316
2067,NGFS2023GCAM_CP,Global,Power,NuclearCap,price,$/MWh,101.69491553672316
2067,NGFS2023REMIND_NDC,Global,Power,NuclearCap,price,$/MWh,101.69491553672316
2067,NGFS2023REMIND_FW,Global,Power,NuclearCap,price,$/MWh,101.69491553672316
2067,NGFS2023REMIND_CP,Global,Power,NuclearCap,price,$/MWh,101.69491553672316
2067,NGFS2023MESSAGE_NDC,Global,Power,NuclearCap,price,$/MWh,101.69491553672316
2067,NGFS2023MESSAGE_FW,Global,Power,NuclearCap,price,$/MWh,101.69491553672316
2067,NGFS2023MESSAGE_CP,Global,Power,NuclearCap,price,$/MWh,101.69491553672316
2068,NGFS2023GCAM_NDC,Global,Power,NuclearCap,price,$/MWh,101.69491553672316
2068,NGFS2023GCAM_FW,Global,Power,NuclearCap,price,$/MWh,101.69491553672316
2068,NGFS2023GCAM_CP,Global,Power,NuclearCap,price,$/MWh,101.69491553672316
2068,NGFS2023REMIND_NDC,Global,Power,NuclearCap,price,$/MWh,101.69491553672316
2068,NGFS2023REMIND_FW,Global,Power,NuclearCap,price,$/MWh,101.69491553672316
2068,NGFS2023REMIND_CP,Global,Power,NuclearCap,price,$/MWh,101.69491553672316
2068,NGFS2023MESSAGE_NDC,Global,Power,NuclearCap,price,$/MWh,101.69491553672316
2068,NGFS2023MESSAGE_FW,Global,Power,NuclearCap,price,$/MWh,101.69491553672316
2068,NGFS2023MESSAGE_CP,Global,Power,NuclearCap,price,$/MWh,101.69491553672316
2069,NGFS2023GCAM_NDC,Global,Power,NuclearCap,price,$/MWh,101.69491553672316
2069,NGFS2023GCAM_FW,Global,Power,NuclearCap,price,$/MWh,101.69491553672316
2069,NGFS2023GCAM_CP,Global,Power,NuclearCap,price,$/MWh,101.69491553672316
2069,NGFS2023REMIND_NDC,Global,Power,NuclearCap,price,$/MWh,101.69491553672316
2069,NGFS2023REMIND_FW,Global,Power,NuclearCap,price,$/MWh,101.69491553672316
2069,NGFS2023REMIND_CP,Global,Power,NuclearCap,price,$/MWh,101.69491553672316
2069,NGFS2023MESSAGE_NDC,Global,Power,NuclearCap,price,$/MWh,101.69491553672316
2069,NGFS2023MESSAGE_FW,Global,Power,NuclearCap,price,$/MWh,101.69491553672316
2069,NGFS2023MESSAGE_CP,Global,Power,NuclearCap,price,$/MWh,101.69491553672316
2022,NGFS2023GCAM_NDC,Global,Power,OilCap,price,$/MWh,62.85369299435028
2022,NGFS2023GCAM_FW,Global,Power,OilCap,price,$/MWh,62.85369299435028
2022,NGFS2023GCAM_CP,Global,Power,OilCap,price,$/MWh,62.85369299435028
2022,NGFS2023REMIND_NDC,Global,Power,OilCap,price,$/MWh,62.85369299435028
2022,NGFS2023REMIND_FW,Global,Power,OilCap,price,$/MWh,62.85369299435028
2022,NGFS2023REMIND_CP,Global,Power,OilCap,price,$/MWh,62.85369299435028
2022,NGFS2023MESSAGE_NDC,Global,Power,OilCap,price,$/MWh,62.85369299435028
2022,NGFS2023MESSAGE_FW,Global,Power,OilCap,price,$/MWh,62.85369299435028
2022,NGFS2023MESSAGE_CP,Global,Power,OilCap,price,$/MWh,62.85369299435028
2023,NGFS2023GCAM_NDC,Global,Power,OilCap,price,$/MWh,62.13181824430379
2023,NGFS2023GCAM_FW,Global,Power,OilCap,price,$/MWh,62.13181824430379
2023,NGFS2023GCAM_CP,Global,Power,OilCap,price,$/MWh,62.13181824430379
2023,NGFS2023REMIND_NDC,Global,Power,OilCap,price,$/MWh,62.13181824430379
2023,NGFS2023REMIND_FW,Global,Power,OilCap,price,$/MWh,62.13181824430379
2023,NGFS2023REMIND_CP,Global,Power,OilCap,price,$/MWh,62.13181824430379
2023,NGFS2023MESSAGE_NDC,Global,Power,OilCap,price,$/MWh,62.13181824430379
2023,NGFS2023MESSAGE_FW,Global,Power,OilCap,price,$/MWh,62.13181824430379
2023,NGFS2023MESSAGE_CP,Global,Power,OilCap,price,$/MWh,62.13181824430379
2024,NGFS2023GCAM_NDC,Global,Power,OilCap,price,$/MWh,61.54106547561286
2024,NGFS2023GCAM_FW,Global,Power,OilCap,price,$/MWh,61.54106547561286
2024,NGFS2023GCAM_CP,Global,Power,OilCap,price,$/MWh,61.54106547561286
2024,NGFS2023REMIND_NDC,Global,Power,OilCap,price,$/MWh,61.54106547561286
2024,NGFS2023REMIND_FW,Global,Power,OilCap,price,$/MWh,61.54106547561286
2024,NGFS2023REMIND_CP,Global,Power,OilCap,price,$/MWh,61.54106547561286
2024,NGFS2023MESSAGE_NDC,Global,Power,OilCap,price,$/MWh,61.54106547561286
2024,NGFS2023MESSAGE_FW,Global,Power,OilCap,price,$/MWh,61.54106547561286
2024,NGFS2023MESSAGE_CP,Global,Power,OilCap,price,$/MWh,61.54106547561286
2025,NGFS2023GCAM_NDC,Global,Power,OilCap,price,$/MWh,61.05673416017218
2025,NGFS2023GCAM_FW,Global,Power,OilCap,price,$/MWh,61.05673416017218
2025,NGFS2023GCAM_CP,Global,Power,OilCap,price,$/MWh,61.05673416017218
2025,NGFS2023REMIND_NDC,Global,Power,OilCap,price,$/MWh,61.05673416017218
2025,NGFS2023REMIND_FW,Global,Power,OilCap,price,$/MWh,61.05673416017218
2025,NGFS2023REMIND_CP,Global,Power,OilCap,price,$/MWh,61.05673416017218
2025,NGFS2023MESSAGE_NDC,Global,Power,OilCap,price,$/MWh,61.05673416017218
2025,NGFS2023MESSAGE_FW,Global,Power,OilCap,price,$/MWh,61.05673416017218
2025,NGFS2023MESSAGE_CP,Global,Power,OilCap,price,$/MWh,61.05673416017218
2026,NGFS2023GCAM_NDC,Global,Power,OilCap,price,$/MWh,60.65905294306617
2026,NGFS2023GCAM_FW,Global,Power,OilCap,price,$/MWh,60.65905294306617
2026,NGFS2023GCAM_CP,Global,Power,OilCap,price,$/MWh,60.65905294306617
2026,NGFS2023REMIND_NDC,Global,Power,OilCap,price,$/MWh,60.65905294306617
2026,NGFS2023REMIND_FW,Global,Power,OilCap,price,$/MWh,60.65905294306617
2026,NGFS2023REMIND_CP,Global,Power,OilCap,price,$/MWh,60.65905294306617
2026,NGFS2023MESSAGE_NDC,Global,Power,OilCap,price,$/MWh,60.65905294306617
2026,NGFS2023MESSAGE_FW,Global,Power,OilCap,price,$/MWh,60.65905294306617
2026,NGFS2023MESSAGE_CP,Global,Power,OilCap,price,$/MWh,60.65905294306617
2027,NGFS2023GCAM_NDC,Global,Power,OilCap,price,$/MWh,60.33211157474872
2027,NGFS2023GCAM_FW,Global,Power,OilCap,price,$/MWh,60.33211157474872
2027,NGFS2023GCAM_CP,Global,Power,OilCap,price,$/MWh,60.33211157474872
2027,NGFS2023REMIND_NDC,Global,Power,OilCap,price,$/MWh,60.33211157474872
2027,NGFS2023REMIND_FW,Global,Power,OilCap,price,$/MWh,60.33211157474872
2027,NGFS2023REMIND_CP,Global,Power,OilCap,price,$/MWh,60.33211157474872
2027,NGFS2023MESSAGE_NDC,Global,Power,OilCap,price,$/MWh,60.33211157474872
2027,NGFS2023MESSAGE_FW,Global,Power,OilCap,price,$/MWh,60.33211157474872
2027,NGFS2023MESSAGE_CP,Global,Power,OilCap,price,$/MWh,60.33211157474872
2028,NGFS2023GCAM_NDC,Global,Power,OilCap,price,$/MWh,60.06304909395892
2028,NGFS2023GCAM_FW,Global,Power,OilCap,price,$/MWh,60.06304909395892
2028,NGFS2023GCAM_CP,Global,Power,OilCap,price,$/MWh,60.06304909395892
2028,NGFS2023REMIND_NDC,Global,Power,OilCap,price,$/MWh,60.06304909395892
2028,NGFS2023REMIND_FW,Global,Power,OilCap,price,$/MWh,60.06304909395892
2028,NGFS2023REMIND_CP,Global,Power,OilCap,price,$/MWh,60.06304909395892
2028,NGFS2023MESSAGE_NDC,Global,Power,OilCap,price,$/MWh,60.06304909395892
2028,NGFS2023MESSAGE_FW,Global,Power,OilCap,price,$/MWh,60.06304909395892
2028,NGFS2023MESSAGE_CP,Global,Power,OilCap,price,$/MWh,60.06304909395892
2029,NGFS2023GCAM_NDC,Global,Power,OilCap,price,$/MWh,59.84142992890016
2029,NGFS2023GCAM_FW,Global,Power,OilCap,price,$/MWh,59.84142992890016
2029,NGFS2023GCAM_CP,Global,Power,OilCap,price,$/MWh,59.84142992890016
2029,NGFS2023REMIND_NDC,Global,Power,OilCap,price,$/MWh,59.84142992890016
2029,NGFS2023REMIND_FW,Global,Power,OilCap,price,$/MWh,59.84142992890016
2029,NGFS2023REMIND_CP,Global,Power,OilCap,price,$/MWh,59.84142992890016
2029,NGFS2023MESSAGE_NDC,Global,Power,OilCap,price,$/MWh,59.84142992890016
2029,NGFS2023MESSAGE_FW,Global,Power,OilCap,price,$/MWh,59.84142992890016
2029,NGFS2023MESSAGE_CP,Global,Power,OilCap,price,$/MWh,59.84142992890016
2030,NGFS2023GCAM_NDC,Global,Power,OilCap,price,$/MWh,59.65875950917725
2030,NGFS2023GCAM_FW,Global,Power,OilCap,price,$/MWh,59.65875950917725
2030,NGFS2023GCAM_CP,Global,Power,OilCap,price,$/MWh,59.65875950917725
2030,NGFS2023REMIND_NDC,Global,Power,OilCap,price,$/MWh,59.65875950917725
2030,NGFS2023REMIND_FW,Global,Power,OilCap,price,$/MWh,59.65875950917725
2030,NGFS2023REMIND_CP,Global,Power,OilCap,price,$/MWh,59.65875950917725
2030,NGFS2023MESSAGE_NDC,Global,Power,OilCap,price,$/MWh,59.65875950917725
2030,NGFS2023MESSAGE_FW,Global,Power,OilCap,price,$/MWh,59.65875950917725
2030,NGFS2023MESSAGE_CP,Global,Power,OilCap,price,$/MWh,59.65875950917725
2031,NGFS2023GCAM_NDC,Global,Power,OilCap,price,$/MWh,59.50810476520781
2031,NGFS2023GCAM_FW,Global,Power,OilCap,price,$/MWh,59.50810476520781
2031,NGFS2023GCAM_CP,Global,Power,OilCap,price,$/MWh,59.50810476520781
2031,NGFS2023REMIND_NDC,Global,Power,OilCap,price,$/MWh,59.50810476520781
2031,NGFS2023REMIND_FW,Global,Power,OilCap,price,$/MWh,59.50810476520781
2031,NGFS2023REMIND_CP,Global,Power,OilCap,price,$/MWh,59.50810476520781
2031,NGFS2023MESSAGE_NDC,Global,Power,OilCap,price,$/MWh,59.50810476520781
2031,NGFS2023MESSAGE_FW,Global,Power,OilCap,price,$/MWh,59.50810476520781
2031,NGFS2023MESSAGE_CP,Global,Power,OilCap,price,$/MWh,59.50810476520781
2032,NGFS2023GCAM_NDC,Global,Power,OilCap,price,$/MWh,59.38379444268135
2032,NGFS2023GCAM_FW,Global,Power,OilCap,price,$/MWh,59.38379444268135
2032,NGFS2023GCAM_CP,Global,Power,OilCap,price,$/MWh,59.38379444268135
2032,NGFS2023REMIND_NDC,Global,Power,OilCap,price,$/MWh,59.38379444268135
2032,NGFS2023REMIND_FW,Global,Power,OilCap,price,$/MWh,59.38379444268135
2032,NGFS2023REMIND_CP,Global,Power,OilCap,price,$/MWh,59.38379444268135
2032,NGFS2023MESSAGE_NDC,Global,Power,OilCap,price,$/MWh,59.38379444268135
2032,NGFS2023MESSAGE_FW,Global,Power,OilCap,price,$/MWh,59.38379444268135
2032,NGFS2023MESSAGE_CP,Global,Power,OilCap,price,$/MWh,59.38379444268135
2033,NGFS2023GCAM_NDC,Global,Power,OilCap,price,$/MWh,59.281180797367085
2033,NGFS2023GCAM_FW,Global,Power,OilCap,price,$/MWh,59.281180797367085
2033,NGFS2023GCAM_CP,Global,Power,OilCap,price,$/MWh,59.281180797367085
2033,NGFS2023REMIND_NDC,Global,Power,OilCap,price,$/MWh,59.281180797367085
2033,NGFS2023REMIND_FW,Global,Power,OilCap,price,$/MWh,59.281180797367085
2033,NGFS2023REMIND_CP,Global,Power,OilCap,price,$/MWh,59.281180797367085
2033,NGFS2023MESSAGE_NDC,Global,Power,OilCap,price,$/MWh,59.281180797367085
2033,NGFS2023MESSAGE_FW,Global,Power,OilCap,price,$/MWh,59.281180797367085
2033,NGFS2023MESSAGE_CP,Global,Power,OilCap,price,$/MWh,59.281180797367085
2034,NGFS2023GCAM_NDC,Global,Power,OilCap,price,$/MWh,59.19644898490565
2034,NGFS2023GCAM_FW,Global,Power,OilCap,price,$/MWh,59.19644898490565
2034,NGFS2023GCAM_CP,Global,Power,OilCap,price,$/MWh,59.19644898490565
2034,NGFS2023REMIND_NDC,Global,Power,OilCap,price,$/MWh,59.19644898490565
2034,NGFS2023REMIND_FW,Global,Power,OilCap,price,$/MWh,59.19644898490565
2034,NGFS2023REMIND_CP,Global,Power,OilCap,price,$/MWh,59.19644898490565
2034,NGFS2023MESSAGE_NDC,Global,Power,OilCap,price,$/MWh,59.19644898490565
2034,NGFS2023MESSAGE_FW,Global,Power,OilCap,price,$/MWh,59.19644898490565
2034,NGFS2023MESSAGE_CP,Global,Power,OilCap,price,$/MWh,59.19644898490565
2035,NGFS2023GCAM_NDC,Global,Power,OilCap,price,$/MWh,59.12646372373537
2035,NGFS2023GCAM_FW,Global,Power,OilCap,price,$/MWh,59.12646372373537
2035,NGFS2023GCAM_CP,Global,Power,OilCap,price,$/MWh,59.12646372373537
2035,NGFS2023REMIND_NDC,Global,Power,OilCap,price,$/MWh,59.12646372373537
2035,NGFS2023REMIND_FW,Global,Power,OilCap,price,$/MWh,59.12646372373537
2035,NGFS2023REMIND_CP,Global,Power,OilCap,price,$/MWh,59.12646372373537
2035,NGFS2023MESSAGE_NDC,Global,Power,OilCap,price,$/MWh,59.12646372373537
2035,NGFS2023MESSAGE_FW,Global,Power,OilCap,price,$/MWh,59.12646372373537
2035,NGFS2023MESSAGE_CP,Global,Power,OilCap,price,$/MWh,59.12646372373537
2036,NGFS2023GCAM_NDC,Global,Power,OilCap,price,$/MWh,59.06864549003239
2036,NGFS2023GCAM_FW,Global,Power,OilCap,price,$/MWh,59.06864549003239
2036,NGFS2023GCAM_CP,Global,Power,OilCap,price,$/MWh,59.06864549003239
2036,NGFS2023REMIND_NDC,Global,Power,OilCap,price,$/MWh,59.06864549003239
2036,NGFS2023REMIND_FW,Global,Power,OilCap,price,$/MWh,59.06864549003239
2036,NGFS2023REMIND_CP,Global,Power,OilCap,price,$/MWh,59.06864549003239
2036,NGFS2023MESSAGE_NDC,Global,Power,OilCap,price,$/MWh,59.06864549003239
2036,NGFS2023MESSAGE_FW,Global,Power,OilCap,price,$/MWh,59.06864549003239
2036,NGFS2023MESSAGE_CP,Global,Power,OilCap,price,$/MWh,59.06864549003239
2037,NGFS2023GCAM_NDC,Global,Power,OilCap,price,$/MWh,59.020870091847605
2037,NGFS2023GCAM_FW,Global,Power,OilCap,price,$/MWh,59.020870091847605
2037,NGFS2023GCAM_CP,Global,Power,OilCap,price,$/MWh,59.020870091847605
2037,NGFS2023REMIND_NDC,Global,Power,OilCap,price,$/MWh,59.020870091847605
2037,NGFS2023REMIND_FW,Global,Power,OilCap,price,$/MWh,59.020870091847605
2037,NGFS2023REMIND_CP,Global,Power,OilCap,price,$/MWh,59.020870091847605
2037,NGFS2023MESSAGE_NDC,Global,Power,OilCap,price,$/MWh,59.020870091847605
2037,NGFS2023MESSAGE_FW,Global,Power,OilCap,price,$/MWh,59.020870091847605
2037,NGFS2023MESSAGE_CP,Global,Power,OilCap,price,$/MWh,59.020870091847605
2038,NGFS2023GCAM_NDC,Global,Power,OilCap,price,$/MWh,58.98138703985392
2038,NGFS2023GCAM_FW,Global,Power,OilCap,price,$/MWh,58.98138703985392
2038,NGFS2023GCAM_CP,Global,Power,OilCap,price,$/MWh,58.98138703985392
2038,NGFS2023REMIND_NDC,Global,Power,OilCap,price,$/MWh,58.98138703985392
2038,NGFS2023REMIND_FW,Global,Power,OilCap,price,$/MWh,58.98138703985392
2038,NGFS2023REMIND_CP,Global,Power,OilCap,price,$/MWh,58.98138703985392
2038,NGFS2023MESSAGE_NDC,Global,Power,OilCap,price,$/MWh,58.98138703985392
2038,NGFS2023MESSAGE_FW,Global,Power,OilCap,price,$/MWh,58.98138703985392
2038,NGFS2023MESSAGE_CP,Global,Power,OilCap,price,$/MWh,58.98138703985392
2039,NGFS2023GCAM_NDC,Global,Power,OilCap,price,$/MWh,58.94875284594225
2039,NGFS2023GCAM_FW,Global,Power,OilCap,price,$/MWh,58.94875284594225
2039,NGFS2023GCAM_CP,Global,Power,OilCap,price,$/MWh,58.94875284594225
2039,NGFS2023REMIND_NDC,Global,Power,OilCap,price,$/MWh,58.94875284594225
2039,NGFS2023REMIND_FW,Global,Power,OilCap,price,$/MWh,58.94875284594225
2039,NGFS2023REMIND_CP,Global,Power,OilCap,price,$/MWh,58.94875284594225
2039,NGFS2023MESSAGE_NDC,Global,Power,OilCap,price,$/MWh,58.94875284594225
2039,NGFS2023MESSAGE_FW,Global,Power,OilCap,price,$/MWh,58.94875284594225
2039,NGFS2023MESSAGE_CP,Global,Power,OilCap,price,$/MWh,58.94875284594225
2040,NGFS2023GCAM_NDC,Global,Power,OilCap,price,$/MWh,58.92177664193161
2040,NGFS2023GCAM_FW,Global,Power,OilCap,price,$/MWh,58.92177664193161
2040,NGFS2023GCAM_CP,Global,Power,OilCap,price,$/MWh,58.92177664193161
2040,NGFS2023REMIND_NDC,Global,Power,OilCap,price,$/MWh,58.92177664193161
2040,NGFS2023REMIND_FW,Global,Power,OilCap,price,$/MWh,58.92177664193161
2040,NGFS2023REMIND_CP,Global,Power,OilCap,price,$/MWh,58.92177664193161
2040,NGFS2023MESSAGE_NDC,Global,Power,OilCap,price,$/MWh,58.92177664193161
2040,NGFS2023MESSAGE_FW,Global,Power,OilCap,price,$/MWh,58.92177664193161
2040,NGFS2023MESSAGE_CP,Global,Power,OilCap,price,$/MWh,58.92177664193161
2041,NGFS2023GCAM_NDC,Global,Power,OilCap,price,$/MWh,58.89947551057295
2041,NGFS2023GCAM_FW,Global,Power,OilCap,price,$/MWh,58.89947551057295
2041,NGFS2023GCAM_CP,Global,Power,OilCap,price,$/MWh,58.89947551057295
2041,NGFS2023REMIND_NDC,Global,Power,OilCap,price,$/MWh,58.89947551057295
2041,NGFS2023REMIND_FW,Global,Power,OilCap,price,$/MWh,58.89947551057295
2041,NGFS2023REMIND_CP,Global,Power,OilCap,price,$/MWh,58.89947551057295
2041,NGFS2023MESSAGE_NDC,Global,Power,OilCap,price,$/MWh,58.89947551057295
2041,NGFS2023MESSAGE_FW,Global,Power,OilCap,price,$/MWh,58.89947551057295
2041,NGFS2023MESSAGE_CP,Global,Power,OilCap,price,$/MWh,58.89947551057295
2042,NGFS2023GCAM_NDC,Global,Power,OilCap,price,$/MWh,58.88103792013392
2042,NGFS2023GCAM_FW,Global,Power,OilCap,price,$/MWh,58.88103792013392
2042,NGFS2023GCAM_CP,Global,Power,OilCap,price,$/MWh,58.88103792013392
2042,NGFS2023REMIND_NDC,Global,Power,OilCap,price,$/MWh,58.88103792013392
2042,NGFS2023REMIND_FW,Global,Power,OilCap,price,$/MWh,58.88103792013392
2042,NGFS2023REMIND_CP,Global,Power,OilCap,price,$/MWh,58.88103792013392
2042,NGFS2023MESSAGE_NDC,Global,Power,OilCap,price,$/MWh,58.88103792013392
2042,NGFS2023MESSAGE_FW,Global,Power,OilCap,price,$/MWh,58.88103792013392
2042,NGFS2023MESSAGE_CP,Global,Power,OilCap,price,$/MWh,58.88103792013392
2043,NGFS2023GCAM_NDC,Global,Power,OilCap,price,$/MWh,58.86579362094929
2043,NGFS2023GCAM_FW,Global,Power,OilCap,price,$/MWh,58.86579362094929
2043,NGFS2023GCAM_CP,Global,Power,OilCap,price,$/MWh,58.86579362094929
2043,NGFS2023REMIND_NDC,Global,Power,OilCap,price,$/MWh,58.86579362094929
2043,NGFS2023REMIND_FW,Global,Power,OilCap,price,$/MWh,58.86579362094929
2043,NGFS2023REMIND_CP,Global,Power,OilCap,price,$/MWh,58.86579362094929
2043,NGFS2023MESSAGE_NDC,Global,Power,OilCap,price,$/MWh,58.86579362094929
2043,NGFS2023MESSAGE_FW,Global,Power,OilCap,price,$/MWh,58.86579362094929
2043,NGFS2023MESSAGE_CP,Global,Power,OilCap,price,$/MWh,58.86579362094929
2044,NGFS2023GCAM_NDC,Global,Power,OilCap,price,$/MWh,58.85318892671253
2044,NGFS2023GCAM_FW,Global,Power,OilCap,price,$/MWh,58.85318892671253
2044,NGFS2023GCAM_CP,Global,Power,OilCap,price,$/MWh,58.85318892671253
2044,NGFS2023REMIND_NDC,Global,Power,OilCap,price,$/MWh,58.85318892671253
2044,NGFS2023REMIND_FW,Global,Power,OilCap,price,$/MWh,58.85318892671253
2044,NGFS2023REMIND_CP,Global,Power,OilCap,price,$/MWh,58.85318892671253
2044,NGFS2023MESSAGE_NDC,Global,Power,OilCap,price,$/MWh,58.85318892671253
2044,NGFS2023MESSAGE_FW,Global,Power,OilCap,price,$/MWh,58.85318892671253
2044,NGFS2023MESSAGE_CP,Global,Power,OilCap,price,$/MWh,58.85318892671253
2045,NGFS2023GCAM_NDC,Global,Power,OilCap,price,$/MWh,58.84276635044227
2045,NGFS2023GCAM_FW,Global,Power,OilCap,price,$/MWh,58.84276635044227
2045,NGFS2023GCAM_CP,Global,Power,OilCap,price,$/MWh,58.84276635044227
2045,NGFS2023REMIND_NDC,Global,Power,OilCap,price,$/MWh,58.84276635044227
2045,NGFS2023REMIND_FW,Global,Power,OilCap,price,$/MWh,58.84276635044227
2045,NGFS2023REMIND_CP,Global,Power,OilCap,price,$/MWh,58.84276635044227
2045,NGFS2023MESSAGE_NDC,Global,Power,OilCap,price,$/MWh,58.84276635044227
2045,NGFS2023MESSAGE_FW,Global,Power,OilCap,price,$/MWh,58.84276635044227
2045,NGFS2023MESSAGE_CP,Global,Power,OilCap,price,$/MWh,58.84276635044227
2046,NGFS2023GCAM_NDC,Global,Power,OilCap,price,$/MWh,58.83414784281152
2046,NGFS2023GCAM_FW,Global,Power,OilCap,price,$/MWh,58.83414784281152
2046,NGFS2023GCAM_CP,Global,Power,OilCap,price,$/MWh,58.83414784281152
2046,NGFS2023REMIND_NDC,Global,Power,OilCap,price,$/MWh,58.83414784281152
2046,NGFS2023REMIND_FW,Global,Power,OilCap,price,$/MWh,58.83414784281152
2046,NGFS2023REMIND_CP,Global,Power,OilCap,price,$/MWh,58.83414784281152
2046,NGFS2023MESSAGE_NDC,Global,Power,OilCap,price,$/MWh,58.83414784281152
2046,NGFS2023MESSAGE_FW,Global,Power,OilCap,price,$/MWh,58.83414784281152
2046,NGFS2023MESSAGE_CP,Global,Power,OilCap,price,$/MWh,58.83414784281152
2047,NGFS2023GCAM_NDC,Global,Power,OilCap,price,$/MWh,58.82702092125009
2047,NGFS2023GCAM_FW,Global,Power,OilCap,price,$/MWh,58.82702092125009
2047,NGFS2023GCAM_CP,Global,Power,OilCap,price,$/MWh,58.82702092125009
2047,NGFS2023REMIND_NDC,Global,Power,OilCap,price,$/MWh,58.82702092125009
2047,NGFS2023REMIND_FW,Global,Power,OilCap,price,$/MWh,58.82702092125009
2047,NGFS2023REMIND_CP,Global,Power,OilCap,price,$/MWh,58.82702092125009
2047,NGFS2023MESSAGE_NDC,Global,Power,OilCap,price,$/MWh,58.82702092125009
2047,NGFS2023MESSAGE_FW,Global,Power,OilCap,price,$/MWh,58.82702092125009
2047,NGFS2023MESSAGE_CP,Global,Power,OilCap,price,$/MWh,58.82702092125009
2048,NGFS2023GCAM_NDC,Global,Power,OilCap,price,$/MWh,58.821127313063194
2048,NGFS2023GCAM_FW,Global,Power,OilCap,price,$/MWh,58.821127313063194
2048,NGFS2023GCAM_CP,Global,Power,OilCap,price,$/MWh,58.821127313063194
2048,NGFS2023REMIND_NDC,Global,Power,OilCap,price,$/MWh,58.821127313063194
2048,NGFS2023REMIND_FW,Global,Power,OilCap,price,$/MWh,58.821127313063194
2048,NGFS2023REMIND_CP,Global,Power,OilCap,price,$/MWh,58.821127313063194
2048,NGFS2023MESSAGE_NDC,Global,Power,OilCap,price,$/MWh,58.821127313063194
2048,NGFS2023MESSAGE_FW,Global,Power,OilCap,price,$/MWh,58.821127313063194
2048,NGFS2023MESSAGE_CP,Global,Power,OilCap,price,$/MWh,58.821127313063194
2049,NGFS2023GCAM_NDC,Global,Power,OilCap,price,$/MWh,58.8162534973956
2049,NGFS2023GCAM_FW,Global,Power,OilCap,price,$/MWh,58.8162534973956
2049,NGFS2023GCAM_CP,Global,Power,OilCap,price,$/MWh,58.8162534973956
2049,NGFS2023REMIND_NDC,Global,Power,OilCap,price,$/MWh,58.8162534973956
2049,NGFS2023REMIND_FW,Global,Power,OilCap,price,$/MWh,58.8162534973956
2049,NGFS2023REMIND_CP,Global,Power,OilCap,price,$/MWh,58.8162534973956
2049,NGFS2023MESSAGE_NDC,Global,Power,OilCap,price,$/MWh,58.8162534973956
2049,NGFS2023MESSAGE_FW,Global,Power,OilCap,price,$/MWh,58.8162534973956
2049,NGFS2023MESSAGE_CP,Global,Power,OilCap,price,$/MWh,58.8162534973956
2050,NGFS2023GCAM_NDC,Global,Power,OilCap,price,$/MWh,58.81222295973324
2050,NGFS2023GCAM_FW,Global,Power,OilCap,price,$/MWh,58.81222295973324
2050,NGFS2023GCAM_CP,Global,Power,OilCap,price,$/MWh,58.81222295973324
2050,NGFS2023REMIND_NDC,Global,Power,OilCap,price,$/MWh,58.81222295973324
2050,NGFS2023REMIND_FW,Global,Power,OilCap,price,$/MWh,58.81222295973324
2050,NGFS2023REMIND_CP,Global,Power,OilCap,price,$/MWh,58.81222295973324
2050,NGFS2023MESSAGE_NDC,Global,Power,OilCap,price,$/MWh,58.81222295973324
2050,NGFS2023MESSAGE_FW,Global,Power,OilCap,price,$/MWh,58.81222295973324
2050,NGFS2023MESSAGE_CP,Global,Power,OilCap,price,$/MWh,58.81222295973324
2051,NGFS2023GCAM_NDC,Global,Power,OilCap,price,$/MWh,58.80888973403883
2051,NGFS2023GCAM_FW,Global,Power,OilCap,price,$/MWh,58.80888973403883
2051,NGFS2023GCAM_CP,Global,Power,OilCap,price,$/MWh,58.80888973403883
2051,NGFS2023REMIND_NDC,Global,Power,OilCap,price,$/MWh,58.80888973403883
2051,NGFS2023REMIND_FW,Global,Power,OilCap,price,$/MWh,58.80888973403883
2051,NGFS2023REMIND_CP,Global,Power,OilCap,price,$/MWh,58.80888973403883
2051,NGFS2023MESSAGE_NDC,Global,Power,OilCap,price,$/MWh,58.80888973403883
2051,NGFS2023MESSAGE_FW,Global,Power,OilCap,price,$/MWh,58.80888973403883
2051,NGFS2023MESSAGE_CP,Global,Power,OilCap,price,$/MWh,58.80888973403883
2052,NGFS2023GCAM_NDC,Global,Power,OilCap,price,$/MWh,58.80613316006506
2052,NGFS2023GCAM_FW,Global,Power,OilCap,price,$/MWh,58.80613316006506
2052,NGFS2023GCAM_CP,Global,Power,OilCap,price,$/MWh,58.80613316006506
2052,NGFS2023REMIND_NDC,Global,Power,OilCap,price,$/MWh,58.80613316006506
2052,NGFS2023REMIND_FW,Global,Power,OilCap,price,$/MWh,58.80613316006506
2052,NGFS2023REMIND_CP,Global,Power,OilCap,price,$/MWh,58.80613316006506
2052,NGFS2023MESSAGE_NDC,Global,Power,OilCap,price,$/MWh,58.80613316006506
2052,NGFS2023MESSAGE_FW,Global,Power,OilCap,price,$/MWh,58.80613316006506
2052,NGFS2023MESSAGE_CP,Global,Power,OilCap,price,$/MWh,58.80613316006506
2053,NGFS2023GCAM_NDC,Global,Power,OilCap,price,$/MWh,58.80385346105189
2053,NGFS2023GCAM_FW,Global,Power,OilCap,price,$/MWh,58.80385346105189
2053,NGFS2023GCAM_CP,Global,Power,OilCap,price,$/MWh,58.80385346105189
2053,NGFS2023REMIND_NDC,Global,Power,OilCap,price,$/MWh,58.80385346105189
2053,NGFS2023REMIND_FW,Global,Power,OilCap,price,$/MWh,58.80385346105189
2053,NGFS2023REMIND_CP,Global,Power,OilCap,price,$/MWh,58.80385346105189
2053,NGFS2023MESSAGE_NDC,Global,Power,OilCap,price,$/MWh,58.80385346105189
2053,NGFS2023MESSAGE_FW,Global,Power,OilCap,price,$/MWh,58.80385346105189
2053,NGFS2023MESSAGE_CP,Global,Power,OilCap,price,$/MWh,58.80385346105189
2054,NGFS2023GCAM_NDC,Global,Power,OilCap,price,$/MWh,58.80196811593344
2054,NGFS2023GCAM_FW,Global,Power,OilCap,price,$/MWh,58.80196811593344
2054,NGFS2023GCAM_CP,Global,Power,OilCap,price,$/MWh,58.80196811593344
2054,NGFS2023REMIND_NDC,Global,Power,OilCap,price,$/MWh,58.80196811593344
2054,NGFS2023REMIND_FW,Global,Power,OilCap,price,$/MWh,58.80196811593344
2054,NGFS2023REMIND_CP,Global,Power,OilCap,price,$/MWh,58.80196811593344
2054,NGFS2023MESSAGE_NDC,Global,Power,OilCap,price,$/MWh,58.80196811593344
2054,NGFS2023MESSAGE_FW,Global,Power,OilCap,price,$/MWh,58.80196811593344
2054,NGFS2023MESSAGE_CP,Global,Power,OilCap,price,$/MWh,58.80196811593344
2055,NGFS2023GCAM_NDC,Global,Power,OilCap,price,$/MWh,58.80040890314694
2055,NGFS2023GCAM_FW,Global,Power,OilCap,price,$/MWh,58.80040890314694
2055,NGFS2023GCAM_CP,Global,Power,OilCap,price,$/MWh,58.80040890314694
2055,NGFS2023REMIND_NDC,Global,Power,OilCap,price,$/MWh,58.80040890314694
2055,NGFS2023REMIND_FW,Global,Power,OilCap,price,$/MWh,58.80040890314694
2055,NGFS2023REMIND_CP,Global,Power,OilCap,price,$/MWh,58.80040890314694
2055,NGFS2023MESSAGE_NDC,Global,Power,OilCap,price,$/MWh,58.80040890314694
2055,NGFS2023MESSAGE_FW,Global,Power,OilCap,price,$/MWh,58.80040890314694
2055,NGFS2023MESSAGE_CP,Global,Power,OilCap,price,$/MWh,58.80040890314694
2056,NGFS2023GCAM_NDC,Global,Power,OilCap,price,$/MWh,58.7991194054864
2056,NGFS2023GCAM_FW,Global,Power,OilCap,price,$/MWh,58.7991194054864
2056,NGFS2023GCAM_CP,Global,Power,OilCap,price,$/MWh,58.7991194054864
2056,NGFS2023REMIND_NDC,Global,Power,OilCap,price,$/MWh,58.7991194054864
2056,NGFS2023REMIND_FW,Global,Power,OilCap,price,$/MWh,58.7991194054864
2056,NGFS2023REMIND_CP,Global,Power,OilCap,price,$/MWh,58.7991194054864
2056,NGFS2023MESSAGE_NDC,Global,Power,OilCap,price,$/MWh,58.7991194054864
2056,NGFS2023MESSAGE_FW,Global,Power,OilCap,price,$/MWh,58.7991194054864
2056,NGFS2023MESSAGE_CP,Global,Power,OilCap,price,$/MWh,58.7991194054864
2057,NGFS2023GCAM_NDC,Global,Power,OilCap,price,$/MWh,58.79805295427432
2057,NGFS2023GCAM_FW,Global,Power,OilCap,price,$/MWh,58.79805295427432
2057,NGFS2023GCAM_CP,Global,Power,OilCap,price,$/MWh,58.79805295427432
2057,NGFS2023REMIND_NDC,Global,Power,OilCap,price,$/MWh,58.79805295427432
2057,NGFS2023REMIND_FW,Global,Power,OilCap,price,$/MWh,58.79805295427432
2057,NGFS2023REMIND_CP,Global,Power,OilCap,price,$/MWh,58.79805295427432
2057,NGFS2023MESSAGE_NDC,Global,Power,OilCap,price,$/MWh,58.79805295427432
2057,NGFS2023MESSAGE_FW,Global,Power,OilCap,price,$/MWh,58.79805295427432
2057,NGFS2023MESSAGE_CP,Global,Power,OilCap,price,$/MWh,58.79805295427432
2058,NGFS2023GCAM_NDC,Global,Power,OilCap,price,$/MWh,58.79717096205744
2058,NGFS2023GCAM_FW,Global,Power,OilCap,price,$/MWh,58.79717096205744
2058,NGFS2023GCAM_CP,Global,Power,OilCap,price,$/MWh,58.79717096205744
2058,NGFS2023REMIND_NDC,Global,Power,OilCap,price,$/MWh,58.79717096205744
2058,NGFS2023REMIND_FW,Global,Power,OilCap,price,$/MWh,58.79717096205744
2058,NGFS2023REMIND_CP,Global,Power,OilCap,price,$/MWh,58.79717096205744
2058,NGFS2023MESSAGE_NDC,Global,Power,OilCap,price,$/MWh,58.79717096205744
2058,NGFS2023MESSAGE_FW,Global,Power,OilCap,price,$/MWh,58.79717096205744
2058,NGFS2023MESSAGE_CP,Global,Power,OilCap,price,$/MWh,58.79717096205744
2059,NGFS2023GCAM_NDC,Global,Power,OilCap,price,$/MWh,58.79644153413186
2059,NGFS2023GCAM_FW,Global,Power,OilCap,price,$/MWh,58.79644153413186
2059,NGFS2023GCAM_CP,Global,Power,OilCap,price,$/MWh,58.79644153413186
2059,NGFS2023REMIND_NDC,Global,Power,OilCap,price,$/MWh,58.79644153413186
2059,NGFS2023REMIND_FW,Global,Power,OilCap,price,$/MWh,58.79644153413186
2059,NGFS2023REMIND_CP,Global,Power,OilCap,price,$/MWh,58.79644153413186
2059,NGFS2023MESSAGE_NDC,Global,Power,OilCap,price,$/MWh,58.79644153413186
2059,NGFS2023MESSAGE_FW,Global,Power,OilCap,price,$/MWh,58.79644153413186
2059,NGFS2023MESSAGE_CP,Global,Power,OilCap,price,$/MWh,58.79644153413186
2060,NGFS2023GCAM_NDC,Global,Power,OilCap,price,$/MWh,58.79583827917091
2060,NGFS2023GCAM_FW,Global,Power,OilCap,price,$/MWh,58.79583827917091
2060,NGFS2023GCAM_CP,Global,Power,OilCap,price,$/MWh,58.79583827917091
2060,NGFS2023REMIND_NDC,Global,Power,OilCap,price,$/MWh,58.79583827917091
2060,NGFS2023REMIND_FW,Global,Power,OilCap,price,$/MWh,58.79583827917091
2060,NGFS2023REMIND_CP,Global,Power,OilCap,price,$/MWh,58.79583827917091
2060,NGFS2023MESSAGE_NDC,Global,Power,OilCap,price,$/MWh,58.79583827917091
2060,NGFS2023MESSAGE_FW,Global,Power,OilCap,price,$/MWh,58.79583827917091
2060,NGFS2023MESSAGE_CP,Global,Power,OilCap,price,$/MWh,58.79583827917091
2061,NGFS2023GCAM_NDC,Global,Power,OilCap,price,$/MWh,58.79533935807949
2061,NGFS2023GCAM_FW,Global,Power,OilCap,price,$/MWh,58.79533935807949
2061,NGFS2023GCAM_CP,Global,Power,OilCap,price,$/MWh,58.79533935807949
2061,NGFS2023REMIND_NDC,Global,Power,OilCap,price,$/MWh,58.79533935807949
2061,NGFS2023REMIND_FW,Global,Power,OilCap,price,$/MWh,58.79533935807949
2061,NGFS2023REMIND_CP,Global,Power,OilCap,price,$/MWh,58.79533935807949
2061,NGFS2023MESSAGE_NDC,Global,Power,OilCap,price,$/MWh,58.79533935807949
2061,NGFS2023MESSAGE_FW,Global,Power,OilCap,price,$/MWh,58.79533935807949
2061,NGFS2023MESSAGE_CP,Global,Power,OilCap,price,$/MWh,58.79533935807949
2062,NGFS2023GCAM_NDC,Global,Power,OilCap,price,$/MWh,58.79492673122455
2062,NGFS2023GCAM_FW,Global,Power,OilCap,price,$/MWh,58.79492673122455
2062,NGFS2023GCAM_CP,Global,Power,OilCap,price,$/MWh,58.79492673122455
2062,NGFS2023REMIND_NDC,Global,Power,OilCap,price,$/MWh,58.79492673122455
2062,NGFS2023REMIND_FW,Global,Power,OilCap,price,$/MWh,58.79492673122455
2062,NGFS2023REMIND_CP,Global,Power,OilCap,price,$/MWh,58.79492673122455
2062,NGFS2023MESSAGE_NDC,Global,Power,OilCap,price,$/MWh,58.79492673122455
2062,NGFS2023MESSAGE_FW,Global,Power,OilCap,price,$/MWh,58.79492673122455
2062,NGFS2023MESSAGE_CP,Global,Power,OilCap,price,$/MWh,58.79492673122455
2063,NGFS2023GCAM_NDC,Global,Power,OilCap,price,$/MWh,58.79458547530508
2063,NGFS2023GCAM_FW,Global,Power,OilCap,price,$/MWh,58.79458547530508
2063,NGFS2023GCAM_CP,Global,Power,OilCap,price,$/MWh,58.79458547530508
2063,NGFS2023REMIND_NDC,Global,Power,OilCap,price,$/MWh,58.79458547530508
2063,NGFS2023REMIND_FW,Global,Power,OilCap,price,$/MWh,58.79458547530508
2063,NGFS2023REMIND_CP,Global,Power,OilCap,price,$/MWh,58.79458547530508
2063,NGFS2023MESSAGE_NDC,Global,Power,OilCap,price,$/MWh,58.79458547530508
2063,NGFS2023MESSAGE_FW,Global,Power,OilCap,price,$/MWh,58.79458547530508
2063,NGFS2023MESSAGE_CP,Global,Power,OilCap,price,$/MWh,58.79458547530508
2064,NGFS2023GCAM_NDC,Global,Power,OilCap,price,$/MWh,58.79430324882607
2064,NGFS2023GCAM_FW,Global,Power,OilCap,price,$/MWh,58.79430324882607
2064,NGFS2023GCAM_CP,Global,Power,OilCap,price,$/MWh,58.79430324882607
2064,NGFS2023REMIND_NDC,Global,Power,OilCap,price,$/MWh,58.79430324882607
2064,NGFS2023REMIND_FW,Global,Power,OilCap,price,$/MWh,58.79430324882607
2064,NGFS2023REMIND_CP,Global,Power,OilCap,price,$/MWh,58.79430324882607
2064,NGFS2023MESSAGE_NDC,Global,Power,OilCap,price,$/MWh,58.79430324882607
2064,NGFS2023MESSAGE_FW,Global,Power,OilCap,price,$/MWh,58.79430324882607
2064,NGFS2023MESSAGE_CP,Global,Power,OilCap,price,$/MWh,58.79430324882607
2065,NGFS2023GCAM_NDC,Global,Power,OilCap,price,$/MWh,58.79406983687013
2065,NGFS2023GCAM_FW,Global,Power,OilCap,price,$/MWh,58.79406983687013
2065,NGFS2023GCAM_CP,Global,Power,OilCap,price,$/MWh,58.79406983687013
2065,NGFS2023REMIND_NDC,Global,Power,OilCap,price,$/MWh,58.79406983687013
2065,NGFS2023REMIND_FW,Global,Power,OilCap,price,$/MWh,58.79406983687013
2065,NGFS2023REMIND_CP,Global,Power,OilCap,price,$/MWh,58.79406983687013
2065,NGFS2023MESSAGE_NDC,Global,Power,OilCap,price,$/MWh,58.79406983687013
2065,NGFS2023MESSAGE_FW,Global,Power,OilCap,price,$/MWh,58.79406983687013
2065,NGFS2023MESSAGE_CP,Global,Power,OilCap,price,$/MWh,58.79406983687013
2066,NGFS2023GCAM_NDC,Global,Power,OilCap,price,$/MWh,58.793876794876574
2066,NGFS2023GCAM_FW,Global,Power,OilCap,price,$/MWh,58.793876794876574
2066,NGFS2023GCAM_CP,Global,Power,OilCap,price,$/MWh,58.793876794876574
2066,NGFS2023REMIND_NDC,Global,Power,OilCap,price,$/MWh,58.793876794876574
2066,NGFS2023REMIND_FW,Global,Power,OilCap,price,$/MWh,58.793876794876574
2066,NGFS2023REMIND_CP,Global,Power,OilCap,price,$/MWh,58.793876794876574
2066,NGFS2023MESSAGE_NDC,Global,Power,OilCap,price,$/MWh,58.793876794876574
2066,NGFS2023MESSAGE_FW,Global,Power,OilCap,price,$/MWh,58.793876794876574
2066,NGFS2023MESSAGE_CP,Global,Power,OilCap,price,$/MWh,58.793876794876574
2067,NGFS2023GCAM_NDC,Global,Power,OilCap,price,$/MWh,58.79371713206211
2067,NGFS2023GCAM_FW,Global,Power,OilCap,price,$/MWh,58.79371713206211
2067,NGFS2023GCAM_CP,Global,Power,OilCap,price,$/MWh,58.79371713206211
2067,NGFS2023REMIND_NDC,Global,Power,OilCap,price,$/MWh,58.79371713206211
2067,NGFS2023REMIND_FW,Global,Power,OilCap,price,$/MWh,58.79371713206211
2067,NGFS2023REMIND_CP,Global,Power,OilCap,price,$/MWh,58.79371713206211
2067,NGFS2023MESSAGE_NDC,Global,Power,OilCap,price,$/MWh,58.79371713206211
2067,NGFS2023MESSAGE_FW,Global,Power,OilCap,price,$/MWh,58.79371713206211
2067,NGFS2023MESSAGE_CP,Global,Power,OilCap,price,$/MWh,58.79371713206211
2068,NGFS2023GCAM_NDC,Global,Power,OilCap,price,$/MWh,58.79358509377442
2068,NGFS2023GCAM_FW,Global,Power,OilCap,price,$/MWh,58.79358509377442
2068,NGFS2023GCAM_CP,Global,Power,OilCap,price,$/MWh,58.79358509377442
2068,NGFS2023REMIND_NDC,Global,Power,OilCap,price,$/MWh,58.79358509377442
2068,NGFS2023REMIND_FW,Global,Power,OilCap,price,$/MWh,58.79358509377442
2068,NGFS2023REMIND_CP,Global,Power,OilCap,price,$/MWh,58.79358509377442
2068,NGFS2023MESSAGE_NDC,Global,Power,OilCap,price,$/MWh,58.79358509377442
2068,NGFS2023MESSAGE_FW,Global,Power,OilCap,price,$/MWh,58.79358509377442
2068,NGFS2023MESSAGE_CP,Global,Power,OilCap,price,$/MWh,58.79358509377442
2069,NGFS2023GCAM_NDC,Global,Power,OilCap,price,$/MWh,58.79347589445553
2069,NGFS2023GCAM_FW,Global,Power,OilCap,price,$/MWh,58.79347589445553
2069,NGFS2023GCAM_CP,Global,Power,OilCap,price,$/MWh,58.79347589445553
2069,NGFS2023REMIND_NDC,Global,Power,OilCap,price,$/MWh,58.79347589445553
2069,NGFS2023REMIND_FW,Global,Power,OilCap,price,$/MWh,58.79347589445553
2069,NGFS2023REMIND_CP,Global,Power,OilCap,price,$/MWh,58.79347589445553
2069,NGFS2023MESSAGE_NDC,Global,Power,OilCap,price,$/MWh,58.79347589445553
2069,NGFS2023MESSAGE_FW,Global,Power,OilCap,price,$/MWh,58.79347589445553
2069,NGFS2023MESSAGE_CP,Global,Power,OilCap,price,$/MWh,58.79347589445553
2022,NGFS2023GCAM_NDC,Global,Power,RenewablesCap,price,$/MWh,65.01407005649718
2022,NGFS2023GCAM_FW,Global,Power,RenewablesCap,price,$/MWh,65.01407005649718
2022,NGFS2023GCAM_CP,Global,Power,RenewablesCap,price,$/MWh,65.01407005649718
2022,NGFS2023REMIND_NDC,Global,Power,RenewablesCap,price,$/MWh,65.01407005649718
2022,NGFS2023REMIND_FW,Global,Power,RenewablesCap,price,$/MWh,65.01407005649718
2022,NGFS2023REMIND_CP,Global,Power,RenewablesCap,price,$/MWh,65.01407005649718
2022,NGFS2023MESSAGE_NDC,Global,Power,RenewablesCap,price,$/MWh,65.01407005649718
2022,NGFS2023MESSAGE_FW,Global,Power,RenewablesCap,price,$/MWh,65.01407005649718
2022,NGFS2023MESSAGE_CP,Global,Power,RenewablesCap,price,$/MWh,65.01407005649718
2023,NGFS2023GCAM_NDC,Global,Power,RenewablesCap,price,$/MWh,66.25224498227185
2023,NGFS2023GCAM_FW,Global,Power,RenewablesCap,price,$/MWh,66.25224498227185
2023,NGFS2023GCAM_CP,Global,Power,RenewablesCap,price,$/MWh,66.25224498227185
2023,NGFS2023REMIND_NDC,Global,Power,RenewablesCap,price,$/MWh,66.25224498227185
2023,NGFS2023REMIND_FW,Global,Power,RenewablesCap,price,$/MWh,66.25224498227185
2023,NGFS2023REMIND_CP,Global,Power,RenewablesCap,price,$/MWh,66.25224498227185
2023,NGFS2023MESSAGE_NDC,Global,Power,RenewablesCap,price,$/MWh,66.25224498227185
2023,NGFS2023MESSAGE_FW,Global,Power,RenewablesCap,price,$/MWh,66.25224498227185
2023,NGFS2023MESSAGE_CP,Global,Power,RenewablesCap,price,$/MWh,66.25224498227185
2024,NGFS2023GCAM_NDC,Global,Power,RenewablesCap,price,$/MWh,67.41960437138908
2024,NGFS2023GCAM_FW,Global,Power,RenewablesCap,price,$/MWh,67.41960437138908
2024,NGFS2023GCAM_CP,Global,Power,RenewablesCap,price,$/MWh,67.41960437138908
2024,NGFS2023REMIND_NDC,Global,Power,RenewablesCap,price,$/MWh,67.41960437138908
2024,NGFS2023REMIND_FW,Global,Power,RenewablesCap,price,$/MWh,67.41960437138908
2024,NGFS2023REMIND_CP,Global,Power,RenewablesCap,price,$/MWh,67.41960437138908
2024,NGFS2023MESSAGE_NDC,Global,Power,RenewablesCap,price,$/MWh,67.41960437138908
2024,NGFS2023MESSAGE_FW,Global,Power,RenewablesCap,price,$/MWh,67.41960437138908
2024,NGFS2023MESSAGE_CP,Global,Power,RenewablesCap,price,$/MWh,67.41960437138908
2025,NGFS2023GCAM_NDC,Global,Power,RenewablesCap,price,$/MWh,68.52772261942114
2025,NGFS2023GCAM_FW,Global,Power,RenewablesCap,price,$/MWh,68.52772261942114
2025,NGFS2023GCAM_CP,Global,Power,RenewablesCap,price,$/MWh,68.52772261942114
2025,NGFS2023REMIND_NDC,Global,Power,RenewablesCap,price,$/MWh,68.52772261942114
2025,NGFS2023REMIND_FW,Global,Power,RenewablesCap,price,$/MWh,68.52772261942114
2025,NGFS2023REMIND_CP,Global,Power,RenewablesCap,price,$/MWh,68.52772261942114
2025,NGFS2023MESSAGE_NDC,Global,Power,RenewablesCap,price,$/MWh,68.52772261942114
2025,NGFS2023MESSAGE_FW,Global,Power,RenewablesCap,price,$/MWh,68.52772261942114
2025,NGFS2023MESSAGE_CP,Global,Power,RenewablesCap,price,$/MWh,68.52772261942114
2026,NGFS2023GCAM_NDC,Global,Power,RenewablesCap,price,$/MWh,69.58567805159065
2026,NGFS2023GCAM_FW,Global,Power,RenewablesCap,price,$/MWh,69.58567805159065
2026,NGFS2023GCAM_CP,Global,Power,RenewablesCap,price,$/MWh,69.58567805159065
2026,NGFS2023REMIND_NDC,Global,Power,RenewablesCap,price,$/MWh,69.58567805159065
2026,NGFS2023REMIND_FW,Global,Power,RenewablesCap,price,$/MWh,69.58567805159065
2026,NGFS2023REMIND_CP,Global,Power,RenewablesCap,price,$/MWh,69.58567805159065
2026,NGFS2023MESSAGE_NDC,Global,Power,RenewablesCap,price,$/MWh,69.58567805159065
2026,NGFS2023MESSAGE_FW,Global,Power,RenewablesCap,price,$/MWh,69.58567805159065
2026,NGFS2023MESSAGE_CP,Global,Power,RenewablesCap,price,$/MWh,69.58567805159065
2027,NGFS2023GCAM_NDC,Global,Power,RenewablesCap,price,$/MWh,70.60070810081855
2027,NGFS2023GCAM_FW,Global,Power,RenewablesCap,price,$/MWh,70.60070810081855
2027,NGFS2023GCAM_CP,Global,Power,RenewablesCap,price,$/MWh,70.60070810081855
2027,NGFS2023REMIND_NDC,Global,Power,RenewablesCap,price,$/MWh,70.60070810081855
2027,NGFS2023REMIND_FW,Global,Power,RenewablesCap,price,$/MWh,70.60070810081855
2027,NGFS2023REMIND_CP,Global,Power,RenewablesCap,price,$/MWh,70.60070810081855
2027,NGFS2023MESSAGE_NDC,Global,Power,RenewablesCap,price,$/MWh,70.60070810081855
2027,NGFS2023MESSAGE_FW,Global,Power,RenewablesCap,price,$/MWh,70.60070810081855
2027,NGFS2023MESSAGE_CP,Global,Power,RenewablesCap,price,$/MWh,70.60070810081855
2028,NGFS2023GCAM_NDC,Global,Power,RenewablesCap,price,$/MWh,71.5785938596973
2028,NGFS2023GCAM_FW,Global,Power,RenewablesCap,price,$/MWh,71.5785938596973
2028,NGFS2023GCAM_CP,Global,Power,RenewablesCap,price,$/MWh,71.5785938596973
2028,NGFS2023REMIND_NDC,Global,Power,RenewablesCap,price,$/MWh,71.5785938596973
2028,NGFS2023REMIND_FW,Global,Power,RenewablesCap,price,$/MWh,71.5785938596973
2028,NGFS2023REMIND_CP,Global,Power,RenewablesCap,price,$/MWh,71.5785938596973
2028,NGFS2023MESSAGE_NDC,Global,Power,RenewablesCap,price,$/MWh,71.5785938596973
2028,NGFS2023MESSAGE_FW,Global,Power,RenewablesCap,price,$/MWh,71.5785938596973
2028,NGFS2023MESSAGE_CP,Global,Power,RenewablesCap,price,$/MWh,71.5785938596973
2029,NGFS2023GCAM_NDC,Global,Power,RenewablesCap,price,$/MWh,72.51984040895637
2029,NGFS2023GCAM_FW,Global,Power,RenewablesCap,price,$/MWh,72.51984040895637
2029,NGFS2023GCAM_CP,Global,Power,RenewablesCap,price,$/MWh,72.51984040895637
2029,NGFS2023REMIND_NDC,Global,Power,RenewablesCap,price,$/MWh,72.51984040895637
2029,NGFS2023REMIND_FW,Global,Power,RenewablesCap,price,$/MWh,72.51984040895637
2029,NGFS2023REMIND_CP,Global,Power,RenewablesCap,price,$/MWh,72.51984040895637
2029,NGFS2023MESSAGE_NDC,Global,Power,RenewablesCap,price,$/MWh,72.51984040895637
2029,NGFS2023MESSAGE_FW,Global,Power,RenewablesCap,price,$/MWh,72.51984040895637
2029,NGFS2023MESSAGE_CP,Global,Power,RenewablesCap,price,$/MWh,72.51984040895637
2030,NGFS2023GCAM_NDC,Global,Power,RenewablesCap,price,$/MWh,73.42373758228831
2030,NGFS2023GCAM_FW,Global,Power,RenewablesCap,price,$/MWh,73.42373758228831
2030,NGFS2023GCAM_CP,Global,Power,RenewablesCap,price,$/MWh,73.42373758228831
2030,NGFS2023REMIND_NDC,Global,Power,RenewablesCap,price,$/MWh,73.42373758228831
2030,NGFS2023REMIND_FW,Global,Power,RenewablesCap,price,$/MWh,73.42373758228831
2030,NGFS2023REMIND_CP,Global,Power,RenewablesCap,price,$/MWh,73.42373758228831
2030,NGFS2023MESSAGE_NDC,Global,Power,RenewablesCap,price,$/MWh,73.42373758228831
2030,NGFS2023MESSAGE_FW,Global,Power,RenewablesCap,price,$/MWh,73.42373758228831
2030,NGFS2023MESSAGE_CP,Global,Power,RenewablesCap,price,$/MWh,73.42373758228831
2031,NGFS2023GCAM_NDC,Global,Power,RenewablesCap,price,$/MWh,74.29222596043412
2031,NGFS2023GCAM_FW,Global,Power,RenewablesCap,price,$/MWh,74.29222596043412
2031,NGFS2023GCAM_CP,Global,Power,RenewablesCap,price,$/MWh,74.29222596043412
2031,NGFS2023REMIND_NDC,Global,Power,RenewablesCap,price,$/MWh,74.29222596043412
2031,NGFS2023REMIND_FW,Global,Power,RenewablesCap,price,$/MWh,74.29222596043412
2031,NGFS2023REMIND_CP,Global,Power,RenewablesCap,price,$/MWh,74.29222596043412
2031,NGFS2023MESSAGE_NDC,Global,Power,RenewablesCap,price,$/MWh,74.29222596043412
2031,NGFS2023MESSAGE_FW,Global,Power,RenewablesCap,price,$/MWh,74.29222596043412
2031,NGFS2023MESSAGE_CP,Global,Power,RenewablesCap,price,$/MWh,74.29222596043412
2032,NGFS2023GCAM_NDC,Global,Power,RenewablesCap,price,$/MWh,75.12552632633295
2032,NGFS2023GCAM_FW,Global,Power,RenewablesCap,price,$/MWh,75.12552632633295
2032,NGFS2023GCAM_CP,Global,Power,RenewablesCap,price,$/MWh,75.12552632633295
2032,NGFS2023REMIND_NDC,Global,Power,RenewablesCap,price,$/MWh,75.12552632633295
2032,NGFS2023REMIND_FW,Global,Power,RenewablesCap,price,$/MWh,75.12552632633295
2032,NGFS2023REMIND_CP,Global,Power,RenewablesCap,price,$/MWh,75.12552632633295
2032,NGFS2023MESSAGE_NDC,Global,Power,RenewablesCap,price,$/MWh,75.12552632633295
2032,NGFS2023MESSAGE_FW,Global,Power,RenewablesCap,price,$/MWh,75.12552632633295
2032,NGFS2023MESSAGE_CP,Global,Power,RenewablesCap,price,$/MWh,75.12552632633295
2033,NGFS2023GCAM_NDC,Global,Power,RenewablesCap,price,$/MWh,75.92261795841861
2033,NGFS2023GCAM_FW,Global,Power,RenewablesCap,price,$/MWh,75.92261795841861
2033,NGFS2023GCAM_CP,Global,Power,RenewablesCap,price,$/MWh,75.92261795841861
2033,NGFS2023REMIND_NDC,Global,Power,RenewablesCap,price,$/MWh,75.92261795841861
2033,NGFS2023REMIND_FW,Global,Power,RenewablesCap,price,$/MWh,75.92261795841861
2033,NGFS2023REMIND_CP,Global,Power,RenewablesCap,price,$/MWh,75.92261795841861
2033,NGFS2023MESSAGE_NDC,Global,Power,RenewablesCap,price,$/MWh,75.92261795841861
2033,NGFS2023MESSAGE_FW,Global,Power,RenewablesCap,price,$/MWh,75.92261795841861
2033,NGFS2023MESSAGE_CP,Global,Power,RenewablesCap,price,$/MWh,75.92261795841861
2034,NGFS2023GCAM_NDC,Global,Power,RenewablesCap,price,$/MWh,76.68349776570432
2034,NGFS2023GCAM_FW,Global,Power,RenewablesCap,price,$/MWh,76.68349776570432
2034,NGFS2023GCAM_CP,Global,Power,RenewablesCap,price,$/MWh,76.68349776570432
2034,NGFS2023REMIND_NDC,Global,Power,RenewablesCap,price,$/MWh,76.68349776570432
2034,NGFS2023REMIND_FW,Global,Power,RenewablesCap,price,$/MWh,76.68349776570432
2034,NGFS2023REMIND_CP,Global,Power,RenewablesCap,price,$/MWh,76.68349776570432
2034,NGFS2023MESSAGE_NDC,Global,Power,RenewablesCap,price,$/MWh,76.68349776570432
2034,NGFS2023MESSAGE_FW,Global,Power,RenewablesCap,price,$/MWh,76.68349776570432
2034,NGFS2023MESSAGE_CP,Global,Power,RenewablesCap,price,$/MWh,76.68349776570432
2035,NGFS2023GCAM_NDC,Global,Power,RenewablesCap,price,$/MWh,77.4104567264555
2035,NGFS2023GCAM_FW,Global,Power,RenewablesCap,price,$/MWh,77.4104567264555
2035,NGFS2023GCAM_CP,Global,Power,RenewablesCap,price,$/MWh,77.4104567264555
2035,NGFS2023REMIND_NDC,Global,Power,RenewablesCap,price,$/MWh,77.4104567264555
2035,NGFS2023REMIND_FW,Global,Power,RenewablesCap,price,$/MWh,77.4104567264555
2035,NGFS2023REMIND_CP,Global,Power,RenewablesCap,price,$/MWh,77.4104567264555
2035,NGFS2023MESSAGE_NDC,Global,Power,RenewablesCap,price,$/MWh,77.4104567264555
2035,NGFS2023MESSAGE_FW,Global,Power,RenewablesCap,price,$/MWh,77.4104567264555
2035,NGFS2023MESSAGE_CP,Global,Power,RenewablesCap,price,$/MWh,77.4104567264555
2036,NGFS2023GCAM_NDC,Global,Power,RenewablesCap,price,$/MWh,78.10707619312483
2036,NGFS2023GCAM_FW,Global,Power,RenewablesCap,price,$/MWh,78.10707619312483
2036,NGFS2023GCAM_CP,Global,Power,RenewablesCap,price,$/MWh,78.10707619312483
2036,NGFS2023REMIND_NDC,Global,Power,RenewablesCap,price,$/MWh,78.10707619312483
2036,NGFS2023REMIND_FW,Global,Power,RenewablesCap,price,$/MWh,78.10707619312483
2036,NGFS2023REMIND_CP,Global,Power,RenewablesCap,price,$/MWh,78.10707619312483
2036,NGFS2023MESSAGE_NDC,Global,Power,RenewablesCap,price,$/MWh,78.10707619312483
2036,NGFS2023MESSAGE_FW,Global,Power,RenewablesCap,price,$/MWh,78.10707619312483
2036,NGFS2023MESSAGE_CP,Global,Power,RenewablesCap,price,$/MWh,78.10707619312483
2037,NGFS2023GCAM_NDC,Global,Power,RenewablesCap,price,$/MWh,78.77714718726655
2037,NGFS2023GCAM_FW,Global,Power,RenewablesCap,price,$/MWh,78.77714718726655
2037,NGFS2023GCAM_CP,Global,Power,RenewablesCap,price,$/MWh,78.77714718726655
2037,NGFS2023REMIND_NDC,Global,Power,RenewablesCap,price,$/MWh,78.77714718726655
2037,NGFS2023REMIND_FW,Global,Power,RenewablesCap,price,$/MWh,78.77714718726655
2037,NGFS2023REMIND_CP,Global,Power,RenewablesCap,price,$/MWh,78.77714718726655
2037,NGFS2023MESSAGE_NDC,Global,Power,RenewablesCap,price,$/MWh,78.77714718726655
2037,NGFS2023MESSAGE_FW,Global,Power,RenewablesCap,price,$/MWh,78.77714718726655
2037,NGFS2023MESSAGE_CP,Global,Power,RenewablesCap,price,$/MWh,78.77714718726655
2038,NGFS2023GCAM_NDC,Global,Power,RenewablesCap,price,$/MWh,79.42416662038285
2038,NGFS2023GCAM_FW,Global,Power,RenewablesCap,price,$/MWh,79.42416662038285
2038,NGFS2023GCAM_CP,Global,Power,RenewablesCap,price,$/MWh,79.42416662038285
2038,NGFS2023REMIND_NDC,Global,Power,RenewablesCap,price,$/MWh,79.42416662038285
2038,NGFS2023REMIND_FW,Global,Power,RenewablesCap,price,$/MWh,79.42416662038285
2038,NGFS2023REMIND_CP,Global,Power,RenewablesCap,price,$/MWh,79.42416662038285
2038,NGFS2023MESSAGE_NDC,Global,Power,RenewablesCap,price,$/MWh,79.42416662038285
2038,NGFS2023MESSAGE_FW,Global,Power,RenewablesCap,price,$/MWh,79.42416662038285
2038,NGFS2023MESSAGE_CP,Global,Power,RenewablesCap,price,$/MWh,79.42416662038285
2039,NGFS2023GCAM_NDC,Global,Power,RenewablesCap,price,$/MWh,80.0512960506103
2039,NGFS2023GCAM_FW,Global,Power,RenewablesCap,price,$/MWh,80.0512960506103
2039,NGFS2023GCAM_CP,Global,Power,RenewablesCap,price,$/MWh,80.0512960506103
2039,NGFS2023REMIND_NDC,Global,Power,RenewablesCap,price,$/MWh,80.0512960506103
2039,NGFS2023REMIND_FW,Global,Power,RenewablesCap,price,$/MWh,80.0512960506103
2039,NGFS2023REMIND_CP,Global,Power,RenewablesCap,price,$/MWh,80.0512960506103
2039,NGFS2023MESSAGE_NDC,Global,Power,RenewablesCap,price,$/MWh,80.0512960506103
2039,NGFS2023MESSAGE_FW,Global,Power,RenewablesCap,price,$/MWh,80.0512960506103
2039,NGFS2023MESSAGE_CP,Global,Power,RenewablesCap,price,$/MWh,80.0512960506103
2040,NGFS2023GCAM_NDC,Global,Power,RenewablesCap,price,$/MWh,80.66120165342215
2040,NGFS2023GCAM_FW,Global,Power,RenewablesCap,price,$/MWh,80.66120165342215
2040,NGFS2023GCAM_CP,Global,Power,RenewablesCap,price,$/MWh,80.66120165342215
2040,NGFS2023REMIND_NDC,Global,Power,RenewablesCap,price,$/MWh,80.66120165342215
2040,NGFS2023REMIND_FW,Global,Power,RenewablesCap,price,$/MWh,80.66120165342215
2040,NGFS2023REMIND_CP,Global,Power,RenewablesCap,price,$/MWh,80.66120165342215
2040,NGFS2023MESSAGE_NDC,Global,Power,RenewablesCap,price,$/MWh,80.66120165342215
2040,NGFS2023MESSAGE_FW,Global,Power,RenewablesCap,price,$/MWh,80.66120165342215
2040,NGFS2023MESSAGE_CP,Global,Power,RenewablesCap,price,$/MWh,80.66120165342215
2041,NGFS2023GCAM_NDC,Global,Power,RenewablesCap,price,$/MWh,81.25608254942522
2041,NGFS2023GCAM_FW,Global,Power,RenewablesCap,price,$/MWh,81.25608254942522
2041,NGFS2023GCAM_CP,Global,Power,RenewablesCap,price,$/MWh,81.25608254942522
2041,NGFS2023REMIND_NDC,Global,Power,RenewablesCap,price,$/MWh,81.25608254942522
2041,NGFS2023REMIND_FW,Global,Power,RenewablesCap,price,$/MWh,81.25608254942522
2041,NGFS2023REMIND_CP,Global,Power,RenewablesCap,price,$/MWh,81.25608254942522
2041,NGFS2023MESSAGE_NDC,Global,Power,RenewablesCap,price,$/MWh,81.25608254942522
2041,NGFS2023MESSAGE_FW,Global,Power,RenewablesCap,price,$/MWh,81.25608254942522
2041,NGFS2023MESSAGE_CP,Global,Power,RenewablesCap,price,$/MWh,81.25608254942522
2042,NGFS2023GCAM_NDC,Global,Power,RenewablesCap,price,$/MWh,81.83773083978967
2042,NGFS2023GCAM_FW,Global,Power,RenewablesCap,price,$/MWh,81.83773083978967
2042,NGFS2023GCAM_CP,Global,Power,RenewablesCap,price,$/MWh,81.83773083978967
2042,NGFS2023REMIND_NDC,Global,Power,RenewablesCap,price,$/MWh,81.83773083978967
2042,NGFS2023REMIND_FW,Global,Power,RenewablesCap,price,$/MWh,81.83773083978967
2042,NGFS2023REMIND_CP,Global,Power,RenewablesCap,price,$/MWh,81.83773083978967
2042,NGFS2023MESSAGE_NDC,Global,Power,RenewablesCap,price,$/MWh,81.83773083978967
2042,NGFS2023MESSAGE_FW,Global,Power,RenewablesCap,price,$/MWh,81.83773083978967
2042,NGFS2023MESSAGE_CP,Global,Power,RenewablesCap,price,$/MWh,81.83773083978967
2043,NGFS2023GCAM_NDC,Global,Power,RenewablesCap,price,$/MWh,82.40760659675136
2043,NGFS2023GCAM_FW,Global,Power,RenewablesCap,price,$/MWh,82.40760659675136
2043,NGFS2023GCAM_CP,Global,Power,RenewablesCap,price,$/MWh,82.40760659675136
2043,NGFS2023REMIND_NDC,Global,Power,RenewablesCap,price,$/MWh,82.40760659675136
2043,NGFS2023REMIND_FW,Global,Power,RenewablesCap,price,$/MWh,82.40760659675136
2043,NGFS2023REMIND_CP,Global,Power,RenewablesCap,price,$/MWh,82.40760659675136
2043,NGFS2023MESSAGE_NDC,Global,Power,RenewablesCap,price,$/MWh,82.40760659675136
2043,NGFS2023MESSAGE_FW,Global,Power,RenewablesCap,price,$/MWh,82.40760659675136
2043,NGFS2023MESSAGE_CP,Global,Power,RenewablesCap,price,$/MWh,82.40760659675136
2044,NGFS2023GCAM_NDC,Global,Power,RenewablesCap,price,$/MWh,82.96690879678117
2044,NGFS2023GCAM_FW,Global,Power,RenewablesCap,price,$/MWh,82.96690879678117
2044,NGFS2023GCAM_CP,Global,Power,RenewablesCap,price,$/MWh,82.96690879678117
2044,NGFS2023REMIND_NDC,Global,Power,RenewablesCap,price,$/MWh,82.96690879678117
2044,NGFS2023REMIND_FW,Global,Power,RenewablesCap,price,$/MWh,82.96690879678117
2044,NGFS2023REMIND_CP,Global,Power,RenewablesCap,price,$/MWh,82.96690879678117
2044,NGFS2023MESSAGE_NDC,Global,Power,RenewablesCap,price,$/MWh,82.96690879678117
2044,NGFS2023MESSAGE_FW,Global,Power,RenewablesCap,price,$/MWh,82.96690879678117
2044,NGFS2023MESSAGE_CP,Global,Power,RenewablesCap,price,$/MWh,82.96690879678117
2045,NGFS2023GCAM_NDC,Global,Power,RenewablesCap,price,$/MWh,83.51663331125883
2045,NGFS2023GCAM_FW,Global,Power,RenewablesCap,price,$/MWh,83.51663331125883
2045,NGFS2023GCAM_CP,Global,Power,RenewablesCap,price,$/MWh,83.51663331125883
2045,NGFS2023REMIND_NDC,Global,Power,RenewablesCap,price,$/MWh,83.51663331125883
2045,NGFS2023REMIND_FW,Global,Power,RenewablesCap,price,$/MWh,83.51663331125883
2045,NGFS2023REMIND_CP,Global,Power,RenewablesCap,price,$/MWh,83.51663331125883
2045,NGFS2023MESSAGE_NDC,Global,Power,RenewablesCap,price,$/MWh,83.51663331125883
2045,NGFS2023MESSAGE_FW,Global,Power,RenewablesCap,price,$/MWh,83.51663331125883
2045,NGFS2023MESSAGE_CP,Global,Power,RenewablesCap,price,$/MWh,83.51663331125883
2046,NGFS2023GCAM_NDC,Global,Power,RenewablesCap,price,$/MWh,84.05761723598349
2046,NGFS2023GCAM_FW,Global,Power,RenewablesCap,price,$/MWh,84.05761723598349
2046,NGFS2023GCAM_CP,Global,Power,RenewablesCap,price,$/MWh,84.05761723598349
2046,NGFS2023REMIND_NDC,Global,Power,RenewablesCap,price,$/MWh,84.05761723598349
2046,NGFS2023REMIND_FW,Global,Power,RenewablesCap,price,$/MWh,84.05761723598349
2046,NGFS2023REMIND_CP,Global,Power,RenewablesCap,price,$/MWh,84.05761723598349
2046,NGFS2023MESSAGE_NDC,Global,Power,RenewablesCap,price,$/MWh,84.05761723598349
2046,NGFS2023MESSAGE_FW,Global,Power,RenewablesCap,price,$/MWh,84.05761723598349
2046,NGFS2023MESSAGE_CP,Global,Power,RenewablesCap,price,$/MWh,84.05761723598349
2047,NGFS2023GCAM_NDC,Global,Power,RenewablesCap,price,$/MWh,84.59057184103226
2047,NGFS2023GCAM_FW,Global,Power,RenewablesCap,price,$/MWh,84.59057184103226
2047,NGFS2023GCAM_CP,Global,Power,RenewablesCap,price,$/MWh,84.59057184103226
2047,NGFS2023REMIND_NDC,Global,Power,RenewablesCap,price,$/MWh,84.59057184103226
2047,NGFS2023REMIND_FW,Global,Power,RenewablesCap,price,$/MWh,84.59057184103226
2047,NGFS2023REMIND_CP,Global,Power,RenewablesCap,price,$/MWh,84.59057184103226
2047,NGFS2023MESSAGE_NDC,Global,Power,RenewablesCap,price,$/MWh,84.59057184103226
2047,NGFS2023MESSAGE_FW,Global,Power,RenewablesCap,price,$/MWh,84.59057184103226
2047,NGFS2023MESSAGE_CP,Global,Power,RenewablesCap,price,$/MWh,84.59057184103226
2048,NGFS2023GCAM_NDC,Global,Power,RenewablesCap,price,$/MWh,85.11612447963842
2048,NGFS2023GCAM_FW,Global,Power,RenewablesCap,price,$/MWh,85.11612447963842
2048,NGFS2023GCAM_CP,Global,Power,RenewablesCap,price,$/MWh,85.11612447963842
2048,NGFS2023REMIND_NDC,Global,Power,RenewablesCap,price,$/MWh,85.11612447963842
2048,NGFS2023REMIND_FW,Global,Power,RenewablesCap,price,$/MWh,85.11612447963842
2048,NGFS2023REMIND_CP,Global,Power,RenewablesCap,price,$/MWh,85.11612447963842
2048,NGFS2023MESSAGE_NDC,Global,Power,RenewablesCap,price,$/MWh,85.11612447963842
2048,NGFS2023MESSAGE_FW,Global,Power,RenewablesCap,price,$/MWh,85.11612447963842
2048,NGFS2023MESSAGE_CP,Global,Power,RenewablesCap,price,$/MWh,85.11612447963842
2049,NGFS2023GCAM_NDC,Global,Power,RenewablesCap,price,$/MWh,85.63479452069247
2049,NGFS2023GCAM_FW,Global,Power,RenewablesCap,price,$/MWh,85.63479452069247
2049,NGFS2023GCAM_CP,Global,Power,RenewablesCap,price,$/MWh,85.63479452069247
2049,NGFS2023REMIND_NDC,Global,Power,RenewablesCap,price,$/MWh,85.63479452069247
2049,NGFS2023REMIND_FW,Global,Power,RenewablesCap,price,$/MWh,85.63479452069247
2049,NGFS2023REMIND_CP,Global,Power,RenewablesCap,price,$/MWh,85.63479452069247
2049,NGFS2023MESSAGE_NDC,Global,Power,RenewablesCap,price,$/MWh,85.63479452069247
2049,NGFS2023MESSAGE_FW,Global,Power,RenewablesCap,price,$/MWh,85.63479452069247
2049,NGFS2023MESSAGE_CP,Global,Power,RenewablesCap,price,$/MWh,85.63479452069247
2050,NGFS2023GCAM_NDC,Global,Power,RenewablesCap,price,$/MWh,86.14703672810337
2050,NGFS2023GCAM_FW,Global,Power,RenewablesCap,price,$/MWh,86.14703672810337
2050,NGFS2023GCAM_CP,Global,Power,RenewablesCap,price,$/MWh,86.14703672810337
2050,NGFS2023REMIND_NDC,Global,Power,RenewablesCap,price,$/MWh,86.14703672810337
2050,NGFS2023REMIND_FW,Global,Power,RenewablesCap,price,$/MWh,86.14703672810337
2050,NGFS2023REMIND_CP,Global,Power,RenewablesCap,price,$/MWh,86.14703672810337
2050,NGFS2023MESSAGE_NDC,Global,Power,RenewablesCap,price,$/MWh,86.14703672810337
2050,NGFS2023MESSAGE_FW,Global,Power,RenewablesCap,price,$/MWh,86.14703672810337
2050,NGFS2023MESSAGE_CP,Global,Power,RenewablesCap,price,$/MWh,86.14703672810337
2051,NGFS2023GCAM_NDC,Global,Power,RenewablesCap,price,$/MWh,86.65325110861923
2051,NGFS2023GCAM_FW,Global,Power,RenewablesCap,price,$/MWh,86.65325110861923
2051,NGFS2023GCAM_CP,Global,Power,RenewablesCap,price,$/MWh,86.65325110861923
2051,NGFS2023REMIND_NDC,Global,Power,RenewablesCap,price,$/MWh,86.65325110861923
2051,NGFS2023REMIND_FW,Global,Power,RenewablesCap,price,$/MWh,86.65325110861923
2051,NGFS2023REMIND_CP,Global,Power,RenewablesCap,price,$/MWh,86.65325110861923
2051,NGFS2023MESSAGE_NDC,Global,Power,RenewablesCap,price,$/MWh,86.65325110861923
2051,NGFS2023MESSAGE_FW,Global,Power,RenewablesCap,price,$/MWh,86.65325110861923
2051,NGFS2023MESSAGE_CP,Global,Power,RenewablesCap,price,$/MWh,86.65325110861923
2052,NGFS2023GCAM_NDC,Global,Power,RenewablesCap,price,$/MWh,87.15379110711402
2052,NGFS2023GCAM_FW,Global,Power,RenewablesCap,price,$/MWh,87.15379110711402
2052,NGFS2023GCAM_CP,Global,Power,RenewablesCap,price,$/MWh,87.15379110711402
2052,NGFS2023REMIND_NDC,Global,Power,RenewablesCap,price,$/MWh,87.15379110711402
2052,NGFS2023REMIND_FW,Global,Power,RenewablesCap,price,$/MWh,87.15379110711402
2052,NGFS2023REMIND_CP,Global,Power,RenewablesCap,price,$/MWh,87.15379110711402
2052,NGFS2023MESSAGE_NDC,Global,Power,RenewablesCap,price,$/MWh,87.15379110711402
2052,NGFS2023MESSAGE_FW,Global,Power,RenewablesCap,price,$/MWh,87.15379110711402
2052,NGFS2023MESSAGE_CP,Global,Power,RenewablesCap,price,$/MWh,87.15379110711402
2053,NGFS2023GCAM_NDC,Global,Power,RenewablesCap,price,$/MWh,87.64897049858686
2053,NGFS2023GCAM_FW,Global,Power,RenewablesCap,price,$/MWh,87.64897049858686
2053,NGFS2023GCAM_CP,Global,Power,RenewablesCap,price,$/MWh,87.64897049858686
2053,NGFS2023REMIND_NDC,Global,Power,RenewablesCap,price,$/MWh,87.64897049858686
2053,NGFS2023REMIND_FW,Global,Power,RenewablesCap,price,$/MWh,87.64897049858686
2053,NGFS2023REMIND_CP,Global,Power,RenewablesCap,price,$/MWh,87.64897049858686
2053,NGFS2023MESSAGE_NDC,Global,Power,RenewablesCap,price,$/MWh,87.64897049858686
2053,NGFS2023MESSAGE_FW,Global,Power,RenewablesCap,price,$/MWh,87.64897049858686
2053,NGFS2023MESSAGE_CP,Global,Power,RenewablesCap,price,$/MWh,87.64897049858686
2054,NGFS2023GCAM_NDC,Global,Power,RenewablesCap,price,$/MWh,88.13906908682928
2054,NGFS2023GCAM_FW,Global,Power,RenewablesCap,price,$/MWh,88.13906908682928
2054,NGFS2023GCAM_CP,Global,Power,RenewablesCap,price,$/MWh,88.13906908682928
2054,NGFS2023REMIND_NDC,Global,Power,RenewablesCap,price,$/MWh,88.13906908682928
2054,NGFS2023REMIND_FW,Global,Power,RenewablesCap,price,$/MWh,88.13906908682928
2054,NGFS2023REMIND_CP,Global,Power,RenewablesCap,price,$/MWh,88.13906908682928
2054,NGFS2023MESSAGE_NDC,Global,Power,RenewablesCap,price,$/MWh,88.13906908682928
2054,NGFS2023MESSAGE_FW,Global,Power,RenewablesCap,price,$/MWh,88.13906908682928
2054,NGFS2023MESSAGE_CP,Global,Power,RenewablesCap,price,$/MWh,88.13906908682928
2055,NGFS2023GCAM_NDC,Global,Power,RenewablesCap,price,$/MWh,88.62433757904846
2055,NGFS2023GCAM_FW,Global,Power,RenewablesCap,price,$/MWh,88.62433757904846
2055,NGFS2023GCAM_CP,Global,Power,RenewablesCap,price,$/MWh,88.62433757904846
2055,NGFS2023REMIND_NDC,Global,Power,RenewablesCap,price,$/MWh,88.62433757904846
2055,NGFS2023REMIND_FW,Global,Power,RenewablesCap,price,$/MWh,88.62433757904846
2055,NGFS2023REMIND_CP,Global,Power,RenewablesCap,price,$/MWh,88.62433757904846
2055,NGFS2023MESSAGE_NDC,Global,Power,RenewablesCap,price,$/MWh,88.62433757904846
2055,NGFS2023MESSAGE_FW,Global,Power,RenewablesCap,price,$/MWh,88.62433757904846
2055,NGFS2023MESSAGE_CP,Global,Power,RenewablesCap,price,$/MWh,88.62433757904846
2056,NGFS2023GCAM_NDC,Global,Power,RenewablesCap,price,$/MWh,89.1050015493289
2056,NGFS2023GCAM_FW,Global,Power,RenewablesCap,price,$/MWh,89.1050015493289
2056,NGFS2023GCAM_CP,Global,Power,RenewablesCap,price,$/MWh,89.1050015493289
2056,NGFS2023REMIND_NDC,Global,Power,RenewablesCap,price,$/MWh,89.1050015493289
2056,NGFS2023REMIND_FW,Global,Power,RenewablesCap,price,$/MWh,89.1050015493289
2056,NGFS2023REMIND_CP,Global,Power,RenewablesCap,price,$/MWh,89.1050015493289
2056,NGFS2023MESSAGE_NDC,Global,Power,RenewablesCap,price,$/MWh,89.1050015493289
2056,NGFS2023MESSAGE_FW,Global,Power,RenewablesCap,price,$/MWh,89.1050015493289
2056,NGFS2023MESSAGE_CP,Global,Power,RenewablesCap,price,$/MWh,89.1050015493289
2057,NGFS2023GCAM_NDC,Global,Power,RenewablesCap,price,$/MWh,89.58126494762611
2057,NGFS2023GCAM_FW,Global,Power,RenewablesCap,price,$/MWh,89.58126494762611
2057,NGFS2023GCAM_CP,Global,Power,RenewablesCap,price,$/MWh,89.58126494762611
2057,NGFS2023REMIND_NDC,Global,Power,RenewablesCap,price,$/MWh,89.58126494762611
2057,NGFS2023REMIND_FW,Global,Power,RenewablesCap,price,$/MWh,89.58126494762611
2057,NGFS2023REMIND_CP,Global,Power,RenewablesCap,price,$/MWh,89.58126494762611
2057,NGFS2023MESSAGE_NDC,Global,Power,RenewablesCap,price,$/MWh,89.58126494762611
2057,NGFS2023MESSAGE_FW,Global,Power,RenewablesCap,price,$/MWh,89.58126494762611
2057,NGFS2023MESSAGE_CP,Global,Power,RenewablesCap,price,$/MWh,89.58126494762611
2058,NGFS2023GCAM_NDC,Global,Power,RenewablesCap,price,$/MWh,90.05331286096636
2058,NGFS2023GCAM_FW,Global,Power,RenewablesCap,price,$/MWh,90.05331286096636
2058,NGFS2023GCAM_CP,Global,Power,RenewablesCap,price,$/MWh,90.05331286096636
2058,NGFS2023REMIND_NDC,Global,Power,RenewablesCap,price,$/MWh,90.05331286096636
2058,NGFS2023REMIND_FW,Global,Power,RenewablesCap,price,$/MWh,90.05331286096636
2058,NGFS2023REMIND_CP,Global,Power,RenewablesCap,price,$/MWh,90.05331286096636
2058,NGFS2023MESSAGE_NDC,Global,Power,RenewablesCap,price,$/MWh,90.05331286096636
2058,NGFS2023MESSAGE_FW,Global,Power,RenewablesCap,price,$/MWh,90.05331286096636
2058,NGFS2023MESSAGE_CP,Global,Power,RenewablesCap,price,$/MWh,90.05331286096636
2059,NGFS2023GCAM_NDC,Global,Power,RenewablesCap,price,$/MWh,90.5213140133676
2059,NGFS2023GCAM_FW,Global,Power,RenewablesCap,price,$/MWh,90.5213140133676
2059,NGFS2023GCAM_CP,Global,Power,RenewablesCap,price,$/MWh,90.5213140133676
2059,NGFS2023REMIND_NDC,Global,Power,RenewablesCap,price,$/MWh,90.5213140133676
2059,NGFS2023REMIND_FW,Global,Power,RenewablesCap,price,$/MWh,90.5213140133676
2059,NGFS2023REMIND_CP,Global,Power,RenewablesCap,price,$/MWh,90.5213140133676
2059,NGFS2023MESSAGE_NDC,Global,Power,RenewablesCap,price,$/MWh,90.5213140133676
2059,NGFS2023MESSAGE_FW,Global,Power,RenewablesCap,price,$/MWh,90.5213140133676
2059,NGFS2023MESSAGE_CP,Global,Power,RenewablesCap,price,$/MWh,90.5213140133676
2060,NGFS2023GCAM_NDC,Global,Power,RenewablesCap,price,$/MWh,90.98542274365704
2060,NGFS2023GCAM_FW,Global,Power,RenewablesCap,price,$/MWh,90.98542274365704
2060,NGFS2023GCAM_CP,Global,Power,RenewablesCap,price,$/MWh,90.98542274365704
2060,NGFS2023REMIND_NDC,Global,Power,RenewablesCap,price,$/MWh,90.98542274365704
2060,NGFS2023REMIND_FW,Global,Power,RenewablesCap,price,$/MWh,90.98542274365704
2060,NGFS2023REMIND_CP,Global,Power,RenewablesCap,price,$/MWh,90.98542274365704
2060,NGFS2023MESSAGE_NDC,Global,Power,RenewablesCap,price,$/MWh,90.98542274365704
2060,NGFS2023MESSAGE_FW,Global,Power,RenewablesCap,price,$/MWh,90.98542274365704
2060,NGFS2023MESSAGE_CP,Global,Power,RenewablesCap,price,$/MWh,90.98542274365704
2061,NGFS2023GCAM_NDC,Global,Power,RenewablesCap,price,$/MWh,91.44578081003256
2061,NGFS2023GCAM_FW,Global,Power,RenewablesCap,price,$/MWh,91.44578081003256
2061,NGFS2023GCAM_CP,Global,Power,RenewablesCap,price,$/MWh,91.44578081003256
2061,NGFS2023REMIND_NDC,Global,Power,RenewablesCap,price,$/MWh,91.44578081003256
2061,NGFS2023REMIND_FW,Global,Power,RenewablesCap,price,$/MWh,91.44578081003256
2061,NGFS2023REMIND_CP,Global,Power,RenewablesCap,price,$/MWh,91.44578081003256
2061,NGFS2023MESSAGE_NDC,Global,Power,RenewablesCap,price,$/MWh,91.44578081003256
2061,NGFS2023MESSAGE_FW,Global,Power,RenewablesCap,price,$/MWh,91.44578081003256
2061,NGFS2023MESSAGE_CP,Global,Power,RenewablesCap,price,$/MWh,91.44578081003256
2062,NGFS2023GCAM_NDC,Global,Power,RenewablesCap,price,$/MWh,91.90251874185816
2062,NGFS2023GCAM_FW,Global,Power,RenewablesCap,price,$/MWh,91.90251874185816
2062,NGFS2023GCAM_CP,Global,Power,RenewablesCap,price,$/MWh,91.90251874185816
2062,NGFS2023REMIND_NDC,Global,Power,RenewablesCap,price,$/MWh,91.90251874185816
2062,NGFS2023REMIND_FW,Global,Power,RenewablesCap,price,$/MWh,91.90251874185816
2062,NGFS2023REMIND_CP,Global,Power,RenewablesCap,price,$/MWh,91.90251874185816
2062,NGFS2023MESSAGE_NDC,Global,Power,RenewablesCap,price,$/MWh,91.90251874185816
2062,NGFS2023MESSAGE_FW,Global,Power,RenewablesCap,price,$/MWh,91.90251874185816
2062,NGFS2023MESSAGE_CP,Global,Power,RenewablesCap,price,$/MWh,91.90251874185816
2063,NGFS2023GCAM_NDC,Global,Power,RenewablesCap,price,$/MWh,92.35575721543496
2063,NGFS2023GCAM_FW,Global,Power,RenewablesCap,price,$/MWh,92.35575721543496
2063,NGFS2023GCAM_CP,Global,Power,RenewablesCap,price,$/MWh,92.35575721543496
2063,NGFS2023REMIND_NDC,Global,Power,RenewablesCap,price,$/MWh,92.35575721543496
2063,NGFS2023REMIND_FW,Global,Power,RenewablesCap,price,$/MWh,92.35575721543496
2063,NGFS2023REMIND_CP,Global,Power,RenewablesCap,price,$/MWh,92.35575721543496
2063,NGFS2023MESSAGE_NDC,Global,Power,RenewablesCap,price,$/MWh,92.35575721543496
2063,NGFS2023MESSAGE_FW,Global,Power,RenewablesCap,price,$/MWh,92.35575721543496
2063,NGFS2023MESSAGE_CP,Global,Power,RenewablesCap,price,$/MWh,92.35575721543496
2064,NGFS2023GCAM_NDC,Global,Power,RenewablesCap,price,$/MWh,92.80560798981028
2064,NGFS2023GCAM_FW,Global,Power,RenewablesCap,price,$/MWh,92.80560798981028
2064,NGFS2023GCAM_CP,Global,Power,RenewablesCap,price,$/MWh,92.80560798981028
2064,NGFS2023REMIND_NDC,Global,Power,RenewablesCap,price,$/MWh,92.80560798981028
2064,NGFS2023REMIND_FW,Global,Power,RenewablesCap,price,$/MWh,92.80560798981028
2064,NGFS2023REMIND_CP,Global,Power,RenewablesCap,price,$/MWh,92.80560798981028
2064,NGFS2023MESSAGE_NDC,Global,Power,RenewablesCap,price,$/MWh,92.80560798981028
2064,NGFS2023MESSAGE_FW,Global,Power,RenewablesCap,price,$/MWh,92.80560798981028
2064,NGFS2023MESSAGE_CP,Global,Power,RenewablesCap,price,$/MWh,92.80560798981028
2065,NGFS2023GCAM_NDC,Global,Power,RenewablesCap,price,$/MWh,93.25217488036957
2065,NGFS2023GCAM_FW,Global,Power,RenewablesCap,price,$/MWh,93.25217488036957
2065,NGFS2023GCAM_CP,Global,Power,RenewablesCap,price,$/MWh,93.25217488036957
2065,NGFS2023REMIND_NDC,Global,Power,RenewablesCap,price,$/MWh,93.25217488036957
2065,NGFS2023REMIND_FW,Global,Power,RenewablesCap,price,$/MWh,93.25217488036957
2065,NGFS2023REMIND_CP,Global,Power,RenewablesCap,price,$/MWh,93.25217488036957
2065,NGFS2023MESSAGE_NDC,Global,Power,RenewablesCap,price,$/MWh,93.25217488036957
2065,NGFS2023MESSAGE_FW,Global,Power,RenewablesCap,price,$/MWh,93.25217488036957
2065,NGFS2023MESSAGE_CP,Global,Power,RenewablesCap,price,$/MWh,93.25217488036957
2066,NGFS2023GCAM_NDC,Global,Power,RenewablesCap,price,$/MWh,93.6955545058034
2066,NGFS2023GCAM_FW,Global,Power,RenewablesCap,price,$/MWh,93.6955545058034
2066,NGFS2023GCAM_CP,Global,Power,RenewablesCap,price,$/MWh,93.6955545058034
2066,NGFS2023REMIND_NDC,Global,Power,RenewablesCap,price,$/MWh,93.6955545058034
2066,NGFS2023REMIND_FW,Global,Power,RenewablesCap,price,$/MWh,93.6955545058034
2066,NGFS2023REMIND_CP,Global,Power,RenewablesCap,price,$/MWh,93.6955545058034
2066,NGFS2023MESSAGE_NDC,Global,Power,RenewablesCap,price,$/MWh,93.6955545058034
2066,NGFS2023MESSAGE_FW,Global,Power,RenewablesCap,price,$/MWh,93.6955545058034
2066,NGFS2023MESSAGE_CP,Global,Power,RenewablesCap,price,$/MWh,93.6955545058034
2067,NGFS2023GCAM_NDC,Global,Power,RenewablesCap,price,$/MWh,94.13583692745011
2067,NGFS2023GCAM_FW,Global,Power,RenewablesCap,price,$/MWh,94.13583692745011
2067,NGFS2023GCAM_CP,Global,Power,RenewablesCap,price,$/MWh,94.13583692745011
2067,NGFS2023REMIND_NDC,Global,Power,RenewablesCap,price,$/MWh,94.13583692745011
2067,NGFS2023REMIND_FW,Global,Power,RenewablesCap,price,$/MWh,94.13583692745011
2067,NGFS2023REMIND_CP,Global,Power,RenewablesCap,price,$/MWh,94.13583692745011
2067,NGFS2023MESSAGE_NDC,Global,Power,RenewablesCap,price,$/MWh,94.13583692745011
2067,NGFS2023MESSAGE_FW,Global,Power,RenewablesCap,price,$/MWh,94.13583692745011
2067,NGFS2023MESSAGE_CP,Global,Power,RenewablesCap,price,$/MWh,94.13583692745011
2068,NGFS2023GCAM_NDC,Global,Power,RenewablesCap,price,$/MWh,94.57310624712142
2068,NGFS2023GCAM_FW,Global,Power,RenewablesCap,price,$/MWh,94.57310624712142
2068,NGFS2023GCAM_CP,Global,Power,RenewablesCap,price,$/MWh,94.57310624712142
2068,NGFS2023REMIND_NDC,Global,Power,RenewablesCap,price,$/MWh,94.57310624712142
2068,NGFS2023REMIND_FW,Global,Power,RenewablesCap,price,$/MWh,94.57310624712142
2068,NGFS2023REMIND_CP,Global,Power,RenewablesCap,price,$/MWh,94.57310624712142
2068,NGFS2023MESSAGE_NDC,Global,Power,RenewablesCap,price,$/MWh,94.57310624712142
2068,NGFS2023MESSAGE_FW,Global,Power,RenewablesCap,price,$/MWh,94.57310624712142
2068,NGFS2023MESSAGE_CP,Global,Power,RenewablesCap,price,$/MWh,94.57310624712142
2069,NGFS2023GCAM_NDC,Global,Power,RenewablesCap,price,$/MWh,95.0074410425187
2069,NGFS2023GCAM_FW,Global,Power,RenewablesCap,price,$/MWh,95.0074410425187
2069,NGFS2023GCAM_CP,Global,Power,RenewablesCap,price,$/MWh,95.0074410425187
2069,NGFS2023REMIND_NDC,Global,Power,RenewablesCap,price,$/MWh,95.0074410425187
2069,NGFS2023REMIND_FW,Global,Power,RenewablesCap,price,$/MWh,95.0074410425187
2069,NGFS2023REMIND_CP,Global,Power,RenewablesCap,price,$/MWh,95.0074410425187
2069,NGFS2023MESSAGE_NDC,Global,Power,RenewablesCap,price,$/MWh,95.0074410425187
2069,NGFS2023MESSAGE_FW,Global,Power,RenewablesCap,price,$/MWh,95.0074410425187
2069,NGFS2023MESSAGE_CP,Global,Power,RenewablesCap,price,$/MWh,95.0074410425187
2070,NGFS2023GCAM_NDC,Global,Power,OilCap,price,$/MWh,58.78864416982829
2070,NGFS2023GCAM_FW,Global,Power,OilCap,price,$/MWh,58.78864416982829
2070,NGFS2023GCAM_CP,Global,Power,OilCap,price,$/MWh,58.78864416982829
2070,NGFS2023REMIND_NDC,Global,Power,OilCap,price,$/MWh,58.78864416982829
2070,NGFS2023REMIND_FW,Global,Power,OilCap,price,$/MWh,58.78864416982829
2070,NGFS2023REMIND_CP,Global,Power,OilCap,price,$/MWh,58.78864416982829
2070,NGFS2023MESSAGE_NDC,Global,Power,OilCap,price,$/MWh,58.78864416982829
2070,NGFS2023MESSAGE_FW,Global,Power,OilCap,price,$/MWh,58.78864416982829
2070,NGFS2023MESSAGE_CP,Global,Power,OilCap,price,$/MWh,58.78864416982829
2070,NGFS2023GCAM_NDC,Global,Power,CoalCap,price,$/MWh,68.35625842931431
2070,NGFS2023GCAM_FW,Global,Power,CoalCap,price,$/MWh,68.35625842931431
2070,NGFS2023GCAM_CP,Global,Power,CoalCap,price,$/MWh,68.35625842931431
2070,NGFS2023REMIND_NDC,Global,Power,CoalCap,price,$/MWh,68.35625842931431
2070,NGFS2023REMIND_FW,Global,Power,CoalCap,price,$/MWh,68.35625842931431
2070,NGFS2023REMIND_CP,Global,Power,CoalCap,price,$/MWh,68.35625842931431
2070,NGFS2023MESSAGE_NDC,Global,Power,CoalCap,price,$/MWh,68.35625842931431
2070,NGFS2023MESSAGE_FW,Global,Power,CoalCap,price,$/MWh,68.35625842931431
2070,NGFS2023MESSAGE_CP,Global,Power,CoalCap,price,$/MWh,68.35625842931431
2070,NGFS2023GCAM_NDC,Global,Power,GasCap,price,$/MWh,58.78864416982829
2070,NGFS2023GCAM_FW,Global,Power,GasCap,price,$/MWh,58.78864416982829
2070,NGFS2023GCAM_CP,Global,Power,GasCap,price,$/MWh,58.78864416982829
2070,NGFS2023REMIND_NDC,Global,Power,GasCap,price,$/MWh,58.78864416982829
2070,NGFS2023REMIND_FW,Global,Power,GasCap,price,$/MWh,58.78864416982829
2070,NGFS2023REMIND_CP,Global,Power,GasCap,price,$/MWh,58.78864416982829
2070,NGFS2023MESSAGE_NDC,Global,Power,GasCap,price,$/MWh,58.78864416982829
2070,NGFS2023MESSAGE_FW,Global,Power,GasCap,price,$/MWh,58.78864416982829
2070,NGFS2023MESSAGE_CP,Global,Power,GasCap,price,$/MWh,58.78864416982829
2070,NGFS2023GCAM_NDC,Global,Power,RenewablesCap,price,$/MWh,95.59356996354644
2070,NGFS2023GCAM_FW,Global,Power,RenewablesCap,price,$/MWh,95.59356996354644
2070,NGFS2023GCAM_CP,Global,Power,RenewablesCap,price,$/MWh,95.59356996354644
2070,NGFS2023REMIND_NDC,Global,Power,RenewablesCap,price,$/MWh,95.59356996354644
2070,NGFS2023REMIND_FW,Global,Power,RenewablesCap,price,$/MWh,95.59356996354644
2070,NGFS2023REMIND_CP,Global,Power,RenewablesCap,price,$/MWh,95.59356996354644
2070,NGFS2023MESSAGE_NDC,Global,Power,RenewablesCap,price,$/MWh,95.59356996354644
2070,NGFS2023MESSAGE_FW,Global,Power,RenewablesCap,price,$/MWh,95.59356996354644
2070,NGFS2023MESSAGE_CP,Global,Power,RenewablesCap,price,$/MWh,95.59356996354644
2070,NGFS2023GCAM_NDC,Global,Power,HydroCap,price,$/MWh,52.88135607909605
2070,NGFS2023GCAM_FW,Global,Power,HydroCap,price,$/MWh,52.88135607909605
2070,NGFS2023GCAM_CP,Global,Power,HydroCap,price,$/MWh,52.88135607909605
2070,NGFS2023REMIND_NDC,Global,Power,HydroCap,price,$/MWh,52.88135607909605
2070,NGFS2023REMIND_FW,Global,Power,HydroCap,price,$/MWh,52.88135607909605
2070,NGFS2023REMIND_CP,Global,Power,HydroCap,price,$/MWh,52.88135607909605
2070,NGFS2023MESSAGE_NDC,Global,Power,HydroCap,price,$/MWh,52.88135607909605
2070,NGFS2023MESSAGE_FW,Global,Power,HydroCap,price,$/MWh,52.88135607909605
2070,NGFS2023MESSAGE_CP,Global,Power,HydroCap,price,$/MWh,52.88135607909605
2070,NGFS2023GCAM_NDC,Global,Power,NuclearCap,price,$/MWh,101.69491553672316
2070,NGFS2023GCAM_FW,Global,Power,NuclearCap,price,$/MWh,101.69491553672316
2070,NGFS2023GCAM_CP,Global,Power,NuclearCap,price,$/MWh,101.69491553672316
2070,NGFS2023REMIND_NDC,Global,Power,NuclearCap,price,$/MWh,101.69491553672316
2070,NGFS2023REMIND_FW,Global,Power,NuclearCap,price,$/MWh,101.69491553672316
2070,NGFS2023REMIND_CP,Global,Power,NuclearCap,price,$/MWh,101.69491553672316
2070,NGFS2023MESSAGE_NDC,Global,Power,NuclearCap,price,$/MWh,101.69491553672316
2070,NGFS2023MESSAGE_FW,Global,Power,NuclearCap,price,$/MWh,101.69491553672316
2070,NGFS2023MESSAGE_CP,Global,Power,NuclearCap,price,$/MWh,101.69491553672316
2071,NGFS2023GCAM_NDC,Global,Power,OilCap,price,$/MWh,58.78768007906826
2071,NGFS2023GCAM_FW,Global,Power,OilCap,price,$/MWh,58.78768007906826
2071,NGFS2023GCAM_CP,Global,Power,OilCap,price,$/MWh,58.78768007906826
2071,NGFS2023REMIND_NDC,Global,Power,OilCap,price,$/MWh,58.78768007906826
2071,NGFS2023REMIND_FW,Global,Power,OilCap,price,$/MWh,58.78768007906826
2071,NGFS2023REMIND_CP,Global,Power,OilCap,price,$/MWh,58.78768007906826
2071,NGFS2023MESSAGE_NDC,Global,Power,OilCap,price,$/MWh,58.78768007906826
2071,NGFS2023MESSAGE_FW,Global,Power,OilCap,price,$/MWh,58.78768007906826
2071,NGFS2023MESSAGE_CP,Global,Power,OilCap,price,$/MWh,58.78768007906826
2071,NGFS2023GCAM_NDC,Global,Power,CoalCap,price,$/MWh,68.3601849533316
2071,NGFS2023GCAM_FW,Global,Power,CoalCap,price,$/MWh,68.3601849533316
2071,NGFS2023GCAM_CP,Global,Power,CoalCap,price,$/MWh,68.3601849533316
2071,NGFS2023REMIND_NDC,Global,Power,CoalCap,price,$/MWh,68.3601849533316
2071,NGFS2023REMIND_FW,Global,Power,CoalCap,price,$/MWh,68.3601849533316
2071,NGFS2023REMIND_CP,Global,Power,CoalCap,price,$/MWh,68.3601849533316
2071,NGFS2023MESSAGE_NDC,Global,Power,CoalCap,price,$/MWh,68.3601849533316
2071,NGFS2023MESSAGE_FW,Global,Power,CoalCap,price,$/MWh,68.3601849533316
2071,NGFS2023MESSAGE_CP,Global,Power,CoalCap,price,$/MWh,68.3601849533316
2071,NGFS2023GCAM_NDC,Global,Power,GasCap,price,$/MWh,58.78768007906826
2071,NGFS2023GCAM_FW,Global,Power,GasCap,price,$/MWh,58.78768007906826
2071,NGFS2023GCAM_CP,Global,Power,GasCap,price,$/MWh,58.78768007906826
2071,NGFS2023REMIND_NDC,Global,Power,GasCap,price,$/MWh,58.78768007906826
2071,NGFS2023REMIND_FW,Global,Power,GasCap,price,$/MWh,58.78768007906826
2071,NGFS2023REMIND_CP,Global,Power,GasCap,price,$/MWh,58.78768007906826
2071,NGFS2023MESSAGE_NDC,Global,Power,GasCap,price,$/MWh,58.78768007906826
2071,NGFS2023MESSAGE_FW,Global,Power,GasCap,price,$/MWh,58.78768007906826
2071,NGFS2023MESSAGE_CP,Global,Power,GasCap,price,$/MWh,58.78768007906826
2071,NGFS2023GCAM_NDC,Global,Power,RenewablesCap,price,$/MWh,96.0612912801272
2071,NGFS2023GCAM_FW,Global,Power,RenewablesCap,price,$/MWh,96.0612912801272
2071,NGFS2023GCAM_CP,Global,Power,RenewablesCap,price,$/MWh,96.0612912801272
2071,NGFS2023REMIND_NDC,Global,Power,RenewablesCap,price,$/MWh,96.0612912801272
2071,NGFS2023REMIND_FW,Global,Power,RenewablesCap,price,$/MWh,96.0612912801272
2071,NGFS2023REMIND_CP,Global,Power,RenewablesCap,price,$/MWh,96.0612912801272
2071,NGFS2023MESSAGE_NDC,Global,Power,RenewablesCap,price,$/MWh,96.0612912801272
2071,NGFS2023MESSAGE_FW,Global,Power,RenewablesCap,price,$/MWh,96.0612912801272
2071,NGFS2023MESSAGE_CP,Global,Power,RenewablesCap,price,$/MWh,96.0612912801272
2071,NGFS2023GCAM_NDC,Global,Power,HydroCap,price,$/MWh,52.88135607909605
2071,NGFS2023GCAM_FW,Global,Power,HydroCap,price,$/MWh,52.88135607909605
2071,NGFS2023GCAM_CP,Global,Power,HydroCap,price,$/MWh,52.88135607909605
2071,NGFS2023REMIND_NDC,Global,Power,HydroCap,price,$/MWh,52.88135607909605
2071,NGFS2023REMIND_FW,Global,Power,HydroCap,price,$/MWh,52.88135607909605
2071,NGFS2023REMIND_CP,Global,Power,HydroCap,price,$/MWh,52.88135607909605
2071,NGFS2023MESSAGE_NDC,Global,Power,HydroCap,price,$/MWh,52.88135607909605
2071,NGFS2023MESSAGE_FW,Global,Power,HydroCap,price,$/MWh,52.88135607909605
2071,NGFS2023MESSAGE_CP,Global,Power,HydroCap,price,$/MWh,52.88135607909605
2071,NGFS2023GCAM_NDC,Global,Power,NuclearCap,price,$/MWh,101.69491553672316
2071,NGFS2023GCAM_FW,Global,Power,NuclearCap,price,$/MWh,101.69491553672316
2071,NGFS2023GCAM_CP,Global,Power,NuclearCap,price,$/MWh,101.69491553672316
2071,NGFS2023REMIND_NDC,Global,Power,NuclearCap,price,$/MWh,101.69491553672316
2071,NGFS2023REMIND_FW,Global,Power,NuclearCap,price,$/MWh,101.69491553672316
2071,NGFS2023REMIND_CP,Global,Power,NuclearCap,price,$/MWh,101.69491553672316
2071,NGFS2023MESSAGE_NDC,Global,Power,NuclearCap,price,$/MWh,101.69491553672316
2071,NGFS2023MESSAGE_FW,Global,Power,NuclearCap,price,$/MWh,101.69491553672316
2071,NGFS2023MESSAGE_CP,Global,Power,NuclearCap,price,$/MWh,101.69491553672316
2072,NGFS2023GCAM_NDC,Global,Power,OilCap,price,$/MWh,58.78671598830823
2072,NGFS2023GCAM_FW,Global,Power,OilCap,price,$/MWh,58.78671598830823
2072,NGFS2023GCAM_CP,Global,Power,OilCap,price,$/MWh,58.78671598830823
2072,NGFS2023REMIND_NDC,Global,Power,OilCap,price,$/MWh,58.78671598830823
2072,NGFS2023REMIND_FW,Global,Power,OilCap,price,$/MWh,58.78671598830823
2072,NGFS2023REMIND_CP,Global,Power,OilCap,price,$/MWh,58.78671598830823
2072,NGFS2023MESSAGE_NDC,Global,Power,OilCap,price,$/MWh,58.78671598830823
2072,NGFS2023MESSAGE_FW,Global,Power,OilCap,price,$/MWh,58.78671598830823
2072,NGFS2023MESSAGE_CP,Global,Power,OilCap,price,$/MWh,58.78671598830823
2072,NGFS2023GCAM_NDC,Global,Power,CoalCap,price,$/MWh,68.36411147734889
2072,NGFS2023GCAM_FW,Global,Power,CoalCap,price,$/MWh,68.36411147734889
2072,NGFS2023GCAM_CP,Global,Power,CoalCap,price,$/MWh,68.36411147734889
2072,NGFS2023REMIND_NDC,Global,Power,CoalCap,price,$/MWh,68.36411147734889
2072,NGFS2023REMIND_FW,Global,Power,CoalCap,price,$/MWh,68.36411147734889
2072,NGFS2023REMIND_CP,Global,Power,CoalCap,price,$/MWh,68.36411147734889
2072,NGFS2023MESSAGE_NDC,Global,Power,CoalCap,price,$/MWh,68.36411147734889
2072,NGFS2023MESSAGE_FW,Global,Power,CoalCap,price,$/MWh,68.36411147734889
2072,NGFS2023MESSAGE_CP,Global,Power,CoalCap,price,$/MWh,68.36411147734889
2072,NGFS2023GCAM_NDC,Global,Power,GasCap,price,$/MWh,58.78671598830823
2072,NGFS2023GCAM_FW,Global,Power,GasCap,price,$/MWh,58.78671598830823
2072,NGFS2023GCAM_CP,Global,Power,GasCap,price,$/MWh,58.78671598830823
2072,NGFS2023REMIND_NDC,Global,Power,GasCap,price,$/MWh,58.78671598830823
2072,NGFS2023REMIND_FW,Global,Power,GasCap,price,$/MWh,58.78671598830823
2072,NGFS2023REMIND_CP,Global,Power,GasCap,price,$/MWh,58.78671598830823
2072,NGFS2023MESSAGE_NDC,Global,Power,GasCap,price,$/MWh,58.78671598830823
2072,NGFS2023MESSAGE_FW,Global,Power,GasCap,price,$/MWh,58.78671598830823
2072,NGFS2023MESSAGE_CP,Global,Power,GasCap,price,$/MWh,58.78671598830823
2072,NGFS2023GCAM_NDC,Global,Power,RenewablesCap,price,$/MWh,96.52901259670784
2072,NGFS2023GCAM_FW,Global,Power,RenewablesCap,price,$/MWh,96.52901259670784
2072,NGFS2023GCAM_CP,Global,Power,RenewablesCap,price,$/MWh,96.52901259670784
2072,NGFS2023REMIND_NDC,Global,Power,RenewablesCap,price,$/MWh,96.52901259670784
2072,NGFS2023REMIND_FW,Global,Power,RenewablesCap,price,$/MWh,96.52901259670784
2072,NGFS2023REMIND_CP,Global,Power,RenewablesCap,price,$/MWh,96.52901259670784
2072,NGFS2023MESSAGE_NDC,Global,Power,RenewablesCap,price,$/MWh,96.52901259670784
2072,NGFS2023MESSAGE_FW,Global,Power,RenewablesCap,price,$/MWh,96.52901259670784
2072,NGFS2023MESSAGE_CP,Global,Power,RenewablesCap,price,$/MWh,96.52901259670784
2072,NGFS2023GCAM_NDC,Global,Power,HydroCap,price,$/MWh,52.88135607909605
2072,NGFS2023GCAM_FW,Global,Power,HydroCap,price,$/MWh,52.88135607909605
2072,NGFS2023GCAM_CP,Global,Power,HydroCap,price,$/MWh,52.88135607909605
2072,NGFS2023REMIND_NDC,Global,Power,HydroCap,price,$/MWh,52.88135607909605
2072,NGFS2023REMIND_FW,Global,Power,HydroCap,price,$/MWh,52.88135607909605
2072,NGFS2023REMIND_CP,Global,Power,HydroCap,price,$/MWh,52.88135607909605
2072,NGFS2023MESSAGE_NDC,Global,Power,HydroCap,price,$/MWh,52.88135607909605
2072,NGFS2023MESSAGE_FW,Global,Power,HydroCap,price,$/MWh,52.88135607909605
2072,NGFS2023MESSAGE_CP,Global,Power,HydroCap,price,$/MWh,52.88135607909605
2072,NGFS2023GCAM_NDC,Global,Power,NuclearCap,price,$/MWh,101.69491553672316
2072,NGFS2023GCAM_FW,Global,Power,NuclearCap,price,$/MWh,101.69491553672316
2072,NGFS2023GCAM_CP,Global,Power,NuclearCap,price,$/MWh,101.69491553672316
2072,NGFS2023REMIND_NDC,Global,Power,NuclearCap,price,$/MWh,101.69491553672316
2072,NGFS2023REMIND_FW,Global,Power,NuclearCap,price,$/MWh,101.69491553672316
2072,NGFS2023REMIND_CP,Global,Power,NuclearCap,price,$/MWh,101.69491553672316
2072,NGFS2023MESSAGE_NDC,Global,Power,NuclearCap,price,$/MWh,101.69491553672316
2072,NGFS2023MESSAGE_FW,Global,Power,NuclearCap,price,$/MWh,101.69491553672316
2072,NGFS2023MESSAGE_CP,Global,Power,NuclearCap,price,$/MWh,101.69491553672316
2073,NGFS2023GCAM_NDC,Global,Power,OilCap,price,$/MWh,58.78575189754821
2073,NGFS2023GCAM_FW,Global,Power,OilCap,price,$/MWh,58.78575189754821
2073,NGFS2023GCAM_CP,Global,Power,OilCap,price,$/MWh,58.78575189754821
2073,NGFS2023REMIND_NDC,Global,Power,OilCap,price,$/MWh,58.78575189754821
2073,NGFS2023REMIND_FW,Global,Power,OilCap,price,$/MWh,58.78575189754821
2073,NGFS2023REMIND_CP,Global,Power,OilCap,price,$/MWh,58.78575189754821
2073,NGFS2023MESSAGE_NDC,Global,Power,OilCap,price,$/MWh,58.78575189754821
2073,NGFS2023MESSAGE_FW,Global,Power,OilCap,price,$/MWh,58.78575189754821
2073,NGFS2023MESSAGE_CP,Global,Power,OilCap,price,$/MWh,58.78575189754821
2073,NGFS2023GCAM_NDC,Global,Power,CoalCap,price,$/MWh,68.36803800136616
2073,NGFS2023GCAM_FW,Global,Power,CoalCap,price,$/MWh,68.36803800136616
2073,NGFS2023GCAM_CP,Global,Power,CoalCap,price,$/MWh,68.36803800136616
2073,NGFS2023REMIND_NDC,Global,Power,CoalCap,price,$/MWh,68.36803800136616
2073,NGFS2023REMIND_FW,Global,Power,CoalCap,price,$/MWh,68.36803800136616
2073,NGFS2023REMIND_CP,Global,Power,CoalCap,price,$/MWh,68.36803800136616
2073,NGFS2023MESSAGE_NDC,Global,Power,CoalCap,price,$/MWh,68.36803800136616
2073,NGFS2023MESSAGE_FW,Global,Power,CoalCap,price,$/MWh,68.36803800136616
2073,NGFS2023MESSAGE_CP,Global,Power,CoalCap,price,$/MWh,68.36803800136616
2073,NGFS2023GCAM_NDC,Global,Power,GasCap,price,$/MWh,58.78575189754821
2073,NGFS2023GCAM_FW,Global,Power,GasCap,price,$/MWh,58.78575189754821
2073,NGFS2023GCAM_CP,Global,Power,GasCap,price,$/MWh,58.78575189754821
2073,NGFS2023REMIND_NDC,Global,Power,GasCap,price,$/MWh,58.78575189754821
2073,NGFS2023REMIND_FW,Global,Power,GasCap,price,$/MWh,58.78575189754821
2073,NGFS2023REMIND_CP,Global,Power,GasCap,price,$/MWh,58.78575189754821
2073,NGFS2023MESSAGE_NDC,Global,Power,GasCap,price,$/MWh,58.78575189754821
2073,NGFS2023MESSAGE_FW,Global,Power,GasCap,price,$/MWh,58.78575189754821
2073,NGFS2023MESSAGE_CP,Global,Power,GasCap,price,$/MWh,58.78575189754821
2073,NGFS2023GCAM_NDC,Global,Power,RenewablesCap,price,$/MWh,96.9967339132886
2073,NGFS2023GCAM_FW,Global,Power,RenewablesCap,price,$/MWh,96.9967339132886
2073,NGFS2023GCAM_CP,Global,Power,RenewablesCap,price,$/MWh,96.9967339132886
2073,NGFS2023REMIND_NDC,Global,Power,RenewablesCap,price,$/MWh,96.9967339132886
2073,NGFS2023REMIND_FW,Global,Power,RenewablesCap,price,$/MWh,96.9967339132886
2073,NGFS2023REMIND_CP,Global,Power,RenewablesCap,price,$/MWh,96.9967339132886
2073,NGFS2023MESSAGE_NDC,Global,Power,RenewablesCap,price,$/MWh,96.9967339132886
2073,NGFS2023MESSAGE_FW,Global,Power,RenewablesCap,price,$/MWh,96.9967339132886
2073,NGFS2023MESSAGE_CP,Global,Power,RenewablesCap,price,$/MWh,96.9967339132886
2073,NGFS2023GCAM_NDC,Global,Power,HydroCap,price,$/MWh,52.88135607909605
2073,NGFS2023GCAM_FW,Global,Power,HydroCap,price,$/MWh,52.88135607909605
2073,NGFS2023GCAM_CP,Global,Power,HydroCap,price,$/MWh,52.88135607909605
2073,NGFS2023REMIND_NDC,Global,Power,HydroCap,price,$/MWh,52.88135607909605
2073,NGFS2023REMIND_FW,Global,Power,HydroCap,price,$/MWh,52.88135607909605
2073,NGFS2023REMIND_CP,Global,Power,HydroCap,price,$/MWh,52.88135607909605
2073,NGFS2023MESSAGE_NDC,Global,Power,HydroCap,price,$/MWh,52.88135607909605
2073,NGFS2023MESSAGE_FW,Global,Power,HydroCap,price,$/MWh,52.88135607909605
2073,NGFS2023MESSAGE_CP,Global,Power,HydroCap,price,$/MWh,52.88135607909605
2073,NGFS2023GCAM_NDC,Global,Power,NuclearCap,price,$/MWh,101.69491553672316
2073,NGFS2023GCAM_FW,Global,Power,NuclearCap,price,$/MWh,101.69491553672316
2073,NGFS2023GCAM_CP,Global,Power,NuclearCap,price,$/MWh,101.69491553672316
2073,NGFS2023REMIND_NDC,Global,Power,NuclearCap,price,$/MWh,101.69491553672316
2073,NGFS2023REMIND_FW,Global,Power,NuclearCap,price,$/MWh,101.69491553672316
2073,NGFS2023REMIND_CP,Global,Power,NuclearCap,price,$/MWh,101.69491553672316
2073,NGFS2023MESSAGE_NDC,Global,Power,NuclearCap,price,$/MWh,101.69491553672316
2073,NGFS2023MESSAGE_FW,Global,Power,NuclearCap,price,$/MWh,101.69491553672316
2073,NGFS2023MESSAGE_CP,Global,Power,NuclearCap,price,$/MWh,101.69491553672316
2074,NGFS2023GCAM_NDC,Global,Power,OilCap,price,$/MWh,58.78478780678818
2074,NGFS2023GCAM_FW,Global,Power,OilCap,price,$/MWh,58.78478780678818
2074,NGFS2023GCAM_CP,Global,Power,OilCap,price,$/MWh,58.78478780678818
2074,NGFS2023REMIND_NDC,Global,Power,OilCap,price,$/MWh,58.78478780678818
2074,NGFS2023REMIND_FW,Global,Power,OilCap,price,$/MWh,58.78478780678818
2074,NGFS2023REMIND_CP,Global,Power,OilCap,price,$/MWh,58.78478780678818
2074,NGFS2023MESSAGE_NDC,Global,Power,OilCap,price,$/MWh,58.78478780678818
2074,NGFS2023MESSAGE_FW,Global,Power,OilCap,price,$/MWh,58.78478780678818
2074,NGFS2023MESSAGE_CP,Global,Power,OilCap,price,$/MWh,58.78478780678818
2074,NGFS2023GCAM_NDC,Global,Power,CoalCap,price,$/MWh,68.37196452538345
2074,NGFS2023GCAM_FW,Global,Power,CoalCap,price,$/MWh,68.37196452538345
2074,NGFS2023GCAM_CP,Global,Power,CoalCap,price,$/MWh,68.37196452538345
2074,NGFS2023REMIND_NDC,Global,Power,CoalCap,price,$/MWh,68.37196452538345
2074,NGFS2023REMIND_FW,Global,Power,CoalCap,price,$/MWh,68.37196452538345
2074,NGFS2023REMIND_CP,Global,Power,CoalCap,price,$/MWh,68.37196452538345
2074,NGFS2023MESSAGE_NDC,Global,Power,CoalCap,price,$/MWh,68.37196452538345
2074,NGFS2023MESSAGE_FW,Global,Power,CoalCap,price,$/MWh,68.37196452538345
2074,NGFS2023MESSAGE_CP,Global,Power,CoalCap,price,$/MWh,68.37196452538345
2074,NGFS2023GCAM_NDC,Global,Power,GasCap,price,$/MWh,58.78478780678818
2074,NGFS2023GCAM_FW,Global,Power,GasCap,price,$/MWh,58.78478780678818
2074,NGFS2023GCAM_CP,Global,Power,GasCap,price,$/MWh,58.78478780678818
2074,NGFS2023REMIND_NDC,Global,Power,GasCap,price,$/MWh,58.78478780678818
2074,NGFS2023REMIND_FW,Global,Power,GasCap,price,$/MWh,58.78478780678818
2074,NGFS2023REMIND_CP,Global,Power,GasCap,price,$/MWh,58.78478780678818
2074,NGFS2023MESSAGE_NDC,Global,Power,GasCap,price,$/MWh,58.78478780678818
2074,NGFS2023MESSAGE_FW,Global,Power,GasCap,price,$/MWh,58.78478780678818
2074,NGFS2023MESSAGE_CP,Global,Power,GasCap,price,$/MWh,58.78478780678818
2074,NGFS2023GCAM_NDC,Global,Power,RenewablesCap,price,$/MWh,97.46445522986926
2074,NGFS2023GCAM_FW,Global,Power,RenewablesCap,price,$/MWh,97.46445522986926
2074,NGFS2023GCAM_CP,Global,Power,RenewablesCap,price,$/MWh,97.46445522986926
2074,NGFS2023REMIND_NDC,Global,Power,RenewablesCap,price,$/MWh,97.46445522986926
2074,NGFS2023REMIND_FW,Global,Power,RenewablesCap,price,$/MWh,97.46445522986926
2074,NGFS2023REMIND_CP,Global,Power,RenewablesCap,price,$/MWh,97.46445522986926
2074,NGFS2023MESSAGE_NDC,Global,Power,RenewablesCap,price,$/MWh,97.46445522986926
2074,NGFS2023MESSAGE_FW,Global,Power,RenewablesCap,price,$/MWh,97.46445522986926
2074,NGFS2023MESSAGE_CP,Global,Power,RenewablesCap,price,$/MWh,97.46445522986926
2074,NGFS2023GCAM_NDC,Global,Power,HydroCap,price,$/MWh,52.88135607909605
2074,NGFS2023GCAM_FW,Global,Power,HydroCap,price,$/MWh,52.88135607909605
2074,NGFS2023GCAM_CP,Global,Power,HydroCap,price,$/MWh,52.88135607909605
2074,NGFS2023REMIND_NDC,Global,Power,HydroCap,price,$/MWh,52.88135607909605
2074,NGFS2023REMIND_FW,Global,Power,HydroCap,price,$/MWh,52.88135607909605
2074,NGFS2023REMIND_CP,Global,Power,HydroCap,price,$/MWh,52.88135607909605
2074,NGFS2023MESSAGE_NDC,Global,Power,HydroCap,price,$/MWh,52.88135607909605
2074,NGFS2023MESSAGE_FW,Global,Power,HydroCap,price,$/MWh,52.88135607909605
2074,NGFS2023MESSAGE_CP,Global,Power,HydroCap,price,$/MWh,52.88135607909605
2074,NGFS2023GCAM_NDC,Global,Power,NuclearCap,price,$/MWh,101.69491553672316
2074,NGFS2023GCAM_FW,Global,Power,NuclearCap,price,$/MWh,101.69491553672316
2074,NGFS2023GCAM_CP,Global,Power,NuclearCap,price,$/MWh,101.69491553672316
2074,NGFS2023REMIND_NDC,Global,Power,NuclearCap,price,$/MWh,101.69491553672316
2074,NGFS2023REMIND_FW,Global,Power,NuclearCap,price,$/MWh,101.69491553672316
2074,NGFS2023REMIND_CP,Global,Power,NuclearCap,price,$/MWh,101.69491553672316
2074,NGFS2023MESSAGE_NDC,Global,Power,NuclearCap,price,$/MWh,101.69491553672316
2074,NGFS2023MESSAGE_FW,Global,Power,NuclearCap,price,$/MWh,101.69491553672316
2074,NGFS2023MESSAGE_CP,Global,Power,NuclearCap,price,$/MWh,101.69491553672316
2075,NGFS2023GCAM_NDC,Global,Power,OilCap,price,$/MWh,58.78382371602815
2075,NGFS2023GCAM_FW,Global,Power,OilCap,price,$/MWh,58.78382371602815
2075,NGFS2023GCAM_CP,Global,Power,OilCap,price,$/MWh,58.78382371602815
2075,NGFS2023REMIND_NDC,Global,Power,OilCap,price,$/MWh,58.78382371602815
2075,NGFS2023REMIND_FW,Global,Power,OilCap,price,$/MWh,58.78382371602815
2075,NGFS2023REMIND_CP,Global,Power,OilCap,price,$/MWh,58.78382371602815
2075,NGFS2023MESSAGE_NDC,Global,Power,OilCap,price,$/MWh,58.78382371602815
2075,NGFS2023MESSAGE_FW,Global,Power,OilCap,price,$/MWh,58.78382371602815
2075,NGFS2023MESSAGE_CP,Global,Power,OilCap,price,$/MWh,58.78382371602815
2075,NGFS2023GCAM_NDC,Global,Power,CoalCap,price,$/MWh,68.37589104940074
2075,NGFS2023GCAM_FW,Global,Power,CoalCap,price,$/MWh,68.37589104940074
2075,NGFS2023GCAM_CP,Global,Power,CoalCap,price,$/MWh,68.37589104940074
2075,NGFS2023REMIND_NDC,Global,Power,CoalCap,price,$/MWh,68.37589104940074
2075,NGFS2023REMIND_FW,Global,Power,CoalCap,price,$/MWh,68.37589104940074
2075,NGFS2023REMIND_CP,Global,Power,CoalCap,price,$/MWh,68.37589104940074
2075,NGFS2023MESSAGE_NDC,Global,Power,CoalCap,price,$/MWh,68.37589104940074
2075,NGFS2023MESSAGE_FW,Global,Power,CoalCap,price,$/MWh,68.37589104940074
2075,NGFS2023MESSAGE_CP,Global,Power,CoalCap,price,$/MWh,68.37589104940074
2075,NGFS2023GCAM_NDC,Global,Power,GasCap,price,$/MWh,58.78382371602815
2075,NGFS2023GCAM_FW,Global,Power,GasCap,price,$/MWh,58.78382371602815
2075,NGFS2023GCAM_CP,Global,Power,GasCap,price,$/MWh,58.78382371602815
2075,NGFS2023REMIND_NDC,Global,Power,GasCap,price,$/MWh,58.78382371602815
2075,NGFS2023REMIND_FW,Global,Power,GasCap,price,$/MWh,58.78382371602815
2075,NGFS2023REMIND_CP,Global,Power,GasCap,price,$/MWh,58.78382371602815
2075,NGFS2023MESSAGE_NDC,Global,Power,GasCap,price,$/MWh,58.78382371602815
2075,NGFS2023MESSAGE_FW,Global,Power,GasCap,price,$/MWh,58.78382371602815
2075,NGFS2023MESSAGE_CP,Global,Power,GasCap,price,$/MWh,58.78382371602815
2075,NGFS2023GCAM_NDC,Global,Power,RenewablesCap,price,$/MWh,97.93217654645002
2075,NGFS2023GCAM_FW,Global,Power,RenewablesCap,price,$/MWh,97.93217654645002
2075,NGFS2023GCAM_CP,Global,Power,RenewablesCap,price,$/MWh,97.93217654645002
2075,NGFS2023REMIND_NDC,Global,Power,RenewablesCap,price,$/MWh,97.93217654645002
2075,NGFS2023REMIND_FW,Global,Power,RenewablesCap,price,$/MWh,97.93217654645002
2075,NGFS2023REMIND_CP,Global,Power,RenewablesCap,price,$/MWh,97.93217654645002
2075,NGFS2023MESSAGE_NDC,Global,Power,RenewablesCap,price,$/MWh,97.93217654645002
2075,NGFS2023MESSAGE_FW,Global,Power,RenewablesCap,price,$/MWh,97.93217654645002
2075,NGFS2023MESSAGE_CP,Global,Power,RenewablesCap,price,$/MWh,97.93217654645002
2075,NGFS2023GCAM_NDC,Global,Power,HydroCap,price,$/MWh,52.88135607909605
2075,NGFS2023GCAM_FW,Global,Power,HydroCap,price,$/MWh,52.88135607909605
2075,NGFS2023GCAM_CP,Global,Power,HydroCap,price,$/MWh,52.88135607909605
2075,NGFS2023REMIND_NDC,Global,Power,HydroCap,price,$/MWh,52.88135607909605
2075,NGFS2023REMIND_FW,Global,Power,HydroCap,price,$/MWh,52.88135607909605
2075,NGFS2023REMIND_CP,Global,Power,HydroCap,price,$/MWh,52.88135607909605
2075,NGFS2023MESSAGE_NDC,Global,Power,HydroCap,price,$/MWh,52.88135607909605
2075,NGFS2023MESSAGE_FW,Global,Power,HydroCap,price,$/MWh,52.88135607909605
2075,NGFS2023MESSAGE_CP,Global,Power,HydroCap,price,$/MWh,52.88135607909605
2075,NGFS2023GCAM_NDC,Global,Power,NuclearCap,price,$/MWh,101.69491553672316
2075,NGFS2023GCAM_FW,Global,Power,NuclearCap,price,$/MWh,101.69491553672316
2075,NGFS2023GCAM_CP,Global,Power,NuclearCap,price,$/MWh,101.69491553672316
2075,NGFS2023REMIND_NDC,Global,Power,NuclearCap,price,$/MWh,101.69491553672316
2075,NGFS2023REMIND_FW,Global,Power,NuclearCap,price,$/MWh,101.69491553672316
2075,NGFS2023REMIND_CP,Global,Power,NuclearCap,price,$/MWh,101.69491553672316
2075,NGFS2023MESSAGE_NDC,Global,Power,NuclearCap,price,$/MWh,101.69491553672316
2075,NGFS2023MESSAGE_FW,Global,Power,NuclearCap,price,$/MWh,101.69491553672316
2075,NGFS2023MESSAGE_CP,Global,Power,NuclearCap,price,$/MWh,101.69491553672316
2076,NGFS2023GCAM_NDC,Global,Power,OilCap,price,$/MWh,58.78285962526813
2076,NGFS2023GCAM_FW,Global,Power,OilCap,price,$/MWh,58.78285962526813
2076,NGFS2023GCAM_CP,Global,Power,OilCap,price,$/MWh,58.78285962526813
2076,NGFS2023REMIND_NDC,Global,Power,OilCap,price,$/MWh,58.78285962526813
2076,NGFS2023REMIND_FW,Global,Power,OilCap,price,$/MWh,58.78285962526813
2076,NGFS2023REMIND_CP,Global,Power,OilCap,price,$/MWh,58.78285962526813
2076,NGFS2023MESSAGE_NDC,Global,Power,OilCap,price,$/MWh,58.78285962526813
2076,NGFS2023MESSAGE_FW,Global,Power,OilCap,price,$/MWh,58.78285962526813
2076,NGFS2023MESSAGE_CP,Global,Power,OilCap,price,$/MWh,58.78285962526813
2076,NGFS2023GCAM_NDC,Global,Power,CoalCap,price,$/MWh,68.37981757341802
2076,NGFS2023GCAM_FW,Global,Power,CoalCap,price,$/MWh,68.37981757341802
2076,NGFS2023GCAM_CP,Global,Power,CoalCap,price,$/MWh,68.37981757341802
2076,NGFS2023REMIND_NDC,Global,Power,CoalCap,price,$/MWh,68.37981757341802
2076,NGFS2023REMIND_FW,Global,Power,CoalCap,price,$/MWh,68.37981757341802
2076,NGFS2023REMIND_CP,Global,Power,CoalCap,price,$/MWh,68.37981757341802
2076,NGFS2023MESSAGE_NDC,Global,Power,CoalCap,price,$/MWh,68.37981757341802
2076,NGFS2023MESSAGE_FW,Global,Power,CoalCap,price,$/MWh,68.37981757341802
2076,NGFS2023MESSAGE_CP,Global,Power,CoalCap,price,$/MWh,68.37981757341802
2076,NGFS2023GCAM_NDC,Global,Power,GasCap,price,$/MWh,58.78285962526813
2076,NGFS2023GCAM_FW,Global,Power,GasCap,price,$/MWh,58.78285962526813
2076,NGFS2023GCAM_CP,Global,Power,GasCap,price,$/MWh,58.78285962526813
2076,NGFS2023REMIND_NDC,Global,Power,GasCap,price,$/MWh,58.78285962526813
2076,NGFS2023REMIND_FW,Global,Power,GasCap,price,$/MWh,58.78285962526813
2076,NGFS2023REMIND_CP,Global,Power,GasCap,price,$/MWh,58.78285962526813
2076,NGFS2023MESSAGE_NDC,Global,Power,GasCap,price,$/MWh,58.78285962526813
2076,NGFS2023MESSAGE_FW,Global,Power,GasCap,price,$/MWh,58.78285962526813
2076,NGFS2023MESSAGE_CP,Global,Power,GasCap,price,$/MWh,58.78285962526813
2076,NGFS2023GCAM_NDC,Global,Power,RenewablesCap,price,$/MWh,98.39989786303067
2076,NGFS2023GCAM_FW,Global,Power,RenewablesCap,price,$/MWh,98.39989786303067
2076,NGFS2023GCAM_CP,Global,Power,RenewablesCap,price,$/MWh,98.39989786303067
2076,NGFS2023REMIND_NDC,Global,Power,RenewablesCap,price,$/MWh,98.39989786303067
2076,NGFS2023REMIND_FW,Global,Power,RenewablesCap,price,$/MWh,98.39989786303067
2076,NGFS2023REMIND_CP,Global,Power,RenewablesCap,price,$/MWh,98.39989786303067
2076,NGFS2023MESSAGE_NDC,Global,Power,RenewablesCap,price,$/MWh,98.39989786303067
2076,NGFS2023MESSAGE_FW,Global,Power,RenewablesCap,price,$/MWh,98.39989786303067
2076,NGFS2023MESSAGE_CP,Global,Power,RenewablesCap,price,$/MWh,98.39989786303067
2076,NGFS2023GCAM_NDC,Global,Power,HydroCap,price,$/MWh,52.88135607909605
2076,NGFS2023GCAM_FW,Global,Power,HydroCap,price,$/MWh,52.88135607909605
2076,NGFS2023GCAM_CP,Global,Power,HydroCap,price,$/MWh,52.88135607909605
2076,NGFS2023REMIND_NDC,Global,Power,HydroCap,price,$/MWh,52.88135607909605
2076,NGFS2023REMIND_FW,Global,Power,HydroCap,price,$/MWh,52.88135607909605
2076,NGFS2023REMIND_CP,Global,Power,HydroCap,price,$/MWh,52.88135607909605
2076,NGFS2023MESSAGE_NDC,Global,Power,HydroCap,price,$/MWh,52.88135607909605
2076,NGFS2023MESSAGE_FW,Global,Power,HydroCap,price,$/MWh,52.88135607909605
2076,NGFS2023MESSAGE_CP,Global,Power,HydroCap,price,$/MWh,52.88135607909605
2076,NGFS2023GCAM_NDC,Global,Power,NuclearCap,price,$/MWh,101.69491553672316
2076,NGFS2023GCAM_FW,Global,Power,NuclearCap,price,$/MWh,101.69491553672316
2076,NGFS2023GCAM_CP,Global,Power,NuclearCap,price,$/MWh,101.69491553672316
2076,NGFS2023REMIND_NDC,Global,Power,NuclearCap,price,$/MWh,101.69491553672316
2076,NGFS2023REMIND_FW,Global,Power,NuclearCap,price,$/MWh,101.69491553672316
2076,NGFS2023REMIND_CP,Global,Power,NuclearCap,price,$/MWh,101.69491553672316
2076,NGFS2023MESSAGE_NDC,Global,Power,NuclearCap,price,$/MWh,101.69491553672316
2076,NGFS2023MESSAGE_FW,Global,Power,NuclearCap,price,$/MWh,101.69491553672316
2076,NGFS2023MESSAGE_CP,Global,Power,NuclearCap,price,$/MWh,101.69491553672316
2077,NGFS2023GCAM_NDC,Global,Power,OilCap,price,$/MWh,58.7818955345081
2077,NGFS2023GCAM_FW,Global,Power,OilCap,price,$/MWh,58.7818955345081
2077,NGFS2023GCAM_CP,Global,Power,OilCap,price,$/MWh,58.7818955345081
2077,NGFS2023REMIND_NDC,Global,Power,OilCap,price,$/MWh,58.7818955345081
2077,NGFS2023REMIND_FW,Global,Power,OilCap,price,$/MWh,58.7818955345081
2077,NGFS2023REMIND_CP,Global,Power,OilCap,price,$/MWh,58.7818955345081
2077,NGFS2023MESSAGE_NDC,Global,Power,OilCap,price,$/MWh,58.7818955345081
2077,NGFS2023MESSAGE_FW,Global,Power,OilCap,price,$/MWh,58.7818955345081
2077,NGFS2023MESSAGE_CP,Global,Power,OilCap,price,$/MWh,58.7818955345081
2077,NGFS2023GCAM_NDC,Global,Power,CoalCap,price,$/MWh,68.3837440974353
2077,NGFS2023GCAM_FW,Global,Power,CoalCap,price,$/MWh,68.3837440974353
2077,NGFS2023GCAM_CP,Global,Power,CoalCap,price,$/MWh,68.3837440974353
2077,NGFS2023REMIND_NDC,Global,Power,CoalCap,price,$/MWh,68.3837440974353
2077,NGFS2023REMIND_FW,Global,Power,CoalCap,price,$/MWh,68.3837440974353
2077,NGFS2023REMIND_CP,Global,Power,CoalCap,price,$/MWh,68.3837440974353
2077,NGFS2023MESSAGE_NDC,Global,Power,CoalCap,price,$/MWh,68.3837440974353
2077,NGFS2023MESSAGE_FW,Global,Power,CoalCap,price,$/MWh,68.3837440974353
2077,NGFS2023MESSAGE_CP,Global,Power,CoalCap,price,$/MWh,68.3837440974353
2077,NGFS2023GCAM_NDC,Global,Power,GasCap,price,$/MWh,58.7818955345081
2077,NGFS2023GCAM_FW,Global,Power,GasCap,price,$/MWh,58.7818955345081
2077,NGFS2023GCAM_CP,Global,Power,GasCap,price,$/MWh,58.7818955345081
2077,NGFS2023REMIND_NDC,Global,Power,GasCap,price,$/MWh,58.7818955345081
2077,NGFS2023REMIND_FW,Global,Power,GasCap,price,$/MWh,58.7818955345081
2077,NGFS2023REMIND_CP,Global,Power,GasCap,price,$/MWh,58.7818955345081
2077,NGFS2023MESSAGE_NDC,Global,Power,GasCap,price,$/MWh,58.7818955345081
2077,NGFS2023MESSAGE_FW,Global,Power,GasCap,price,$/MWh,58.7818955345081
2077,NGFS2023MESSAGE_CP,Global,Power,GasCap,price,$/MWh,58.7818955345081
2077,NGFS2023GCAM_NDC,Global,Power,RenewablesCap,price,$/MWh,98.86761917961144
2077,NGFS2023GCAM_FW,Global,Power,RenewablesCap,price,$/MWh,98.86761917961144
2077,NGFS2023GCAM_CP,Global,Power,RenewablesCap,price,$/MWh,98.86761917961144
2077,NGFS2023REMIND_NDC,Global,Power,RenewablesCap,price,$/MWh,98.86761917961144
2077,NGFS2023REMIND_FW,Global,Power,RenewablesCap,price,$/MWh,98.86761917961144
2077,NGFS2023REMIND_CP,Global,Power,RenewablesCap,price,$/MWh,98.86761917961144
2077,NGFS2023MESSAGE_NDC,Global,Power,RenewablesCap,price,$/MWh,98.86761917961144
2077,NGFS2023MESSAGE_FW,Global,Power,RenewablesCap,price,$/MWh,98.86761917961144
2077,NGFS2023MESSAGE_CP,Global,Power,RenewablesCap,price,$/MWh,98.86761917961144
2077,NGFS2023GCAM_NDC,Global,Power,HydroCap,price,$/MWh,52.88135607909605
2077,NGFS2023GCAM_FW,Global,Power,HydroCap,price,$/MWh,52.88135607909605
2077,NGFS2023GCAM_CP,Global,Power,HydroCap,price,$/MWh,52.88135607909605
2077,NGFS2023REMIND_NDC,Global,Power,HydroCap,price,$/MWh,52.88135607909605
2077,NGFS2023REMIND_FW,Global,Power,HydroCap,price,$/MWh,52.88135607909605
2077,NGFS2023REMIND_CP,Global,Power,HydroCap,price,$/MWh,52.88135607909605
2077,NGFS2023MESSAGE_NDC,Global,Power,HydroCap,price,$/MWh,52.88135607909605
2077,NGFS2023MESSAGE_FW,Global,Power,HydroCap,price,$/MWh,52.88135607909605
2077,NGFS2023MESSAGE_CP,Global,Power,HydroCap,price,$/MWh,52.88135607909605
2077,NGFS2023GCAM_NDC,Global,Power,NuclearCap,price,$/MWh,101.69491553672316
2077,NGFS2023GCAM_FW,Global,Power,NuclearCap,price,$/MWh,101.69491553672316
2077,NGFS2023GCAM_CP,Global,Power,NuclearCap,price,$/MWh,101.69491553672316
2077,NGFS2023REMIND_NDC,Global,Power,NuclearCap,price,$/MWh,101.69491553672316
2077,NGFS2023REMIND_FW,Global,Power,NuclearCap,price,$/MWh,101.69491553672316
2077,NGFS2023REMIND_CP,Global,Power,NuclearCap,price,$/MWh,101.69491553672316
2077,NGFS2023MESSAGE_NDC,Global,Power,NuclearCap,price,$/MWh,101.69491553672316
2077,NGFS2023MESSAGE_FW,Global,Power,NuclearCap,price,$/MWh,101.69491553672316
2077,NGFS2023MESSAGE_CP,Global,Power,NuclearCap,price,$/MWh,101.69491553672316
2078,NGFS2023GCAM_NDC,Global,Power,OilCap,price,$/MWh,58.780931443748074
2078,NGFS2023GCAM_FW,Global,Power,OilCap,price,$/MWh,58.780931443748074
2078,NGFS2023GCAM_CP,Global,Power,OilCap,price,$/MWh,58.780931443748074
2078,NGFS2023REMIND_NDC,Global,Power,OilCap,price,$/MWh,58.780931443748074
2078,NGFS2023REMIND_FW,Global,Power,OilCap,price,$/MWh,58.780931443748074
2078,NGFS2023REMIND_CP,Global,Power,OilCap,price,$/MWh,58.780931443748074
2078,NGFS2023MESSAGE_NDC,Global,Power,OilCap,price,$/MWh,58.780931443748074
2078,NGFS2023MESSAGE_FW,Global,Power,OilCap,price,$/MWh,58.780931443748074
2078,NGFS2023MESSAGE_CP,Global,Power,OilCap,price,$/MWh,58.780931443748074
2078,NGFS2023GCAM_NDC,Global,Power,CoalCap,price,$/MWh,68.38767062145259
2078,NGFS2023GCAM_FW,Global,Power,CoalCap,price,$/MWh,68.38767062145259
2078,NGFS2023GCAM_CP,Global,Power,CoalCap,price,$/MWh,68.38767062145259
2078,NGFS2023REMIND_NDC,Global,Power,CoalCap,price,$/MWh,68.38767062145259
2078,NGFS2023REMIND_FW,Global,Power,CoalCap,price,$/MWh,68.38767062145259
2078,NGFS2023REMIND_CP,Global,Power,CoalCap,price,$/MWh,68.38767062145259
2078,NGFS2023MESSAGE_NDC,Global,Power,CoalCap,price,$/MWh,68.38767062145259
2078,NGFS2023MESSAGE_FW,Global,Power,CoalCap,price,$/MWh,68.38767062145259
2078,NGFS2023MESSAGE_CP,Global,Power,CoalCap,price,$/MWh,68.38767062145259
2078,NGFS2023GCAM_NDC,Global,Power,GasCap,price,$/MWh,58.780931443748074
2078,NGFS2023GCAM_FW,Global,Power,GasCap,price,$/MWh,58.780931443748074
2078,NGFS2023GCAM_CP,Global,Power,GasCap,price,$/MWh,58.780931443748074
2078,NGFS2023REMIND_NDC,Global,Power,GasCap,price,$/MWh,58.780931443748074
2078,NGFS2023REMIND_FW,Global,Power,GasCap,price,$/MWh,58.780931443748074
2078,NGFS2023REMIND_CP,Global,Power,GasCap,price,$/MWh,58.780931443748074
2078,NGFS2023MESSAGE_NDC,Global,Power,GasCap,price,$/MWh,58.780931443748074
2078,NGFS2023MESSAGE_FW,Global,Power,GasCap,price,$/MWh,58.780931443748074
2078,NGFS2023MESSAGE_CP,Global,Power,GasCap,price,$/MWh,58.780931443748074
2078,NGFS2023GCAM_NDC,Global,Power,RenewablesCap,price,$/MWh,99.33534049619207
2078,NGFS2023GCAM_FW,Global,Power,RenewablesCap,price,$/MWh,99.33534049619207
2078,NGFS2023GCAM_CP,Global,Power,RenewablesCap,price,$/MWh,99.33534049619207
2078,NGFS2023REMIND_NDC,Global,Power,RenewablesCap,price,$/MWh,99.33534049619207
2078,NGFS2023REMIND_FW,Global,Power,RenewablesCap,price,$/MWh,99.33534049619207
2078,NGFS2023REMIND_CP,Global,Power,RenewablesCap,price,$/MWh,99.33534049619207
2078,NGFS2023MESSAGE_NDC,Global,Power,RenewablesCap,price,$/MWh,99.33534049619207
2078,NGFS2023MESSAGE_FW,Global,Power,RenewablesCap,price,$/MWh,99.33534049619207
2078,NGFS2023MESSAGE_CP,Global,Power,RenewablesCap,price,$/MWh,99.33534049619207
2078,NGFS2023GCAM_NDC,Global,Power,HydroCap,price,$/MWh,52.88135607909605
2078,NGFS2023GCAM_FW,Global,Power,HydroCap,price,$/MWh,52.88135607909605
2078,NGFS2023GCAM_CP,Global,Power,HydroCap,price,$/MWh,52.88135607909605
2078,NGFS2023REMIND_NDC,Global,Power,HydroCap,price,$/MWh,52.88135607909605
2078,NGFS2023REMIND_FW,Global,Power,HydroCap,price,$/MWh,52.88135607909605
2078,NGFS2023REMIND_CP,Global,Power,HydroCap,price,$/MWh,52.88135607909605
2078,NGFS2023MESSAGE_NDC,Global,Power,HydroCap,price,$/MWh,52.88135607909605
2078,NGFS2023MESSAGE_FW,Global,Power,HydroCap,price,$/MWh,52.88135607909605
2078,NGFS2023MESSAGE_CP,Global,Power,HydroCap,price,$/MWh,52.88135607909605
2078,NGFS2023GCAM_NDC,Global,Power,NuclearCap,price,$/MWh,101.69491553672316
2078,NGFS2023GCAM_FW,Global,Power,NuclearCap,price,$/MWh,101.69491553672316
2078,NGFS2023GCAM_CP,Global,Power,NuclearCap,price,$/MWh,101.69491553672316
2078,NGFS2023REMIND_NDC,Global,Power,NuclearCap,price,$/MWh,101.69491553672316
2078,NGFS2023REMIND_FW,Global,Power,NuclearCap,price,$/MWh,101.69491553672316
2078,NGFS2023REMIND_CP,Global,Power,NuclearCap,price,$/MWh,101.69491553672316
2078,NGFS2023MESSAGE_NDC,Global,Power,NuclearCap,price,$/MWh,101.69491553672316
2078,NGFS2023MESSAGE_FW,Global,Power,NuclearCap,price,$/MWh,101.69491553672316
2078,NGFS2023MESSAGE_CP,Global,Power,NuclearCap,price,$/MWh,101.69491553672316
2079,NGFS2023GCAM_NDC,Global,Power,OilCap,price,$/MWh,58.779967352988045
2079,NGFS2023GCAM_FW,Global,Power,OilCap,price,$/MWh,58.779967352988045
2079,NGFS2023GCAM_CP,Global,Power,OilCap,price,$/MWh,58.779967352988045
2079,NGFS2023REMIND_NDC,Global,Power,OilCap,price,$/MWh,58.779967352988045
2079,NGFS2023REMIND_FW,Global,Power,OilCap,price,$/MWh,58.779967352988045
2079,NGFS2023REMIND_CP,Global,Power,OilCap,price,$/MWh,58.779967352988045
2079,NGFS2023MESSAGE_NDC,Global,Power,OilCap,price,$/MWh,58.779967352988045
2079,NGFS2023MESSAGE_FW,Global,Power,OilCap,price,$/MWh,58.779967352988045
2079,NGFS2023MESSAGE_CP,Global,Power,OilCap,price,$/MWh,58.779967352988045
2079,NGFS2023GCAM_NDC,Global,Power,CoalCap,price,$/MWh,68.39159714546987
2079,NGFS2023GCAM_FW,Global,Power,CoalCap,price,$/MWh,68.39159714546987
2079,NGFS2023GCAM_CP,Global,Power,CoalCap,price,$/MWh,68.39159714546987
2079,NGFS2023REMIND_NDC,Global,Power,CoalCap,price,$/MWh,68.39159714546987
2079,NGFS2023REMIND_FW,Global,Power,CoalCap,price,$/MWh,68.39159714546987
2079,NGFS2023REMIND_CP,Global,Power,CoalCap,price,$/MWh,68.39159714546987
2079,NGFS2023MESSAGE_NDC,Global,Power,CoalCap,price,$/MWh,68.39159714546987
2079,NGFS2023MESSAGE_FW,Global,Power,CoalCap,price,$/MWh,68.39159714546987
2079,NGFS2023MESSAGE_CP,Global,Power,CoalCap,price,$/MWh,68.39159714546987
2079,NGFS2023GCAM_NDC,Global,Power,GasCap,price,$/MWh,58.779967352988045
2079,NGFS2023GCAM_FW,Global,Power,GasCap,price,$/MWh,58.779967352988045
2079,NGFS2023GCAM_CP,Global,Power,GasCap,price,$/MWh,58.779967352988045
2079,NGFS2023REMIND_NDC,Global,Power,GasCap,price,$/MWh,58.779967352988045
2079,NGFS2023REMIND_FW,Global,Power,GasCap,price,$/MWh,58.779967352988045
2079,NGFS2023REMIND_CP,Global,Power,GasCap,price,$/MWh,58.779967352988045
2079,NGFS2023MESSAGE_NDC,Global,Power,GasCap,price,$/MWh,58.779967352988045
2079,NGFS2023MESSAGE_FW,Global,Power,GasCap,price,$/MWh,58.779967352988045
2079,NGFS2023MESSAGE_CP,Global,Power,GasCap,price,$/MWh,58.779967352988045
2079,NGFS2023GCAM_NDC,Global,Power,RenewablesCap,price,$/MWh,99.80306181277274
2079,NGFS2023GCAM_FW,Global,Power,RenewablesCap,price,$/MWh,99.80306181277274
2079,NGFS2023GCAM_CP,Global,Power,RenewablesCap,price,$/MWh,99.80306181277274
2079,NGFS2023REMIND_NDC,Global,Power,RenewablesCap,price,$/MWh,99.80306181277274
2079,NGFS2023REMIND_FW,Global,Power,RenewablesCap,price,$/MWh,99.80306181277274
2079,NGFS2023REMIND_CP,Global,Power,RenewablesCap,price,$/MWh,99.80306181277274
2079,NGFS2023MESSAGE_NDC,Global,Power,RenewablesCap,price,$/MWh,99.80306181277274
2079,NGFS2023MESSAGE_FW,Global,Power,RenewablesCap,price,$/MWh,99.80306181277274
2079,NGFS2023MESSAGE_CP,Global,Power,RenewablesCap,price,$/MWh,99.80306181277274
2079,NGFS2023GCAM_NDC,Global,Power,HydroCap,price,$/MWh,52.88135607909605
2079,NGFS2023GCAM_FW,Global,Power,HydroCap,price,$/MWh,52.88135607909605
2079,NGFS2023GCAM_CP,Global,Power,HydroCap,price,$/MWh,52.88135607909605
2079,NGFS2023REMIND_NDC,Global,Power,HydroCap,price,$/MWh,52.88135607909605
2079,NGFS2023REMIND_FW,Global,Power,HydroCap,price,$/MWh,52.88135607909605
2079,NGFS2023REMIND_CP,Global,Power,HydroCap,price,$/MWh,52.88135607909605
2079,NGFS2023MESSAGE_NDC,Global,Power,HydroCap,price,$/MWh,52.88135607909605
2079,NGFS2023MESSAGE_FW,Global,Power,HydroCap,price,$/MWh,52.88135607909605
2079,NGFS2023MESSAGE_CP,Global,Power,HydroCap,price,$/MWh,52.88135607909605
2079,NGFS2023GCAM_NDC,Global,Power,NuclearCap,price,$/MWh,101.69491553672316
2079,NGFS2023GCAM_FW,Global,Power,NuclearCap,price,$/MWh,101.69491553672316
2079,NGFS2023GCAM_CP,Global,Power,NuclearCap,price,$/MWh,101.69491553672316
2079,NGFS2023REMIND_NDC,Global,Power,NuclearCap,price,$/MWh,101.69491553672316
2079,NGFS2023REMIND_FW,Global,Power,NuclearCap,price,$/MWh,101.69491553672316
2079,NGFS2023REMIND_CP,Global,Power,NuclearCap,price,$/MWh,101.69491553672316
2079,NGFS2023MESSAGE_NDC,Global,Power,NuclearCap,price,$/MWh,101.69491553672316
2079,NGFS2023MESSAGE_FW,Global,Power,NuclearCap,price,$/MWh,101.69491553672316
2079,NGFS2023MESSAGE_CP,Global,Power,NuclearCap,price,$/MWh,101.69491553672316
2080,NGFS2023GCAM_NDC,Global,Power,OilCap,price,$/MWh,58.779003262228024
2080,NGFS2023GCAM_FW,Global,Power,OilCap,price,$/MWh,58.779003262228024
2080,NGFS2023GCAM_CP,Global,Power,OilCap,price,$/MWh,58.779003262228024
2080,NGFS2023REMIND_NDC,Global,Power,OilCap,price,$/MWh,58.779003262228024
2080,NGFS2023REMIND_FW,Global,Power,OilCap,price,$/MWh,58.779003262228024
2080,NGFS2023REMIND_CP,Global,Power,OilCap,price,$/MWh,58.779003262228024
2080,NGFS2023MESSAGE_NDC,Global,Power,OilCap,price,$/MWh,58.779003262228024
2080,NGFS2023MESSAGE_FW,Global,Power,OilCap,price,$/MWh,58.779003262228024
2080,NGFS2023MESSAGE_CP,Global,Power,OilCap,price,$/MWh,58.779003262228024
2080,NGFS2023GCAM_NDC,Global,Power,CoalCap,price,$/MWh,68.39552366948716
2080,NGFS2023GCAM_FW,Global,Power,CoalCap,price,$/MWh,68.39552366948716
2080,NGFS2023GCAM_CP,Global,Power,CoalCap,price,$/MWh,68.39552366948716
2080,NGFS2023REMIND_NDC,Global,Power,CoalCap,price,$/MWh,68.39552366948716
2080,NGFS2023REMIND_FW,Global,Power,CoalCap,price,$/MWh,68.39552366948716
2080,NGFS2023REMIND_CP,Global,Power,CoalCap,price,$/MWh,68.39552366948716
2080,NGFS2023MESSAGE_NDC,Global,Power,CoalCap,price,$/MWh,68.39552366948716
2080,NGFS2023MESSAGE_FW,Global,Power,CoalCap,price,$/MWh,68.39552366948716
2080,NGFS2023MESSAGE_CP,Global,Power,CoalCap,price,$/MWh,68.39552366948716
2080,NGFS2023GCAM_NDC,Global,Power,GasCap,price,$/MWh,58.779003262228024
2080,NGFS2023GCAM_FW,Global,Power,GasCap,price,$/MWh,58.779003262228024
2080,NGFS2023GCAM_CP,Global,Power,GasCap,price,$/MWh,58.779003262228024
2080,NGFS2023REMIND_NDC,Global,Power,GasCap,price,$/MWh,58.779003262228024
2080,NGFS2023REMIND_FW,Global,Power,GasCap,price,$/MWh,58.779003262228024
2080,NGFS2023REMIND_CP,Global,Power,GasCap,price,$/MWh,58.779003262228024
2080,NGFS2023MESSAGE_NDC,Global,Power,GasCap,price,$/MWh,58.779003262228024
2080,NGFS2023MESSAGE_FW,Global,Power,GasCap,price,$/MWh,58.779003262228024
2080,NGFS2023MESSAGE_CP,Global,Power,GasCap,price,$/MWh,58.779003262228024
2080,NGFS2023GCAM_NDC,Global,Power,RenewablesCap,price,$/MWh,100.2707831293535
2080,NGFS2023GCAM_FW,Global,Power,RenewablesCap,price,$/MWh,100.2707831293535
2080,NGFS2023GCAM_CP,Global,Power,RenewablesCap,price,$/MWh,100.2707831293535
2080,NGFS2023REMIND_NDC,Global,Power,RenewablesCap,price,$/MWh,100.2707831293535
2080,NGFS2023REMIND_FW,Global,Power,RenewablesCap,price,$/MWh,100.2707831293535
2080,NGFS2023REMIND_CP,Global,Power,RenewablesCap,price,$/MWh,100.2707831293535
2080,NGFS2023MESSAGE_NDC,Global,Power,RenewablesCap,price,$/MWh,100.2707831293535
2080,NGFS2023MESSAGE_FW,Global,Power,RenewablesCap,price,$/MWh,100.2707831293535
2080,NGFS2023MESSAGE_CP,Global,Power,RenewablesCap,price,$/MWh,100.2707831293535
2080,NGFS2023GCAM_NDC,Global,Power,HydroCap,price,$/MWh,52.88135607909605
2080,NGFS2023GCAM_FW,Global,Power,HydroCap,price,$/MWh,52.88135607909605
2080,NGFS2023GCAM_CP,Global,Power,HydroCap,price,$/MWh,52.88135607909605
2080,NGFS2023REMIND_NDC,Global,Power,HydroCap,price,$/MWh,52.88135607909605
2080,NGFS2023REMIND_FW,Global,Power,HydroCap,price,$/MWh,52.88135607909605
2080,NGFS2023REMIND_CP,Global,Power,HydroCap,price,$/MWh,52.88135607909605
2080,NGFS2023MESSAGE_NDC,Global,Power,HydroCap,price,$/MWh,52.88135607909605
2080,NGFS2023MESSAGE_FW,Global,Power,HydroCap,price,$/MWh,52.88135607909605
2080,NGFS2023MESSAGE_CP,Global,Power,HydroCap,price,$/MWh,52.88135607909605
2080,NGFS2023GCAM_NDC,Global,Power,NuclearCap,price,$/MWh,101.69491553672316
2080,NGFS2023GCAM_FW,Global,Power,NuclearCap,price,$/MWh,101.69491553672316
2080,NGFS2023GCAM_CP,Global,Power,NuclearCap,price,$/MWh,101.69491553672316
2080,NGFS2023REMIND_NDC,Global,Power,NuclearCap,price,$/MWh,101.69491553672316
2080,NGFS2023REMIND_FW,Global,Power,NuclearCap,price,$/MWh,101.69491553672316
2080,NGFS2023REMIND_CP,Global,Power,NuclearCap,price,$/MWh,101.69491553672316
2080,NGFS2023MESSAGE_NDC,Global,Power,NuclearCap,price,$/MWh,101.69491553672316
2080,NGFS2023MESSAGE_FW,Global,Power,NuclearCap,price,$/MWh,101.69491553672316
2080,NGFS2023MESSAGE_CP,Global,Power,NuclearCap,price,$/MWh,101.69491553672316
2081,NGFS2023GCAM_NDC,Global,Power,OilCap,price,$/MWh,58.778039171467995
2081,NGFS2023GCAM_FW,Global,Power,OilCap,price,$/MWh,58.778039171467995
2081,NGFS2023GCAM_CP,Global,Power,OilCap,price,$/MWh,58.778039171467995
2081,NGFS2023REMIND_NDC,Global,Power,OilCap,price,$/MWh,58.778039171467995
2081,NGFS2023REMIND_FW,Global,Power,OilCap,price,$/MWh,58.778039171467995
2081,NGFS2023REMIND_CP,Global,Power,OilCap,price,$/MWh,58.778039171467995
2081,NGFS2023MESSAGE_NDC,Global,Power,OilCap,price,$/MWh,58.778039171467995
2081,NGFS2023MESSAGE_FW,Global,Power,OilCap,price,$/MWh,58.778039171467995
2081,NGFS2023MESSAGE_CP,Global,Power,OilCap,price,$/MWh,58.778039171467995
2081,NGFS2023GCAM_NDC,Global,Power,CoalCap,price,$/MWh,68.39945019350444
2081,NGFS2023GCAM_FW,Global,Power,CoalCap,price,$/MWh,68.39945019350444
2081,NGFS2023GCAM_CP,Global,Power,CoalCap,price,$/MWh,68.39945019350444
2081,NGFS2023REMIND_NDC,Global,Power,CoalCap,price,$/MWh,68.39945019350444
2081,NGFS2023REMIND_FW,Global,Power,CoalCap,price,$/MWh,68.39945019350444
2081,NGFS2023REMIND_CP,Global,Power,CoalCap,price,$/MWh,68.39945019350444
2081,NGFS2023MESSAGE_NDC,Global,Power,CoalCap,price,$/MWh,68.39945019350444
2081,NGFS2023MESSAGE_FW,Global,Power,CoalCap,price,$/MWh,68.39945019350444
2081,NGFS2023MESSAGE_CP,Global,Power,CoalCap,price,$/MWh,68.39945019350444
2081,NGFS2023GCAM_NDC,Global,Power,GasCap,price,$/MWh,58.778039171467995
2081,NGFS2023GCAM_FW,Global,Power,GasCap,price,$/MWh,58.778039171467995
2081,NGFS2023GCAM_CP,Global,Power,GasCap,price,$/MWh,58.778039171467995
2081,NGFS2023REMIND_NDC,Global,Power,GasCap,price,$/MWh,58.778039171467995
2081,NGFS2023REMIND_FW,Global,Power,GasCap,price,$/MWh,58.778039171467995
2081,NGFS2023REMIND_CP,Global,Power,GasCap,price,$/MWh,58.778039171467995
2081,NGFS2023MESSAGE_NDC,Global,Power,GasCap,price,$/MWh,58.778039171467995
2081,NGFS2023MESSAGE_FW,Global,Power,GasCap,price,$/MWh,58.778039171467995
2081,NGFS2023MESSAGE_CP,Global,Power,GasCap,price,$/MWh,58.778039171467995
2081,NGFS2023GCAM_NDC,Global,Power,RenewablesCap,price,$/MWh,100.73850444593415
2081,NGFS2023GCAM_FW,Global,Power,RenewablesCap,price,$/MWh,100.73850444593415
2081,NGFS2023GCAM_CP,Global,Power,RenewablesCap,price,$/MWh,100.73850444593415
2081,NGFS2023REMIND_NDC,Global,Power,RenewablesCap,price,$/MWh,100.73850444593415
2081,NGFS2023REMIND_FW,Global,Power,RenewablesCap,price,$/MWh,100.73850444593415
2081,NGFS2023REMIND_CP,Global,Power,RenewablesCap,price,$/MWh,100.73850444593415
2081,NGFS2023MESSAGE_NDC,Global,Power,RenewablesCap,price,$/MWh,100.73850444593415
2081,NGFS2023MESSAGE_FW,Global,Power,RenewablesCap,price,$/MWh,100.73850444593415
2081,NGFS2023MESSAGE_CP,Global,Power,RenewablesCap,price,$/MWh,100.73850444593415
2081,NGFS2023GCAM_NDC,Global,Power,HydroCap,price,$/MWh,52.88135607909605
2081,NGFS2023GCAM_FW,Global,Power,HydroCap,price,$/MWh,52.88135607909605
2081,NGFS2023GCAM_CP,Global,Power,HydroCap,price,$/MWh,52.88135607909605
2081,NGFS2023REMIND_NDC,Global,Power,HydroCap,price,$/MWh,52.88135607909605
2081,NGFS2023REMIND_FW,Global,Power,HydroCap,price,$/MWh,52.88135607909605
2081,NGFS2023REMIND_CP,Global,Power,HydroCap,price,$/MWh,52.88135607909605
2081,NGFS2023MESSAGE_NDC,Global,Power,HydroCap,price,$/MWh,52.88135607909605
2081,NGFS2023MESSAGE_FW,Global,Power,HydroCap,price,$/MWh,52.88135607909605
2081,NGFS2023MESSAGE_CP,Global,Power,HydroCap,price,$/MWh,52.88135607909605
2081,NGFS2023GCAM_NDC,Global,Power,NuclearCap,price,$/MWh,101.69491553672316
2081,NGFS2023GCAM_FW,Global,Power,NuclearCap,price,$/MWh,101.69491553672316
2081,NGFS2023GCAM_CP,Global,Power,NuclearCap,price,$/MWh,101.69491553672316
2081,NGFS2023REMIND_NDC,Global,Power,NuclearCap,price,$/MWh,101.69491553672316
2081,NGFS2023REMIND_FW,Global,Power,NuclearCap,price,$/MWh,101.69491553672316
2081,NGFS2023REMIND_CP,Global,Power,NuclearCap,price,$/MWh,101.69491553672316
2081,NGFS2023MESSAGE_NDC,Global,Power,NuclearCap,price,$/MWh,101.69491553672316
2081,NGFS2023MESSAGE_FW,Global,Power,NuclearCap,price,$/MWh,101.69491553672316
2081,NGFS2023MESSAGE_CP,Global,Power,NuclearCap,price,$/MWh,101.69491553672316
2082,NGFS2023GCAM_NDC,Global,Power,OilCap,price,$/MWh,58.77707508070797
2082,NGFS2023GCAM_FW,Global,Power,OilCap,price,$/MWh,58.77707508070797
2082,NGFS2023GCAM_CP,Global,Power,OilCap,price,$/MWh,58.77707508070797
2082,NGFS2023REMIND_NDC,Global,Power,OilCap,price,$/MWh,58.77707508070797
2082,NGFS2023REMIND_FW,Global,Power,OilCap,price,$/MWh,58.77707508070797
2082,NGFS2023REMIND_CP,Global,Power,OilCap,price,$/MWh,58.77707508070797
2082,NGFS2023MESSAGE_NDC,Global,Power,OilCap,price,$/MWh,58.77707508070797
2082,NGFS2023MESSAGE_FW,Global,Power,OilCap,price,$/MWh,58.77707508070797
2082,NGFS2023MESSAGE_CP,Global,Power,OilCap,price,$/MWh,58.77707508070797
2082,NGFS2023GCAM_NDC,Global,Power,CoalCap,price,$/MWh,68.40337671752172
2082,NGFS2023GCAM_FW,Global,Power,CoalCap,price,$/MWh,68.40337671752172
2082,NGFS2023GCAM_CP,Global,Power,CoalCap,price,$/MWh,68.40337671752172
2082,NGFS2023REMIND_NDC,Global,Power,CoalCap,price,$/MWh,68.40337671752172
2082,NGFS2023REMIND_FW,Global,Power,CoalCap,price,$/MWh,68.40337671752172
2082,NGFS2023REMIND_CP,Global,Power,CoalCap,price,$/MWh,68.40337671752172
2082,NGFS2023MESSAGE_NDC,Global,Power,CoalCap,price,$/MWh,68.40337671752172
2082,NGFS2023MESSAGE_FW,Global,Power,CoalCap,price,$/MWh,68.40337671752172
2082,NGFS2023MESSAGE_CP,Global,Power,CoalCap,price,$/MWh,68.40337671752172
2082,NGFS2023GCAM_NDC,Global,Power,GasCap,price,$/MWh,58.77707508070797
2082,NGFS2023GCAM_FW,Global,Power,GasCap,price,$/MWh,58.77707508070797
2082,NGFS2023GCAM_CP,Global,Power,GasCap,price,$/MWh,58.77707508070797
2082,NGFS2023REMIND_NDC,Global,Power,GasCap,price,$/MWh,58.77707508070797
2082,NGFS2023REMIND_FW,Global,Power,GasCap,price,$/MWh,58.77707508070797
2082,NGFS2023REMIND_CP,Global,Power,GasCap,price,$/MWh,58.77707508070797
2082,NGFS2023MESSAGE_NDC,Global,Power,GasCap,price,$/MWh,58.77707508070797
2082,NGFS2023MESSAGE_FW,Global,Power,GasCap,price,$/MWh,58.77707508070797
2082,NGFS2023MESSAGE_CP,Global,Power,GasCap,price,$/MWh,58.77707508070797
2082,NGFS2023GCAM_NDC,Global,Power,RenewablesCap,price,$/MWh,101.20622576251492
2082,NGFS2023GCAM_FW,Global,Power,RenewablesCap,price,$/MWh,101.20622576251492
2082,NGFS2023GCAM_CP,Global,Power,RenewablesCap,price,$/MWh,101.20622576251492
2082,NGFS2023REMIND_NDC,Global,Power,RenewablesCap,price,$/MWh,101.20622576251492
2082,NGFS2023REMIND_FW,Global,Power,RenewablesCap,price,$/MWh,101.20622576251492
2082,NGFS2023REMIND_CP,Global,Power,RenewablesCap,price,$/MWh,101.20622576251492
2082,NGFS2023MESSAGE_NDC,Global,Power,RenewablesCap,price,$/MWh,101.20622576251492
2082,NGFS2023MESSAGE_FW,Global,Power,RenewablesCap,price,$/MWh,101.20622576251492
2082,NGFS2023MESSAGE_CP,Global,Power,RenewablesCap,price,$/MWh,101.20622576251492
2082,NGFS2023GCAM_NDC,Global,Power,HydroCap,price,$/MWh,52.88135607909605
2082,NGFS2023GCAM_FW,Global,Power,HydroCap,price,$/MWh,52.88135607909605
2082,NGFS2023GCAM_CP,Global,Power,HydroCap,price,$/MWh,52.88135607909605
2082,NGFS2023REMIND_NDC,Global,Power,HydroCap,price,$/MWh,52.88135607909605
2082,NGFS2023REMIND_FW,Global,Power,HydroCap,price,$/MWh,52.88135607909605
2082,NGFS2023REMIND_CP,Global,Power,HydroCap,price,$/MWh,52.88135607909605
2082,NGFS2023MESSAGE_NDC,Global,Power,HydroCap,price,$/MWh,52.88135607909605
2082,NGFS2023MESSAGE_FW,Global,Power,HydroCap,price,$/MWh,52.88135607909605
2082,NGFS2023MESSAGE_CP,Global,Power,HydroCap,price,$/MWh,52.88135607909605
2082,NGFS2023GCAM_NDC,Global,Power,NuclearCap,price,$/MWh,101.69491553672316
2082,NGFS2023GCAM_FW,Global,Power,NuclearCap,price,$/MWh,101.69491553672316
2082,NGFS2023GCAM_CP,Global,Power,NuclearCap,price,$/MWh,101.69491553672316
2082,NGFS2023REMIND_NDC,Global,Power,NuclearCap,price,$/MWh,101.69491553672316
2082,NGFS2023REMIND_FW,Global,Power,NuclearCap,price,$/MWh,101.69491553672316
2082,NGFS2023REMIND_CP,Global,Power,NuclearCap,price,$/MWh,101.69491553672316
2082,NGFS2023MESSAGE_NDC,Global,Power,NuclearCap,price,$/MWh,101.69491553672316
2082,NGFS2023MESSAGE_FW,Global,Power,NuclearCap,price,$/MWh,101.69491553672316
2082,NGFS2023MESSAGE_CP,Global,Power,NuclearCap,price,$/MWh,101.69491553672316
2083,NGFS2023GCAM_NDC,Global,Power,OilCap,price,$/MWh,58.77611098994794
2083,NGFS2023GCAM_FW,Global,Power,OilCap,price,$/MWh,58.77611098994794
2083,NGFS2023GCAM_CP,Global,Power,OilCap,price,$/MWh,58.77611098994794
2083,NGFS2023REMIND_NDC,Global,Power,OilCap,price,$/MWh,58.77611098994794
2083,NGFS2023REMIND_FW,Global,Power,OilCap,price,$/MWh,58.77611098994794
2083,NGFS2023REMIND_CP,Global,Power,OilCap,price,$/MWh,58.77611098994794
2083,NGFS2023MESSAGE_NDC,Global,Power,OilCap,price,$/MWh,58.77611098994794
2083,NGFS2023MESSAGE_FW,Global,Power,OilCap,price,$/MWh,58.77611098994794
2083,NGFS2023MESSAGE_CP,Global,Power,OilCap,price,$/MWh,58.77611098994794
2083,NGFS2023GCAM_NDC,Global,Power,CoalCap,price,$/MWh,68.40730324153901
2083,NGFS2023GCAM_FW,Global,Power,CoalCap,price,$/MWh,68.40730324153901
2083,NGFS2023GCAM_CP,Global,Power,CoalCap,price,$/MWh,68.40730324153901
2083,NGFS2023REMIND_NDC,Global,Power,CoalCap,price,$/MWh,68.40730324153901
2083,NGFS2023REMIND_FW,Global,Power,CoalCap,price,$/MWh,68.40730324153901
2083,NGFS2023REMIND_CP,Global,Power,CoalCap,price,$/MWh,68.40730324153901
2083,NGFS2023MESSAGE_NDC,Global,Power,CoalCap,price,$/MWh,68.40730324153901
2083,NGFS2023MESSAGE_FW,Global,Power,CoalCap,price,$/MWh,68.40730324153901
2083,NGFS2023MESSAGE_CP,Global,Power,CoalCap,price,$/MWh,68.40730324153901
2083,NGFS2023GCAM_NDC,Global,Power,GasCap,price,$/MWh,58.77611098994794
2083,NGFS2023GCAM_FW,Global,Power,GasCap,price,$/MWh,58.77611098994794
2083,NGFS2023GCAM_CP,Global,Power,GasCap,price,$/MWh,58.77611098994794
2083,NGFS2023REMIND_NDC,Global,Power,GasCap,price,$/MWh,58.77611098994794
2083,NGFS2023REMIND_FW,Global,Power,GasCap,price,$/MWh,58.77611098994794
2083,NGFS2023REMIND_CP,Global,Power,GasCap,price,$/MWh,58.77611098994794
2083,NGFS2023MESSAGE_NDC,Global,Power,GasCap,price,$/MWh,58.77611098994794
2083,NGFS2023MESSAGE_FW,Global,Power,GasCap,price,$/MWh,58.77611098994794
2083,NGFS2023MESSAGE_CP,Global,Power,GasCap,price,$/MWh,58.77611098994794
2083,NGFS2023GCAM_NDC,Global,Power,RenewablesCap,price,$/MWh,101.67394707909556
2083,NGFS2023GCAM_FW,Global,Power,RenewablesCap,price,$/MWh,101.67394707909556
2083,NGFS2023GCAM_CP,Global,Power,RenewablesCap,price,$/MWh,101.67394707909556
2083,NGFS2023REMIND_NDC,Global,Power,RenewablesCap,price,$/MWh,101.67394707909556
2083,NGFS2023REMIND_FW,Global,Power,RenewablesCap,price,$/MWh,101.67394707909556
2083,NGFS2023REMIND_CP,Global,Power,RenewablesCap,price,$/MWh,101.67394707909556
2083,NGFS2023MESSAGE_NDC,Global,Power,RenewablesCap,price,$/MWh,101.67394707909556
2083,NGFS2023MESSAGE_FW,Global,Power,RenewablesCap,price,$/MWh,101.67394707909556
2083,NGFS2023MESSAGE_CP,Global,Power,RenewablesCap,price,$/MWh,101.67394707909556
2083,NGFS2023GCAM_NDC,Global,Power,HydroCap,price,$/MWh,52.88135607909605
2083,NGFS2023GCAM_FW,Global,Power,HydroCap,price,$/MWh,52.88135607909605
2083,NGFS2023GCAM_CP,Global,Power,HydroCap,price,$/MWh,52.88135607909605
2083,NGFS2023REMIND_NDC,Global,Power,HydroCap,price,$/MWh,52.88135607909605
2083,NGFS2023REMIND_FW,Global,Power,HydroCap,price,$/MWh,52.88135607909605
2083,NGFS2023REMIND_CP,Global,Power,HydroCap,price,$/MWh,52.88135607909605
2083,NGFS2023MESSAGE_NDC,Global,Power,HydroCap,price,$/MWh,52.88135607909605
2083,NGFS2023MESSAGE_FW,Global,Power,HydroCap,price,$/MWh,52.88135607909605
2083,NGFS2023MESSAGE_CP,Global,Power,HydroCap,price,$/MWh,52.88135607909605
2083,NGFS2023GCAM_NDC,Global,Power,NuclearCap,price,$/MWh,101.69491553672316
2083,NGFS2023GCAM_FW,Global,Power,NuclearCap,price,$/MWh,101.69491553672316
2083,NGFS2023GCAM_CP,Global,Power,NuclearCap,price,$/MWh,101.69491553672316
2083,NGFS2023REMIND_NDC,Global,Power,NuclearCap,price,$/MWh,101.69491553672316
2083,NGFS2023REMIND_FW,Global,Power,NuclearCap,price,$/MWh,101.69491553672316
2083,NGFS2023REMIND_CP,Global,Power,NuclearCap,price,$/MWh,101.69491553672316
2083,NGFS2023MESSAGE_NDC,Global,Power,NuclearCap,price,$/MWh,101.69491553672316
2083,NGFS2023MESSAGE_FW,Global,Power,NuclearCap,price,$/MWh,101.69491553672316
2083,NGFS2023MESSAGE_CP,Global,Power,NuclearCap,price,$/MWh,101.69491553672316
2084,NGFS2023GCAM_NDC,Global,Power,OilCap,price,$/MWh,58.77514689918792
2084,NGFS2023GCAM_FW,Global,Power,OilCap,price,$/MWh,58.77514689918792
2084,NGFS2023GCAM_CP,Global,Power,OilCap,price,$/MWh,58.77514689918792
2084,NGFS2023REMIND_NDC,Global,Power,OilCap,price,$/MWh,58.77514689918792
2084,NGFS2023REMIND_FW,Global,Power,OilCap,price,$/MWh,58.77514689918792
2084,NGFS2023REMIND_CP,Global,Power,OilCap,price,$/MWh,58.77514689918792
2084,NGFS2023MESSAGE_NDC,Global,Power,OilCap,price,$/MWh,58.77514689918792
2084,NGFS2023MESSAGE_FW,Global,Power,OilCap,price,$/MWh,58.77514689918792
2084,NGFS2023MESSAGE_CP,Global,Power,OilCap,price,$/MWh,58.77514689918792
2084,NGFS2023GCAM_NDC,Global,Power,CoalCap,price,$/MWh,68.4112297655563
2084,NGFS2023GCAM_FW,Global,Power,CoalCap,price,$/MWh,68.4112297655563
2084,NGFS2023GCAM_CP,Global,Power,CoalCap,price,$/MWh,68.4112297655563
2084,NGFS2023REMIND_NDC,Global,Power,CoalCap,price,$/MWh,68.4112297655563
2084,NGFS2023REMIND_FW,Global,Power,CoalCap,price,$/MWh,68.4112297655563
2084,NGFS2023REMIND_CP,Global,Power,CoalCap,price,$/MWh,68.4112297655563
2084,NGFS2023MESSAGE_NDC,Global,Power,CoalCap,price,$/MWh,68.4112297655563
2084,NGFS2023MESSAGE_FW,Global,Power,CoalCap,price,$/MWh,68.4112297655563
2084,NGFS2023MESSAGE_CP,Global,Power,CoalCap,price,$/MWh,68.4112297655563
2084,NGFS2023GCAM_NDC,Global,Power,GasCap,price,$/MWh,58.77514689918792
2084,NGFS2023GCAM_FW,Global,Power,GasCap,price,$/MWh,58.77514689918792
2084,NGFS2023GCAM_CP,Global,Power,GasCap,price,$/MWh,58.77514689918792
2084,NGFS2023REMIND_NDC,Global,Power,GasCap,price,$/MWh,58.77514689918792
2084,NGFS2023REMIND_FW,Global,Power,GasCap,price,$/MWh,58.77514689918792
2084,NGFS2023REMIND_CP,Global,Power,GasCap,price,$/MWh,58.77514689918792
2084,NGFS2023MESSAGE_NDC,Global,Power,GasCap,price,$/MWh,58.77514689918792
2084,NGFS2023MESSAGE_FW,Global,Power,GasCap,price,$/MWh,58.77514689918792
2084,NGFS2023MESSAGE_CP,Global,Power,GasCap,price,$/MWh,58.77514689918792
2084,NGFS2023GCAM_NDC,Global,Power,RenewablesCap,price,$/MWh,102.14166839567632
2084,NGFS2023GCAM_FW,Global,Power,RenewablesCap,price,$/MWh,102.14166839567632
2084,NGFS2023GCAM_CP,Global,Power,RenewablesCap,price,$/MWh,102.14166839567632
2084,NGFS2023REMIND_NDC,Global,Power,RenewablesCap,price,$/MWh,102.14166839567632
2084,NGFS2023REMIND_FW,Global,Power,RenewablesCap,price,$/MWh,102.14166839567632
2084,NGFS2023REMIND_CP,Global,Power,RenewablesCap,price,$/MWh,102.14166839567632
2084,NGFS2023MESSAGE_NDC,Global,Power,RenewablesCap,price,$/MWh,102.14166839567632
2084,NGFS2023MESSAGE_FW,Global,Power,RenewablesCap,price,$/MWh,102.14166839567632
2084,NGFS2023MESSAGE_CP,Global,Power,RenewablesCap,price,$/MWh,102.14166839567632
2084,NGFS2023GCAM_NDC,Global,Power,HydroCap,price,$/MWh,52.88135607909605
2084,NGFS2023GCAM_FW,Global,Power,HydroCap,price,$/MWh,52.88135607909605
2084,NGFS2023GCAM_CP,Global,Power,HydroCap,price,$/MWh,52.88135607909605
2084,NGFS2023REMIND_NDC,Global,Power,HydroCap,price,$/MWh,52.88135607909605
2084,NGFS2023REMIND_FW,Global,Power,HydroCap,price,$/MWh,52.88135607909605
2084,NGFS2023REMIND_CP,Global,Power,HydroCap,price,$/MWh,52.88135607909605
2084,NGFS2023MESSAGE_NDC,Global,Power,HydroCap,price,$/MWh,52.88135607909605
2084,NGFS2023MESSAGE_FW,Global,Power,HydroCap,price,$/MWh,52.88135607909605
2084,NGFS2023MESSAGE_CP,Global,Power,HydroCap,price,$/MWh,52.88135607909605
2084,NGFS2023GCAM_NDC,Global,Power,NuclearCap,price,$/MWh,101.69491553672316
2084,NGFS2023GCAM_FW,Global,Power,NuclearCap,price,$/MWh,101.69491553672316
2084,NGFS2023GCAM_CP,Global,Power,NuclearCap,price,$/MWh,101.69491553672316
2084,NGFS2023REMIND_NDC,Global,Power,NuclearCap,price,$/MWh,101.69491553672316
2084,NGFS2023REMIND_FW,Global,Power,NuclearCap,price,$/MWh,101.69491553672316
2084,NGFS2023REMIND_CP,Global,Power,NuclearCap,price,$/MWh,101.69491553672316
2084,NGFS2023MESSAGE_NDC,Global,Power,NuclearCap,price,$/MWh,101.69491553672316
2084,NGFS2023MESSAGE_FW,Global,Power,NuclearCap,price,$/MWh,101.69491553672316
2084,NGFS2023MESSAGE_CP,Global,Power,NuclearCap,price,$/MWh,101.69491553672316
2085,NGFS2023GCAM_NDC,Global,Power,OilCap,price,$/MWh,58.77418280842789
2085,NGFS2023GCAM_FW,Global,Power,OilCap,price,$/MWh,58.77418280842789
2085,NGFS2023GCAM_CP,Global,Power,OilCap,price,$/MWh,58.77418280842789
2085,NGFS2023REMIND_NDC,Global,Power,OilCap,price,$/MWh,58.77418280842789
2085,NGFS2023REMIND_FW,Global,Power,OilCap,price,$/MWh,58.77418280842789
2085,NGFS2023REMIND_CP,Global,Power,OilCap,price,$/MWh,58.77418280842789
2085,NGFS2023MESSAGE_NDC,Global,Power,OilCap,price,$/MWh,58.77418280842789
2085,NGFS2023MESSAGE_FW,Global,Power,OilCap,price,$/MWh,58.77418280842789
2085,NGFS2023MESSAGE_CP,Global,Power,OilCap,price,$/MWh,58.77418280842789
2085,NGFS2023GCAM_NDC,Global,Power,CoalCap,price,$/MWh,68.41515628957357
2085,NGFS2023GCAM_FW,Global,Power,CoalCap,price,$/MWh,68.41515628957357
2085,NGFS2023GCAM_CP,Global,Power,CoalCap,price,$/MWh,68.41515628957357
2085,NGFS2023REMIND_NDC,Global,Power,CoalCap,price,$/MWh,68.41515628957357
2085,NGFS2023REMIND_FW,Global,Power,CoalCap,price,$/MWh,68.41515628957357
2085,NGFS2023REMIND_CP,Global,Power,CoalCap,price,$/MWh,68.41515628957357
2085,NGFS2023MESSAGE_NDC,Global,Power,CoalCap,price,$/MWh,68.41515628957357
2085,NGFS2023MESSAGE_FW,Global,Power,CoalCap,price,$/MWh,68.41515628957357
2085,NGFS2023MESSAGE_CP,Global,Power,CoalCap,price,$/MWh,68.41515628957357
2085,NGFS2023GCAM_NDC,Global,Power,GasCap,price,$/MWh,58.77418280842789
2085,NGFS2023GCAM_FW,Global,Power,GasCap,price,$/MWh,58.77418280842789
2085,NGFS2023GCAM_CP,Global,Power,GasCap,price,$/MWh,58.77418280842789
2085,NGFS2023REMIND_NDC,Global,Power,GasCap,price,$/MWh,58.77418280842789
2085,NGFS2023REMIND_FW,Global,Power,GasCap,price,$/MWh,58.77418280842789
2085,NGFS2023REMIND_CP,Global,Power,GasCap,price,$/MWh,58.77418280842789
2085,NGFS2023MESSAGE_NDC,Global,Power,GasCap,price,$/MWh,58.77418280842789
2085,NGFS2023MESSAGE_FW,Global,Power,GasCap,price,$/MWh,58.77418280842789
2085,NGFS2023MESSAGE_CP,Global,Power,GasCap,price,$/MWh,58.77418280842789
2085,NGFS2023GCAM_NDC,Global,Power,RenewablesCap,price,$/MWh,102.60938971225698
2085,NGFS2023GCAM_FW,Global,Power,RenewablesCap,price,$/MWh,102.60938971225698
2085,NGFS2023GCAM_CP,Global,Power,RenewablesCap,price,$/MWh,102.60938971225698
2085,NGFS2023REMIND_NDC,Global,Power,RenewablesCap,price,$/MWh,102.60938971225698
2085,NGFS2023REMIND_FW,Global,Power,RenewablesCap,price,$/MWh,102.60938971225698
2085,NGFS2023REMIND_CP,Global,Power,RenewablesCap,price,$/MWh,102.60938971225698
2085,NGFS2023MESSAGE_NDC,Global,Power,RenewablesCap,price,$/MWh,102.60938971225698
2085,NGFS2023MESSAGE_FW,Global,Power,RenewablesCap,price,$/MWh,102.60938971225698
2085,NGFS2023MESSAGE_CP,Global,Power,RenewablesCap,price,$/MWh,102.60938971225698
2085,NGFS2023GCAM_NDC,Global,Power,HydroCap,price,$/MWh,52.88135607909605
2085,NGFS2023GCAM_FW,Global,Power,HydroCap,price,$/MWh,52.88135607909605
2085,NGFS2023GCAM_CP,Global,Power,HydroCap,price,$/MWh,52.88135607909605
2085,NGFS2023REMIND_NDC,Global,Power,HydroCap,price,$/MWh,52.88135607909605
2085,NGFS2023REMIND_FW,Global,Power,HydroCap,price,$/MWh,52.88135607909605
2085,NGFS2023REMIND_CP,Global,Power,HydroCap,price,$/MWh,52.88135607909605
2085,NGFS2023MESSAGE_NDC,Global,Power,HydroCap,price,$/MWh,52.88135607909605
2085,NGFS2023MESSAGE_FW,Global,Power,HydroCap,price,$/MWh,52.88135607909605
2085,NGFS2023MESSAGE_CP,Global,Power,HydroCap,price,$/MWh,52.88135607909605
2085,NGFS2023GCAM_NDC,Global,Power,NuclearCap,price,$/MWh,101.69491553672316
2085,NGFS2023GCAM_FW,Global,Power,NuclearCap,price,$/MWh,101.69491553672316
2085,NGFS2023GCAM_CP,Global,Power,NuclearCap,price,$/MWh,101.69491553672316
2085,NGFS2023REMIND_NDC,Global,Power,NuclearCap,price,$/MWh,101.69491553672316
2085,NGFS2023REMIND_FW,Global,Power,NuclearCap,price,$/MWh,101.69491553672316
2085,NGFS2023REMIND_CP,Global,Power,NuclearCap,price,$/MWh,101.69491553672316
2085,NGFS2023MESSAGE_NDC,Global,Power,NuclearCap,price,$/MWh,101.69491553672316
2085,NGFS2023MESSAGE_FW,Global,Power,NuclearCap,price,$/MWh,101.69491553672316
2085,NGFS2023MESSAGE_CP,Global,Power,NuclearCap,price,$/MWh,101.69491553672316
2086,NGFS2023GCAM_NDC,Global,Power,OilCap,price,$/MWh,58.77321871766786
2086,NGFS2023GCAM_FW,Global,Power,OilCap,price,$/MWh,58.77321871766786
2086,NGFS2023GCAM_CP,Global,Power,OilCap,price,$/MWh,58.77321871766786
2086,NGFS2023REMIND_NDC,Global,Power,OilCap,price,$/MWh,58.77321871766786
2086,NGFS2023REMIND_FW,Global,Power,OilCap,price,$/MWh,58.77321871766786
2086,NGFS2023REMIND_CP,Global,Power,OilCap,price,$/MWh,58.77321871766786
2086,NGFS2023MESSAGE_NDC,Global,Power,OilCap,price,$/MWh,58.77321871766786
2086,NGFS2023MESSAGE_FW,Global,Power,OilCap,price,$/MWh,58.77321871766786
2086,NGFS2023MESSAGE_CP,Global,Power,OilCap,price,$/MWh,58.77321871766786
2086,NGFS2023GCAM_NDC,Global,Power,CoalCap,price,$/MWh,68.41908281359086
2086,NGFS2023GCAM_FW,Global,Power,CoalCap,price,$/MWh,68.41908281359086
2086,NGFS2023GCAM_CP,Global,Power,CoalCap,price,$/MWh,68.41908281359086
2086,NGFS2023REMIND_NDC,Global,Power,CoalCap,price,$/MWh,68.41908281359086
2086,NGFS2023REMIND_FW,Global,Power,CoalCap,price,$/MWh,68.41908281359086
2086,NGFS2023REMIND_CP,Global,Power,CoalCap,price,$/MWh,68.41908281359086
2086,NGFS2023MESSAGE_NDC,Global,Power,CoalCap,price,$/MWh,68.41908281359086
2086,NGFS2023MESSAGE_FW,Global,Power,CoalCap,price,$/MWh,68.41908281359086
2086,NGFS2023MESSAGE_CP,Global,Power,CoalCap,price,$/MWh,68.41908281359086
2086,NGFS2023GCAM_NDC,Global,Power,GasCap,price,$/MWh,58.77321871766786
2086,NGFS2023GCAM_FW,Global,Power,GasCap,price,$/MWh,58.77321871766786
2086,NGFS2023GCAM_CP,Global,Power,GasCap,price,$/MWh,58.77321871766786
2086,NGFS2023REMIND_NDC,Global,Power,GasCap,price,$/MWh,58.77321871766786
2086,NGFS2023REMIND_FW,Global,Power,GasCap,price,$/MWh,58.77321871766786
2086,NGFS2023REMIND_CP,Global,Power,GasCap,price,$/MWh,58.77321871766786
2086,NGFS2023MESSAGE_NDC,Global,Power,GasCap,price,$/MWh,58.77321871766786
2086,NGFS2023MESSAGE_FW,Global,Power,GasCap,price,$/MWh,58.77321871766786
2086,NGFS2023MESSAGE_CP,Global,Power,GasCap,price,$/MWh,58.77321871766786
2086,NGFS2023GCAM_NDC,Global,Power,RenewablesCap,price,$/MWh,103.07711102883776
2086,NGFS2023GCAM_FW,Global,Power,RenewablesCap,price,$/MWh,103.07711102883776
2086,NGFS2023GCAM_CP,Global,Power,RenewablesCap,price,$/MWh,103.07711102883776
2086,NGFS2023REMIND_NDC,Global,Power,RenewablesCap,price,$/MWh,103.07711102883776
2086,NGFS2023REMIND_FW,Global,Power,RenewablesCap,price,$/MWh,103.07711102883776
2086,NGFS2023REMIND_CP,Global,Power,RenewablesCap,price,$/MWh,103.07711102883776
2086,NGFS2023MESSAGE_NDC,Global,Power,RenewablesCap,price,$/MWh,103.07711102883776
2086,NGFS2023MESSAGE_FW,Global,Power,RenewablesCap,price,$/MWh,103.07711102883776
2086,NGFS2023MESSAGE_CP,Global,Power,RenewablesCap,price,$/MWh,103.07711102883776
2086,NGFS2023GCAM_NDC,Global,Power,HydroCap,price,$/MWh,52.88135607909605
2086,NGFS2023GCAM_FW,Global,Power,HydroCap,price,$/MWh,52.88135607909605
2086,NGFS2023GCAM_CP,Global,Power,HydroCap,price,$/MWh,52.88135607909605
2086,NGFS2023REMIND_NDC,Global,Power,HydroCap,price,$/MWh,52.88135607909605
2086,NGFS2023REMIND_FW,Global,Power,HydroCap,price,$/MWh,52.88135607909605
2086,NGFS2023REMIND_CP,Global,Power,HydroCap,price,$/MWh,52.88135607909605
2086,NGFS2023MESSAGE_NDC,Global,Power,HydroCap,price,$/MWh,52.88135607909605
2086,NGFS2023MESSAGE_FW,Global,Power,HydroCap,price,$/MWh,52.88135607909605
2086,NGFS2023MESSAGE_CP,Global,Power,HydroCap,price,$/MWh,52.88135607909605
2086,NGFS2023GCAM_NDC,Global,Power,NuclearCap,price,$/MWh,101.69491553672316
2086,NGFS2023GCAM_FW,Global,Power,NuclearCap,price,$/MWh,101.69491553672316
2086,NGFS2023GCAM_CP,Global,Power,NuclearCap,price,$/MWh,101.69491553672316
2086,NGFS2023REMIND_NDC,Global,Power,NuclearCap,price,$/MWh,101.69491553672316
2086,NGFS2023REMIND_FW,Global,Power,NuclearCap,price,$/MWh,101.69491553672316
2086,NGFS2023REMIND_CP,Global,Power,NuclearCap,price,$/MWh,101.69491553672316
2086,NGFS2023MESSAGE_NDC,Global,Power,NuclearCap,price,$/MWh,101.69491553672316
2086,NGFS2023MESSAGE_FW,Global,Power,NuclearCap,price,$/MWh,101.69491553672316
2086,NGFS2023MESSAGE_CP,Global,Power,NuclearCap,price,$/MWh,101.69491553672316
2087,NGFS2023GCAM_NDC,Global,Power,OilCap,price,$/MWh,58.77225462690783
2087,NGFS2023GCAM_FW,Global,Power,OilCap,price,$/MWh,58.77225462690783
2087,NGFS2023GCAM_CP,Global,Power,OilCap,price,$/MWh,58.77225462690783
2087,NGFS2023REMIND_NDC,Global,Power,OilCap,price,$/MWh,58.77225462690783
2087,NGFS2023REMIND_FW,Global,Power,OilCap,price,$/MWh,58.77225462690783
2087,NGFS2023REMIND_CP,Global,Power,OilCap,price,$/MWh,58.77225462690783
2087,NGFS2023MESSAGE_NDC,Global,Power,OilCap,price,$/MWh,58.77225462690783
2087,NGFS2023MESSAGE_FW,Global,Power,OilCap,price,$/MWh,58.77225462690783
2087,NGFS2023MESSAGE_CP,Global,Power,OilCap,price,$/MWh,58.77225462690783
2087,NGFS2023GCAM_NDC,Global,Power,CoalCap,price,$/MWh,68.42300933760815
2087,NGFS2023GCAM_FW,Global,Power,CoalCap,price,$/MWh,68.42300933760815
2087,NGFS2023GCAM_CP,Global,Power,CoalCap,price,$/MWh,68.42300933760815
2087,NGFS2023REMIND_NDC,Global,Power,CoalCap,price,$/MWh,68.42300933760815
2087,NGFS2023REMIND_FW,Global,Power,CoalCap,price,$/MWh,68.42300933760815
2087,NGFS2023REMIND_CP,Global,Power,CoalCap,price,$/MWh,68.42300933760815
2087,NGFS2023MESSAGE_NDC,Global,Power,CoalCap,price,$/MWh,68.42300933760815
2087,NGFS2023MESSAGE_FW,Global,Power,CoalCap,price,$/MWh,68.42300933760815
2087,NGFS2023MESSAGE_CP,Global,Power,CoalCap,price,$/MWh,68.42300933760815
2087,NGFS2023GCAM_NDC,Global,Power,GasCap,price,$/MWh,58.77225462690783
2087,NGFS2023GCAM_FW,Global,Power,GasCap,price,$/MWh,58.77225462690783
2087,NGFS2023GCAM_CP,Global,Power,GasCap,price,$/MWh,58.77225462690783
2087,NGFS2023REMIND_NDC,Global,Power,GasCap,price,$/MWh,58.77225462690783
2087,NGFS2023REMIND_FW,Global,Power,GasCap,price,$/MWh,58.77225462690783
2087,NGFS2023REMIND_CP,Global,Power,GasCap,price,$/MWh,58.77225462690783
2087,NGFS2023MESSAGE_NDC,Global,Power,GasCap,price,$/MWh,58.77225462690783
2087,NGFS2023MESSAGE_FW,Global,Power,GasCap,price,$/MWh,58.77225462690783
2087,NGFS2023MESSAGE_CP,Global,Power,GasCap,price,$/MWh,58.77225462690783
2087,NGFS2023GCAM_NDC,Global,Power,RenewablesCap,price,$/MWh,103.5448323454184
2087,NGFS2023GCAM_FW,Global,Power,RenewablesCap,price,$/MWh,103.5448323454184
2087,NGFS2023GCAM_CP,Global,Power,RenewablesCap,price,$/MWh,103.5448323454184
2087,NGFS2023REMIND_NDC,Global,Power,RenewablesCap,price,$/MWh,103.5448323454184
2087,NGFS2023REMIND_FW,Global,Power,RenewablesCap,price,$/MWh,103.5448323454184
2087,NGFS2023REMIND_CP,Global,Power,RenewablesCap,price,$/MWh,103.5448323454184
2087,NGFS2023MESSAGE_NDC,Global,Power,RenewablesCap,price,$/MWh,103.5448323454184
2087,NGFS2023MESSAGE_FW,Global,Power,RenewablesCap,price,$/MWh,103.5448323454184
2087,NGFS2023MESSAGE_CP,Global,Power,RenewablesCap,price,$/MWh,103.5448323454184
2087,NGFS2023GCAM_NDC,Global,Power,HydroCap,price,$/MWh,52.88135607909605
2087,NGFS2023GCAM_FW,Global,Power,HydroCap,price,$/MWh,52.88135607909605
2087,NGFS2023GCAM_CP,Global,Power,HydroCap,price,$/MWh,52.88135607909605
2087,NGFS2023REMIND_NDC,Global,Power,HydroCap,price,$/MWh,52.88135607909605
2087,NGFS2023REMIND_FW,Global,Power,HydroCap,price,$/MWh,52.88135607909605
2087,NGFS2023REMIND_CP,Global,Power,HydroCap,price,$/MWh,52.88135607909605
2087,NGFS2023MESSAGE_NDC,Global,Power,HydroCap,price,$/MWh,52.88135607909605
2087,NGFS2023MESSAGE_FW,Global,Power,HydroCap,price,$/MWh,52.88135607909605
2087,NGFS2023MESSAGE_CP,Global,Power,HydroCap,price,$/MWh,52.88135607909605
2087,NGFS2023GCAM_NDC,Global,Power,NuclearCap,price,$/MWh,101.69491553672316
2087,NGFS2023GCAM_FW,Global,Power,NuclearCap,price,$/MWh,101.69491553672316
2087,NGFS2023GCAM_CP,Global,Power,NuclearCap,price,$/MWh,101.69491553672316
2087,NGFS2023REMIND_NDC,Global,Power,NuclearCap,price,$/MWh,101.69491553672316
2087,NGFS2023REMIND_FW,Global,Power,NuclearCap,price,$/MWh,101.69491553672316
2087,NGFS2023REMIND_CP,Global,Power,NuclearCap,price,$/MWh,101.69491553672316
2087,NGFS2023MESSAGE_NDC,Global,Power,NuclearCap,price,$/MWh,101.69491553672316
2087,NGFS2023MESSAGE_FW,Global,Power,NuclearCap,price,$/MWh,101.69491553672316
2087,NGFS2023MESSAGE_CP,Global,Power,NuclearCap,price,$/MWh,101.69491553672316
2088,NGFS2023GCAM_NDC,Global,Power,OilCap,price,$/MWh,58.77129053614781
2088,NGFS2023GCAM_FW,Global,Power,OilCap,price,$/MWh,58.77129053614781
2088,NGFS2023GCAM_CP,Global,Power,OilCap,price,$/MWh,58.77129053614781
2088,NGFS2023REMIND_NDC,Global,Power,OilCap,price,$/MWh,58.77129053614781
2088,NGFS2023REMIND_FW,Global,Power,OilCap,price,$/MWh,58.77129053614781
2088,NGFS2023REMIND_CP,Global,Power,OilCap,price,$/MWh,58.77129053614781
2088,NGFS2023MESSAGE_NDC,Global,Power,OilCap,price,$/MWh,58.77129053614781
2088,NGFS2023MESSAGE_FW,Global,Power,OilCap,price,$/MWh,58.77129053614781
2088,NGFS2023MESSAGE_CP,Global,Power,OilCap,price,$/MWh,58.77129053614781
2088,NGFS2023GCAM_NDC,Global,Power,CoalCap,price,$/MWh,68.42693586162544
2088,NGFS2023GCAM_FW,Global,Power,CoalCap,price,$/MWh,68.42693586162544
2088,NGFS2023GCAM_CP,Global,Power,CoalCap,price,$/MWh,68.42693586162544
2088,NGFS2023REMIND_NDC,Global,Power,CoalCap,price,$/MWh,68.42693586162544
2088,NGFS2023REMIND_FW,Global,Power,CoalCap,price,$/MWh,68.42693586162544
2088,NGFS2023REMIND_CP,Global,Power,CoalCap,price,$/MWh,68.42693586162544
2088,NGFS2023MESSAGE_NDC,Global,Power,CoalCap,price,$/MWh,68.42693586162544
2088,NGFS2023MESSAGE_FW,Global,Power,CoalCap,price,$/MWh,68.42693586162544
2088,NGFS2023MESSAGE_CP,Global,Power,CoalCap,price,$/MWh,68.42693586162544
2088,NGFS2023GCAM_NDC,Global,Power,GasCap,price,$/MWh,58.77129053614781
2088,NGFS2023GCAM_FW,Global,Power,GasCap,price,$/MWh,58.77129053614781
2088,NGFS2023GCAM_CP,Global,Power,GasCap,price,$/MWh,58.77129053614781
2088,NGFS2023REMIND_NDC,Global,Power,GasCap,price,$/MWh,58.77129053614781
2088,NGFS2023REMIND_FW,Global,Power,GasCap,price,$/MWh,58.77129053614781
2088,NGFS2023REMIND_CP,Global,Power,GasCap,price,$/MWh,58.77129053614781
2088,NGFS2023MESSAGE_NDC,Global,Power,GasCap,price,$/MWh,58.77129053614781
2088,NGFS2023MESSAGE_FW,Global,Power,GasCap,price,$/MWh,58.77129053614781
2088,NGFS2023MESSAGE_CP,Global,Power,GasCap,price,$/MWh,58.77129053614781
2088,NGFS2023GCAM_NDC,Global,Power,RenewablesCap,price,$/MWh,104.01255366199916
2088,NGFS2023GCAM_FW,Global,Power,RenewablesCap,price,$/MWh,104.01255366199916
2088,NGFS2023GCAM_CP,Global,Power,RenewablesCap,price,$/MWh,104.01255366199916
2088,NGFS2023REMIND_NDC,Global,Power,RenewablesCap,price,$/MWh,104.01255366199916
2088,NGFS2023REMIND_FW,Global,Power,RenewablesCap,price,$/MWh,104.01255366199916
2088,NGFS2023REMIND_CP,Global,Power,RenewablesCap,price,$/MWh,104.01255366199916
2088,NGFS2023MESSAGE_NDC,Global,Power,RenewablesCap,price,$/MWh,104.01255366199916
2088,NGFS2023MESSAGE_FW,Global,Power,RenewablesCap,price,$/MWh,104.01255366199916
2088,NGFS2023MESSAGE_CP,Global,Power,RenewablesCap,price,$/MWh,104.01255366199916
2088,NGFS2023GCAM_NDC,Global,Power,HydroCap,price,$/MWh,52.88135607909605
2088,NGFS2023GCAM_FW,Global,Power,HydroCap,price,$/MWh,52.88135607909605
2088,NGFS2023GCAM_CP,Global,Power,HydroCap,price,$/MWh,52.88135607909605
2088,NGFS2023REMIND_NDC,Global,Power,HydroCap,price,$/MWh,52.88135607909605
2088,NGFS2023REMIND_FW,Global,Power,HydroCap,price,$/MWh,52.88135607909605
2088,NGFS2023REMIND_CP,Global,Power,HydroCap,price,$/MWh,52.88135607909605
2088,NGFS2023MESSAGE_NDC,Global,Power,HydroCap,price,$/MWh,52.88135607909605
2088,NGFS2023MESSAGE_FW,Global,Power,HydroCap,price,$/MWh,52.88135607909605
2088,NGFS2023MESSAGE_CP,Global,Power,HydroCap,price,$/MWh,52.88135607909605
2088,NGFS2023GCAM_NDC,Global,Power,NuclearCap,price,$/MWh,101.69491553672316
2088,NGFS2023GCAM_FW,Global,Power,NuclearCap,price,$/MWh,101.69491553672316
2088,NGFS2023GCAM_CP,Global,Power,NuclearCap,price,$/MWh,101.69491553672316
2088,NGFS2023REMIND_NDC,Global,Power,NuclearCap,price,$/MWh,101.69491553672316
2088,NGFS2023REMIND_FW,Global,Power,NuclearCap,price,$/MWh,101.69491553672316
2088,NGFS2023REMIND_CP,Global,Power,NuclearCap,price,$/MWh,101.69491553672316
2088,NGFS2023MESSAGE_NDC,Global,Power,NuclearCap,price,$/MWh,101.69491553672316
2088,NGFS2023MESSAGE_FW,Global,Power,NuclearCap,price,$/MWh,101.69491553672316
2088,NGFS2023MESSAGE_CP,Global,Power,NuclearCap,price,$/MWh,101.69491553672316
2089,NGFS2023GCAM_NDC,Global,Power,OilCap,price,$/MWh,58.77032644538778
2089,NGFS2023GCAM_FW,Global,Power,OilCap,price,$/MWh,58.77032644538778
2089,NGFS2023GCAM_CP,Global,Power,OilCap,price,$/MWh,58.77032644538778
2089,NGFS2023REMIND_NDC,Global,Power,OilCap,price,$/MWh,58.77032644538778
2089,NGFS2023REMIND_FW,Global,Power,OilCap,price,$/MWh,58.77032644538778
2089,NGFS2023REMIND_CP,Global,Power,OilCap,price,$/MWh,58.77032644538778
2089,NGFS2023MESSAGE_NDC,Global,Power,OilCap,price,$/MWh,58.77032644538778
2089,NGFS2023MESSAGE_FW,Global,Power,OilCap,price,$/MWh,58.77032644538778
2089,NGFS2023MESSAGE_CP,Global,Power,OilCap,price,$/MWh,58.77032644538778
2089,NGFS2023GCAM_NDC,Global,Power,CoalCap,price,$/MWh,68.43086238564271
2089,NGFS2023GCAM_FW,Global,Power,CoalCap,price,$/MWh,68.43086238564271
2089,NGFS2023GCAM_CP,Global,Power,CoalCap,price,$/MWh,68.43086238564271
2089,NGFS2023REMIND_NDC,Global,Power,CoalCap,price,$/MWh,68.43086238564271
2089,NGFS2023REMIND_FW,Global,Power,CoalCap,price,$/MWh,68.43086238564271
2089,NGFS2023REMIND_CP,Global,Power,CoalCap,price,$/MWh,68.43086238564271
2089,NGFS2023MESSAGE_NDC,Global,Power,CoalCap,price,$/MWh,68.43086238564271
2089,NGFS2023MESSAGE_FW,Global,Power,CoalCap,price,$/MWh,68.43086238564271
2089,NGFS2023MESSAGE_CP,Global,Power,CoalCap,price,$/MWh,68.43086238564271
2089,NGFS2023GCAM_NDC,Global,Power,GasCap,price,$/MWh,58.77032644538778
2089,NGFS2023GCAM_FW,Global,Power,GasCap,price,$/MWh,58.77032644538778
2089,NGFS2023GCAM_CP,Global,Power,GasCap,price,$/MWh,58.77032644538778
2089,NGFS2023REMIND_NDC,Global,Power,GasCap,price,$/MWh,58.77032644538778
2089,NGFS2023REMIND_FW,Global,Power,GasCap,price,$/MWh,58.77032644538778
2089,NGFS2023REMIND_CP,Global,Power,GasCap,price,$/MWh,58.77032644538778
2089,NGFS2023MESSAGE_NDC,Global,Power,GasCap,price,$/MWh,58.77032644538778
2089,NGFS2023MESSAGE_FW,Global,Power,GasCap,price,$/MWh,58.77032644538778
2089,NGFS2023MESSAGE_CP,Global,Power,GasCap,price,$/MWh,58.77032644538778
2089,NGFS2023GCAM_NDC,Global,Power,RenewablesCap,price,$/MWh,104.4802749785798
2089,NGFS2023GCAM_FW,Global,Power,RenewablesCap,price,$/MWh,104.4802749785798
2089,NGFS2023GCAM_CP,Global,Power,RenewablesCap,price,$/MWh,104.4802749785798
2089,NGFS2023REMIND_NDC,Global,Power,RenewablesCap,price,$/MWh,104.4802749785798
2089,NGFS2023REMIND_FW,Global,Power,RenewablesCap,price,$/MWh,104.4802749785798
2089,NGFS2023REMIND_CP,Global,Power,RenewablesCap,price,$/MWh,104.4802749785798
2089,NGFS2023MESSAGE_NDC,Global,Power,RenewablesCap,price,$/MWh,104.4802749785798
2089,NGFS2023MESSAGE_FW,Global,Power,RenewablesCap,price,$/MWh,104.4802749785798
2089,NGFS2023MESSAGE_CP,Global,Power,RenewablesCap,price,$/MWh,104.4802749785798
2089,NGFS2023GCAM_NDC,Global,Power,HydroCap,price,$/MWh,52.88135607909605
2089,NGFS2023GCAM_FW,Global,Power,HydroCap,price,$/MWh,52.88135607909605
2089,NGFS2023GCAM_CP,Global,Power,HydroCap,price,$/MWh,52.88135607909605
2089,NGFS2023REMIND_NDC,Global,Power,HydroCap,price,$/MWh,52.88135607909605
2089,NGFS2023REMIND_FW,Global,Power,HydroCap,price,$/MWh,52.88135607909605
2089,NGFS2023REMIND_CP,Global,Power,HydroCap,price,$/MWh,52.88135607909605
2089,NGFS2023MESSAGE_NDC,Global,Power,HydroCap,price,$/MWh,52.88135607909605
2089,NGFS2023MESSAGE_FW,Global,Power,HydroCap,price,$/MWh,52.88135607909605
2089,NGFS2023MESSAGE_CP,Global,Power,HydroCap,price,$/MWh,52.88135607909605
2089,NGFS2023GCAM_NDC,Global,Power,NuclearCap,price,$/MWh,101.69491553672316
2089,NGFS2023GCAM_FW,Global,Power,NuclearCap,price,$/MWh,101.69491553672316
2089,NGFS2023GCAM_CP,Global,Power,NuclearCap,price,$/MWh,101.69491553672316
2089,NGFS2023REMIND_NDC,Global,Power,NuclearCap,price,$/MWh,101.69491553672316
2089,NGFS2023REMIND_FW,Global,Power,NuclearCap,price,$/MWh,101.69491553672316
2089,NGFS2023REMIND_CP,Global,Power,NuclearCap,price,$/MWh,101.69491553672316
2089,NGFS2023MESSAGE_NDC,Global,Power,NuclearCap,price,$/MWh,101.69491553672316
2089,NGFS2023MESSAGE_FW,Global,Power,NuclearCap,price,$/MWh,101.69491553672316
2089,NGFS2023MESSAGE_CP,Global,Power,NuclearCap,price,$/MWh,101.69491553672316
2090,NGFS2023GCAM_NDC,Global,Power,OilCap,price,$/MWh,58.76936235462775
2090,NGFS2023GCAM_FW,Global,Power,OilCap,price,$/MWh,58.76936235462775
2090,NGFS2023GCAM_CP,Global,Power,OilCap,price,$/MWh,58.76936235462775
2090,NGFS2023REMIND_NDC,Global,Power,OilCap,price,$/MWh,58.76936235462775
2090,NGFS2023REMIND_FW,Global,Power,OilCap,price,$/MWh,58.76936235462775
2090,NGFS2023REMIND_CP,Global,Power,OilCap,price,$/MWh,58.76936235462775
2090,NGFS2023MESSAGE_NDC,Global,Power,OilCap,price,$/MWh,58.76936235462775
2090,NGFS2023MESSAGE_FW,Global,Power,OilCap,price,$/MWh,58.76936235462775
2090,NGFS2023MESSAGE_CP,Global,Power,OilCap,price,$/MWh,58.76936235462775
2090,NGFS2023GCAM_NDC,Global,Power,CoalCap,price,$/MWh,68.43478890966
2090,NGFS2023GCAM_FW,Global,Power,CoalCap,price,$/MWh,68.43478890966
2090,NGFS2023GCAM_CP,Global,Power,CoalCap,price,$/MWh,68.43478890966
2090,NGFS2023REMIND_NDC,Global,Power,CoalCap,price,$/MWh,68.43478890966
2090,NGFS2023REMIND_FW,Global,Power,CoalCap,price,$/MWh,68.43478890966
2090,NGFS2023REMIND_CP,Global,Power,CoalCap,price,$/MWh,68.43478890966
2090,NGFS2023MESSAGE_NDC,Global,Power,CoalCap,price,$/MWh,68.43478890966
2090,NGFS2023MESSAGE_FW,Global,Power,CoalCap,price,$/MWh,68.43478890966
2090,NGFS2023MESSAGE_CP,Global,Power,CoalCap,price,$/MWh,68.43478890966
2090,NGFS2023GCAM_NDC,Global,Power,GasCap,price,$/MWh,58.76936235462775
2090,NGFS2023GCAM_FW,Global,Power,GasCap,price,$/MWh,58.76936235462775
2090,NGFS2023GCAM_CP,Global,Power,GasCap,price,$/MWh,58.76936235462775
2090,NGFS2023REMIND_NDC,Global,Power,GasCap,price,$/MWh,58.76936235462775
2090,NGFS2023REMIND_FW,Global,Power,GasCap,price,$/MWh,58.76936235462775
2090,NGFS2023REMIND_CP,Global,Power,GasCap,price,$/MWh,58.76936235462775
2090,NGFS2023MESSAGE_NDC,Global,Power,GasCap,price,$/MWh,58.76936235462775
2090,NGFS2023MESSAGE_FW,Global,Power,GasCap,price,$/MWh,58.76936235462775
2090,NGFS2023MESSAGE_CP,Global,Power,GasCap,price,$/MWh,58.76936235462775
2090,NGFS2023GCAM_NDC,Global,Power,RenewablesCap,price,$/MWh,104.94799629516058
2090,NGFS2023GCAM_FW,Global,Power,RenewablesCap,price,$/MWh,104.94799629516058
2090,NGFS2023GCAM_CP,Global,Power,RenewablesCap,price,$/MWh,104.94799629516058
2090,NGFS2023REMIND_NDC,Global,Power,RenewablesCap,price,$/MWh,104.94799629516058
2090,NGFS2023REMIND_FW,Global,Power,RenewablesCap,price,$/MWh,104.94799629516058
2090,NGFS2023REMIND_CP,Global,Power,RenewablesCap,price,$/MWh,104.94799629516058
2090,NGFS2023MESSAGE_NDC,Global,Power,RenewablesCap,price,$/MWh,104.94799629516058
2090,NGFS2023MESSAGE_FW,Global,Power,RenewablesCap,price,$/MWh,104.94799629516058
2090,NGFS2023MESSAGE_CP,Global,Power,RenewablesCap,price,$/MWh,104.94799629516058
2090,NGFS2023GCAM_NDC,Global,Power,HydroCap,price,$/MWh,52.88135607909605
2090,NGFS2023GCAM_FW,Global,Power,HydroCap,price,$/MWh,52.88135607909605
2090,NGFS2023GCAM_CP,Global,Power,HydroCap,price,$/MWh,52.88135607909605
2090,NGFS2023REMIND_NDC,Global,Power,HydroCap,price,$/MWh,52.88135607909605
2090,NGFS2023REMIND_FW,Global,Power,HydroCap,price,$/MWh,52.88135607909605
2090,NGFS2023REMIND_CP,Global,Power,HydroCap,price,$/MWh,52.88135607909605
2090,NGFS2023MESSAGE_NDC,Global,Power,HydroCap,price,$/MWh,52.88135607909605
2090,NGFS2023MESSAGE_FW,Global,Power,HydroCap,price,$/MWh,52.88135607909605
2090,NGFS2023MESSAGE_CP,Global,Power,HydroCap,price,$/MWh,52.88135607909605
2090,NGFS2023GCAM_NDC,Global,Power,NuclearCap,price,$/MWh,101.69491553672316
2090,NGFS2023GCAM_FW,Global,Power,NuclearCap,price,$/MWh,101.69491553672316
2090,NGFS2023GCAM_CP,Global,Power,NuclearCap,price,$/MWh,101.69491553672316
2090,NGFS2023REMIND_NDC,Global,Power,NuclearCap,price,$/MWh,101.69491553672316
2090,NGFS2023REMIND_FW,Global,Power,NuclearCap,price,$/MWh,101.69491553672316
2090,NGFS2023REMIND_CP,Global,Power,NuclearCap,price,$/MWh,101.69491553672316
2090,NGFS2023MESSAGE_NDC,Global,Power,NuclearCap,price,$/MWh,101.69491553672316
2090,NGFS2023MESSAGE_FW,Global,Power,NuclearCap,price,$/MWh,101.69491553672316
2090,NGFS2023MESSAGE_CP,Global,Power,NuclearCap,price,$/MWh,101.69491553672316
2091,NGFS2023GCAM_NDC,Global,Power,OilCap,price,$/MWh,58.76839826386773
2091,NGFS2023GCAM_FW,Global,Power,OilCap,price,$/MWh,58.76839826386773
2091,NGFS2023GCAM_CP,Global,Power,OilCap,price,$/MWh,58.76839826386773
2091,NGFS2023REMIND_NDC,Global,Power,OilCap,price,$/MWh,58.76839826386773
2091,NGFS2023REMIND_FW,Global,Power,OilCap,price,$/MWh,58.76839826386773
2091,NGFS2023REMIND_CP,Global,Power,OilCap,price,$/MWh,58.76839826386773
2091,NGFS2023MESSAGE_NDC,Global,Power,OilCap,price,$/MWh,58.76839826386773
2091,NGFS2023MESSAGE_FW,Global,Power,OilCap,price,$/MWh,58.76839826386773
2091,NGFS2023MESSAGE_CP,Global,Power,OilCap,price,$/MWh,58.76839826386773
2091,NGFS2023GCAM_NDC,Global,Power,CoalCap,price,$/MWh,68.43871543367729
2091,NGFS2023GCAM_FW,Global,Power,CoalCap,price,$/MWh,68.43871543367729
2091,NGFS2023GCAM_CP,Global,Power,CoalCap,price,$/MWh,68.43871543367729
2091,NGFS2023REMIND_NDC,Global,Power,CoalCap,price,$/MWh,68.43871543367729
2091,NGFS2023REMIND_FW,Global,Power,CoalCap,price,$/MWh,68.43871543367729
2091,NGFS2023REMIND_CP,Global,Power,CoalCap,price,$/MWh,68.43871543367729
2091,NGFS2023MESSAGE_NDC,Global,Power,CoalCap,price,$/MWh,68.43871543367729
2091,NGFS2023MESSAGE_FW,Global,Power,CoalCap,price,$/MWh,68.43871543367729
2091,NGFS2023MESSAGE_CP,Global,Power,CoalCap,price,$/MWh,68.43871543367729
2091,NGFS2023GCAM_NDC,Global,Power,GasCap,price,$/MWh,58.76839826386773
2091,NGFS2023GCAM_FW,Global,Power,GasCap,price,$/MWh,58.76839826386773
2091,NGFS2023GCAM_CP,Global,Power,GasCap,price,$/MWh,58.76839826386773
2091,NGFS2023REMIND_NDC,Global,Power,GasCap,price,$/MWh,58.76839826386773
2091,NGFS2023REMIND_FW,Global,Power,GasCap,price,$/MWh,58.76839826386773
2091,NGFS2023REMIND_CP,Global,Power,GasCap,price,$/MWh,58.76839826386773
2091,NGFS2023MESSAGE_NDC,Global,Power,GasCap,price,$/MWh,58.76839826386773
2091,NGFS2023MESSAGE_FW,Global,Power,GasCap,price,$/MWh,58.76839826386773
2091,NGFS2023MESSAGE_CP,Global,Power,GasCap,price,$/MWh,58.76839826386773
2091,NGFS2023GCAM_NDC,Global,Power,RenewablesCap,price,$/MWh,105.41571761174124
2091,NGFS2023GCAM_FW,Global,Power,RenewablesCap,price,$/MWh,105.41571761174124
2091,NGFS2023GCAM_CP,Global,Power,RenewablesCap,price,$/MWh,105.41571761174124
2091,NGFS2023REMIND_NDC,Global,Power,RenewablesCap,price,$/MWh,105.41571761174124
2091,NGFS2023REMIND_FW,Global,Power,RenewablesCap,price,$/MWh,105.41571761174124
2091,NGFS2023REMIND_CP,Global,Power,RenewablesCap,price,$/MWh,105.41571761174124
2091,NGFS2023MESSAGE_NDC,Global,Power,RenewablesCap,price,$/MWh,105.41571761174124
2091,NGFS2023MESSAGE_FW,Global,Power,RenewablesCap,price,$/MWh,105.41571761174124
2091,NGFS2023MESSAGE_CP,Global,Power,RenewablesCap,price,$/MWh,105.41571761174124
2091,NGFS2023GCAM_NDC,Global,Power,HydroCap,price,$/MWh,52.88135607909605
2091,NGFS2023GCAM_FW,Global,Power,HydroCap,price,$/MWh,52.88135607909605
2091,NGFS2023GCAM_CP,Global,Power,HydroCap,price,$/MWh,52.88135607909605
2091,NGFS2023REMIND_NDC,Global,Power,HydroCap,price,$/MWh,52.88135607909605
2091,NGFS2023REMIND_FW,Global,Power,HydroCap,price,$/MWh,52.88135607909605
2091,NGFS2023REMIND_CP,Global,Power,HydroCap,price,$/MWh,52.88135607909605
2091,NGFS2023MESSAGE_NDC,Global,Power,HydroCap,price,$/MWh,52.88135607909605
2091,NGFS2023MESSAGE_FW,Global,Power,HydroCap,price,$/MWh,52.88135607909605
2091,NGFS2023MESSAGE_CP,Global,Power,HydroCap,price,$/MWh,52.88135607909605
2091,NGFS2023GCAM_NDC,Global,Power,NuclearCap,price,$/MWh,101.69491553672316
2091,NGFS2023GCAM_FW,Global,Power,NuclearCap,price,$/MWh,101.69491553672316
2091,NGFS2023GCAM_CP,Global,Power,NuclearCap,price,$/MWh,101.69491553672316
2091,NGFS2023REMIND_NDC,Global,Power,NuclearCap,price,$/MWh,101.69491553672316
2091,NGFS2023REMIND_FW,Global,Power,NuclearCap,price,$/MWh,101.69491553672316
2091,NGFS2023REMIND_CP,Global,Power,NuclearCap,price,$/MWh,101.69491553672316
2091,NGFS2023MESSAGE_NDC,Global,Power,NuclearCap,price,$/MWh,101.69491553672316
2091,NGFS2023MESSAGE_FW,Global,Power,NuclearCap,price,$/MWh,101.69491553672316
2091,NGFS2023MESSAGE_CP,Global,Power,NuclearCap,price,$/MWh,101.69491553672316
2092,NGFS2023GCAM_NDC,Global,Power,OilCap,price,$/MWh,58.7674341731077
2092,NGFS2023GCAM_FW,Global,Power,OilCap,price,$/MWh,58.7674341731077
2092,NGFS2023GCAM_CP,Global,Power,OilCap,price,$/MWh,58.7674341731077
2092,NGFS2023REMIND_NDC,Global,Power,OilCap,price,$/MWh,58.7674341731077
2092,NGFS2023REMIND_FW,Global,Power,OilCap,price,$/MWh,58.7674341731077
2092,NGFS2023REMIND_CP,Global,Power,OilCap,price,$/MWh,58.7674341731077
2092,NGFS2023MESSAGE_NDC,Global,Power,OilCap,price,$/MWh,58.7674341731077
2092,NGFS2023MESSAGE_FW,Global,Power,OilCap,price,$/MWh,58.7674341731077
2092,NGFS2023MESSAGE_CP,Global,Power,OilCap,price,$/MWh,58.7674341731077
2092,NGFS2023GCAM_NDC,Global,Power,CoalCap,price,$/MWh,68.44264195769458
2092,NGFS2023GCAM_FW,Global,Power,CoalCap,price,$/MWh,68.44264195769458
2092,NGFS2023GCAM_CP,Global,Power,CoalCap,price,$/MWh,68.44264195769458
2092,NGFS2023REMIND_NDC,Global,Power,CoalCap,price,$/MWh,68.44264195769458
2092,NGFS2023REMIND_FW,Global,Power,CoalCap,price,$/MWh,68.44264195769458
2092,NGFS2023REMIND_CP,Global,Power,CoalCap,price,$/MWh,68.44264195769458
2092,NGFS2023MESSAGE_NDC,Global,Power,CoalCap,price,$/MWh,68.44264195769458
2092,NGFS2023MESSAGE_FW,Global,Power,CoalCap,price,$/MWh,68.44264195769458
2092,NGFS2023MESSAGE_CP,Global,Power,CoalCap,price,$/MWh,68.44264195769458
2092,NGFS2023GCAM_NDC,Global,Power,GasCap,price,$/MWh,58.7674341731077
2092,NGFS2023GCAM_FW,Global,Power,GasCap,price,$/MWh,58.7674341731077
2092,NGFS2023GCAM_CP,Global,Power,GasCap,price,$/MWh,58.7674341731077
2092,NGFS2023REMIND_NDC,Global,Power,GasCap,price,$/MWh,58.7674341731077
2092,NGFS2023REMIND_FW,Global,Power,GasCap,price,$/MWh,58.7674341731077
2092,NGFS2023REMIND_CP,Global,Power,GasCap,price,$/MWh,58.7674341731077
2092,NGFS2023MESSAGE_NDC,Global,Power,GasCap,price,$/MWh,58.7674341731077
2092,NGFS2023MESSAGE_FW,Global,Power,GasCap,price,$/MWh,58.7674341731077
2092,NGFS2023MESSAGE_CP,Global,Power,GasCap,price,$/MWh,58.7674341731077
2092,NGFS2023GCAM_NDC,Global,Power,RenewablesCap,price,$/MWh,105.883438928322
2092,NGFS2023GCAM_FW,Global,Power,RenewablesCap,price,$/MWh,105.883438928322
2092,NGFS2023GCAM_CP,Global,Power,RenewablesCap,price,$/MWh,105.883438928322
2092,NGFS2023REMIND_NDC,Global,Power,RenewablesCap,price,$/MWh,105.883438928322
2092,NGFS2023REMIND_FW,Global,Power,RenewablesCap,price,$/MWh,105.883438928322
2092,NGFS2023REMIND_CP,Global,Power,RenewablesCap,price,$/MWh,105.883438928322
2092,NGFS2023MESSAGE_NDC,Global,Power,RenewablesCap,price,$/MWh,105.883438928322
2092,NGFS2023MESSAGE_FW,Global,Power,RenewablesCap,price,$/MWh,105.883438928322
2092,NGFS2023MESSAGE_CP,Global,Power,RenewablesCap,price,$/MWh,105.883438928322
2092,NGFS2023GCAM_NDC,Global,Power,HydroCap,price,$/MWh,52.88135607909606
2092,NGFS2023GCAM_FW,Global,Power,HydroCap,price,$/MWh,52.88135607909606
2092,NGFS2023GCAM_CP,Global,Power,HydroCap,price,$/MWh,52.88135607909606
2092,NGFS2023REMIND_NDC,Global,Power,HydroCap,price,$/MWh,52.88135607909606
2092,NGFS2023REMIND_FW,Global,Power,HydroCap,price,$/MWh,52.88135607909606
2092,NGFS2023REMIND_CP,Global,Power,HydroCap,price,$/MWh,52.88135607909606
2092,NGFS2023MESSAGE_NDC,Global,Power,HydroCap,price,$/MWh,52.88135607909606
2092,NGFS2023MESSAGE_FW,Global,Power,HydroCap,price,$/MWh,52.88135607909606
2092,NGFS2023MESSAGE_CP,Global,Power,HydroCap,price,$/MWh,52.88135607909606
2092,NGFS2023GCAM_NDC,Global,Power,NuclearCap,price,$/MWh,101.6949155367232
2092,NGFS2023GCAM_FW,Global,Power,NuclearCap,price,$/MWh,101.6949155367232
2092,NGFS2023GCAM_CP,Global,Power,NuclearCap,price,$/MWh,101.6949155367232
2092,NGFS2023REMIND_NDC,Global,Power,NuclearCap,price,$/MWh,101.6949155367232
2092,NGFS2023REMIND_FW,Global,Power,NuclearCap,price,$/MWh,101.6949155367232
2092,NGFS2023REMIND_CP,Global,Power,NuclearCap,price,$/MWh,101.6949155367232
2092,NGFS2023MESSAGE_NDC,Global,Power,NuclearCap,price,$/MWh,101.6949155367232
2092,NGFS2023MESSAGE_FW,Global,Power,NuclearCap,price,$/MWh,101.6949155367232
2092,NGFS2023MESSAGE_CP,Global,Power,NuclearCap,price,$/MWh,101.6949155367232
2093,NGFS2023GCAM_NDC,Global,Power,OilCap,price,$/MWh,58.766470082347674
2093,NGFS2023GCAM_FW,Global,Power,OilCap,price,$/MWh,58.766470082347674
2093,NGFS2023GCAM_CP,Global,Power,OilCap,price,$/MWh,58.766470082347674
2093,NGFS2023REMIND_NDC,Global,Power,OilCap,price,$/MWh,58.766470082347674
2093,NGFS2023REMIND_FW,Global,Power,OilCap,price,$/MWh,58.766470082347674
2093,NGFS2023REMIND_CP,Global,Power,OilCap,price,$/MWh,58.766470082347674
2093,NGFS2023MESSAGE_NDC,Global,Power,OilCap,price,$/MWh,58.766470082347674
2093,NGFS2023MESSAGE_FW,Global,Power,OilCap,price,$/MWh,58.766470082347674
2093,NGFS2023MESSAGE_CP,Global,Power,OilCap,price,$/MWh,58.766470082347674
2093,NGFS2023GCAM_NDC,Global,Power,CoalCap,price,$/MWh,68.44656848171185
2093,NGFS2023GCAM_FW,Global,Power,CoalCap,price,$/MWh,68.44656848171185
2093,NGFS2023GCAM_CP,Global,Power,CoalCap,price,$/MWh,68.44656848171185
2093,NGFS2023REMIND_NDC,Global,Power,CoalCap,price,$/MWh,68.44656848171185
2093,NGFS2023REMIND_FW,Global,Power,CoalCap,price,$/MWh,68.44656848171185
2093,NGFS2023REMIND_CP,Global,Power,CoalCap,price,$/MWh,68.44656848171185
2093,NGFS2023MESSAGE_NDC,Global,Power,CoalCap,price,$/MWh,68.44656848171185
2093,NGFS2023MESSAGE_FW,Global,Power,CoalCap,price,$/MWh,68.44656848171185
2093,NGFS2023MESSAGE_CP,Global,Power,CoalCap,price,$/MWh,68.44656848171185
2093,NGFS2023GCAM_NDC,Global,Power,GasCap,price,$/MWh,58.766470082347674
2093,NGFS2023GCAM_FW,Global,Power,GasCap,price,$/MWh,58.766470082347674
2093,NGFS2023GCAM_CP,Global,Power,GasCap,price,$/MWh,58.766470082347674
2093,NGFS2023REMIND_NDC,Global,Power,GasCap,price,$/MWh,58.766470082347674
2093,NGFS2023REMIND_FW,Global,Power,GasCap,price,$/MWh,58.766470082347674
2093,NGFS2023REMIND_CP,Global,Power,GasCap,price,$/MWh,58.766470082347674
2093,NGFS2023MESSAGE_NDC,Global,Power,GasCap,price,$/MWh,58.766470082347674
2093,NGFS2023MESSAGE_FW,Global,Power,GasCap,price,$/MWh,58.766470082347674
2093,NGFS2023MESSAGE_CP,Global,Power,GasCap,price,$/MWh,58.766470082347674
2093,NGFS2023GCAM_NDC,Global,Power,RenewablesCap,price,$/MWh,106.35116024490264
2093,NGFS2023GCAM_FW,Global,Power,RenewablesCap,price,$/MWh,106.35116024490264
2093,NGFS2023GCAM_CP,Global,Power,RenewablesCap,price,$/MWh,106.35116024490264
2093,NGFS2023REMIND_NDC,Global,Power,RenewablesCap,price,$/MWh,106.35116024490264
2093,NGFS2023REMIND_FW,Global,Power,RenewablesCap,price,$/MWh,106.35116024490264
2093,NGFS2023REMIND_CP,Global,Power,RenewablesCap,price,$/MWh,106.35116024490264
2093,NGFS2023MESSAGE_NDC,Global,Power,RenewablesCap,price,$/MWh,106.35116024490264
2093,NGFS2023MESSAGE_FW,Global,Power,RenewablesCap,price,$/MWh,106.35116024490264
2093,NGFS2023MESSAGE_CP,Global,Power,RenewablesCap,price,$/MWh,106.35116024490264
2093,NGFS2023GCAM_NDC,Global,Power,HydroCap,price,$/MWh,52.88135607909606
2093,NGFS2023GCAM_FW,Global,Power,HydroCap,price,$/MWh,52.88135607909606
2093,NGFS2023GCAM_CP,Global,Power,HydroCap,price,$/MWh,52.88135607909606
2093,NGFS2023REMIND_NDC,Global,Power,HydroCap,price,$/MWh,52.88135607909606
2093,NGFS2023REMIND_FW,Global,Power,HydroCap,price,$/MWh,52.88135607909606
2093,NGFS2023REMIND_CP,Global,Power,HydroCap,price,$/MWh,52.88135607909606
2093,NGFS2023MESSAGE_NDC,Global,Power,HydroCap,price,$/MWh,52.88135607909606
2093,NGFS2023MESSAGE_FW,Global,Power,HydroCap,price,$/MWh,52.88135607909606
2093,NGFS2023MESSAGE_CP,Global,Power,HydroCap,price,$/MWh,52.88135607909606
2093,NGFS2023GCAM_NDC,Global,Power,NuclearCap,price,$/MWh,101.6949155367232
2093,NGFS2023GCAM_FW,Global,Power,NuclearCap,price,$/MWh,101.6949155367232
2093,NGFS2023GCAM_CP,Global,Power,NuclearCap,price,$/MWh,101.6949155367232
2093,NGFS2023REMIND_NDC,Global,Power,NuclearCap,price,$/MWh,101.6949155367232
2093,NGFS2023REMIND_FW,Global,Power,NuclearCap,price,$/MWh,101.6949155367232
2093,NGFS2023REMIND_CP,Global,Power,NuclearCap,price,$/MWh,101.6949155367232
2093,NGFS2023MESSAGE_NDC,Global,Power,NuclearCap,price,$/MWh,101.6949155367232
2093,NGFS2023MESSAGE_FW,Global,Power,NuclearCap,price,$/MWh,101.6949155367232
2093,NGFS2023MESSAGE_CP,Global,Power,NuclearCap,price,$/MWh,101.6949155367232
2094,NGFS2023GCAM_NDC,Global,Power,OilCap,price,$/MWh,58.765505991587645
2094,NGFS2023GCAM_FW,Global,Power,OilCap,price,$/MWh,58.765505991587645
2094,NGFS2023GCAM_CP,Global,Power,OilCap,price,$/MWh,58.765505991587645
2094,NGFS2023REMIND_NDC,Global,Power,OilCap,price,$/MWh,58.765505991587645
2094,NGFS2023REMIND_FW,Global,Power,OilCap,price,$/MWh,58.765505991587645
2094,NGFS2023REMIND_CP,Global,Power,OilCap,price,$/MWh,58.765505991587645
2094,NGFS2023MESSAGE_NDC,Global,Power,OilCap,price,$/MWh,58.765505991587645
2094,NGFS2023MESSAGE_FW,Global,Power,OilCap,price,$/MWh,58.765505991587645
2094,NGFS2023MESSAGE_CP,Global,Power,OilCap,price,$/MWh,58.765505991587645
2094,NGFS2023GCAM_NDC,Global,Power,CoalCap,price,$/MWh,68.45049500572914
2094,NGFS2023GCAM_FW,Global,Power,CoalCap,price,$/MWh,68.45049500572914
2094,NGFS2023GCAM_CP,Global,Power,CoalCap,price,$/MWh,68.45049500572914
2094,NGFS2023REMIND_NDC,Global,Power,CoalCap,price,$/MWh,68.45049500572914
2094,NGFS2023REMIND_FW,Global,Power,CoalCap,price,$/MWh,68.45049500572914
2094,NGFS2023REMIND_CP,Global,Power,CoalCap,price,$/MWh,68.45049500572914
2094,NGFS2023MESSAGE_NDC,Global,Power,CoalCap,price,$/MWh,68.45049500572914
2094,NGFS2023MESSAGE_FW,Global,Power,CoalCap,price,$/MWh,68.45049500572914
2094,NGFS2023MESSAGE_CP,Global,Power,CoalCap,price,$/MWh,68.45049500572914
2094,NGFS2023GCAM_NDC,Global,Power,GasCap,price,$/MWh,58.765505991587645
2094,NGFS2023GCAM_FW,Global,Power,GasCap,price,$/MWh,58.765505991587645
2094,NGFS2023GCAM_CP,Global,Power,GasCap,price,$/MWh,58.765505991587645
2094,NGFS2023REMIND_NDC,Global,Power,GasCap,price,$/MWh,58.765505991587645
2094,NGFS2023REMIND_FW,Global,Power,GasCap,price,$/MWh,58.765505991587645
2094,NGFS2023REMIND_CP,Global,Power,GasCap,price,$/MWh,58.765505991587645
2094,NGFS2023MESSAGE_NDC,Global,Power,GasCap,price,$/MWh,58.765505991587645
2094,NGFS2023MESSAGE_FW,Global,Power,GasCap,price,$/MWh,58.765505991587645
2094,NGFS2023MESSAGE_CP,Global,Power,GasCap,price,$/MWh,58.765505991587645
2094,NGFS2023GCAM_NDC,Global,Power,RenewablesCap,price,$/MWh,106.8188815614833
2094,NGFS2023GCAM_FW,Global,Power,RenewablesCap,price,$/MWh,106.8188815614833
2094,NGFS2023GCAM_CP,Global,Power,RenewablesCap,price,$/MWh,106.8188815614833
2094,NGFS2023REMIND_NDC,Global,Power,RenewablesCap,price,$/MWh,106.8188815614833
2094,NGFS2023REMIND_FW,Global,Power,RenewablesCap,price,$/MWh,106.8188815614833
2094,NGFS2023REMIND_CP,Global,Power,RenewablesCap,price,$/MWh,106.8188815614833
2094,NGFS2023MESSAGE_NDC,Global,Power,RenewablesCap,price,$/MWh,106.8188815614833
2094,NGFS2023MESSAGE_FW,Global,Power,RenewablesCap,price,$/MWh,106.8188815614833
2094,NGFS2023MESSAGE_CP,Global,Power,RenewablesCap,price,$/MWh,106.8188815614833
2094,NGFS2023GCAM_NDC,Global,Power,HydroCap,price,$/MWh,52.88135607909606
2094,NGFS2023GCAM_FW,Global,Power,HydroCap,price,$/MWh,52.88135607909606
2094,NGFS2023GCAM_CP,Global,Power,HydroCap,price,$/MWh,52.88135607909606
2094,NGFS2023REMIND_NDC,Global,Power,HydroCap,price,$/MWh,52.88135607909606
2094,NGFS2023REMIND_FW,Global,Power,HydroCap,price,$/MWh,52.88135607909606
2094,NGFS2023REMIND_CP,Global,Power,HydroCap,price,$/MWh,52.88135607909606
2094,NGFS2023MESSAGE_NDC,Global,Power,HydroCap,price,$/MWh,52.88135607909606
2094,NGFS2023MESSAGE_FW,Global,Power,HydroCap,price,$/MWh,52.88135607909606
2094,NGFS2023MESSAGE_CP,Global,Power,HydroCap,price,$/MWh,52.88135607909606
2094,NGFS2023GCAM_NDC,Global,Power,NuclearCap,price,$/MWh,101.6949155367232
2094,NGFS2023GCAM_FW,Global,Power,NuclearCap,price,$/MWh,101.6949155367232
2094,NGFS2023GCAM_CP,Global,Power,NuclearCap,price,$/MWh,101.6949155367232
2094,NGFS2023REMIND_NDC,Global,Power,NuclearCap,price,$/MWh,101.6949155367232
2094,NGFS2023REMIND_FW,Global,Power,NuclearCap,price,$/MWh,101.6949155367232
2094,NGFS2023REMIND_CP,Global,Power,NuclearCap,price,$/MWh,101.6949155367232
2094,NGFS2023MESSAGE_NDC,Global,Power,NuclearCap,price,$/MWh,101.6949155367232
2094,NGFS2023MESSAGE_FW,Global,Power,NuclearCap,price,$/MWh,101.6949155367232
2094,NGFS2023MESSAGE_CP,Global,Power,NuclearCap,price,$/MWh,101.6949155367232
2095,NGFS2023GCAM_NDC,Global,Power,OilCap,price,$/MWh,58.76454190082762
2095,NGFS2023GCAM_FW,Global,Power,OilCap,price,$/MWh,58.76454190082762
2095,NGFS2023GCAM_CP,Global,Power,OilCap,price,$/MWh,58.76454190082762
2095,NGFS2023REMIND_NDC,Global,Power,OilCap,price,$/MWh,58.76454190082762
2095,NGFS2023REMIND_FW,Global,Power,OilCap,price,$/MWh,58.76454190082762
2095,NGFS2023REMIND_CP,Global,Power,OilCap,price,$/MWh,58.76454190082762
2095,NGFS2023MESSAGE_NDC,Global,Power,OilCap,price,$/MWh,58.76454190082762
2095,NGFS2023MESSAGE_FW,Global,Power,OilCap,price,$/MWh,58.76454190082762
2095,NGFS2023MESSAGE_CP,Global,Power,OilCap,price,$/MWh,58.76454190082762
2095,NGFS2023GCAM_NDC,Global,Power,CoalCap,price,$/MWh,68.45442152974643
2095,NGFS2023GCAM_FW,Global,Power,CoalCap,price,$/MWh,68.45442152974643
2095,NGFS2023GCAM_CP,Global,Power,CoalCap,price,$/MWh,68.45442152974643
2095,NGFS2023REMIND_NDC,Global,Power,CoalCap,price,$/MWh,68.45442152974643
2095,NGFS2023REMIND_FW,Global,Power,CoalCap,price,$/MWh,68.45442152974643
2095,NGFS2023REMIND_CP,Global,Power,CoalCap,price,$/MWh,68.45442152974643
2095,NGFS2023MESSAGE_NDC,Global,Power,CoalCap,price,$/MWh,68.45442152974643
2095,NGFS2023MESSAGE_FW,Global,Power,CoalCap,price,$/MWh,68.45442152974643
2095,NGFS2023MESSAGE_CP,Global,Power,CoalCap,price,$/MWh,68.45442152974643
2095,NGFS2023GCAM_NDC,Global,Power,GasCap,price,$/MWh,58.76454190082762
2095,NGFS2023GCAM_FW,Global,Power,GasCap,price,$/MWh,58.76454190082762
2095,NGFS2023GCAM_CP,Global,Power,GasCap,price,$/MWh,58.76454190082762
2095,NGFS2023REMIND_NDC,Global,Power,GasCap,price,$/MWh,58.76454190082762
2095,NGFS2023REMIND_FW,Global,Power,GasCap,price,$/MWh,58.76454190082762
2095,NGFS2023REMIND_CP,Global,Power,GasCap,price,$/MWh,58.76454190082762
2095,NGFS2023MESSAGE_NDC,Global,Power,GasCap,price,$/MWh,58.76454190082762
2095,NGFS2023MESSAGE_FW,Global,Power,GasCap,price,$/MWh,58.76454190082762
2095,NGFS2023MESSAGE_CP,Global,Power,GasCap,price,$/MWh,58.76454190082762
2095,NGFS2023GCAM_NDC,Global,Power,RenewablesCap,price,$/MWh,107.28660287806406
2095,NGFS2023GCAM_FW,Global,Power,RenewablesCap,price,$/MWh,107.28660287806406
2095,NGFS2023GCAM_CP,Global,Power,RenewablesCap,price,$/MWh,107.28660287806406
2095,NGFS2023REMIND_NDC,Global,Power,RenewablesCap,price,$/MWh,107.28660287806406
2095,NGFS2023REMIND_FW,Global,Power,RenewablesCap,price,$/MWh,107.28660287806406
2095,NGFS2023REMIND_CP,Global,Power,RenewablesCap,price,$/MWh,107.28660287806406
2095,NGFS2023MESSAGE_NDC,Global,Power,RenewablesCap,price,$/MWh,107.28660287806406
2095,NGFS2023MESSAGE_FW,Global,Power,RenewablesCap,price,$/MWh,107.28660287806406
2095,NGFS2023MESSAGE_CP,Global,Power,RenewablesCap,price,$/MWh,107.28660287806406
2095,NGFS2023GCAM_NDC,Global,Power,HydroCap,price,$/MWh,52.88135607909606
2095,NGFS2023GCAM_FW,Global,Power,HydroCap,price,$/MWh,52.88135607909606
2095,NGFS2023GCAM_CP,Global,Power,HydroCap,price,$/MWh,52.88135607909606
2095,NGFS2023REMIND_NDC,Global,Power,HydroCap,price,$/MWh,52.88135607909606
2095,NGFS2023REMIND_FW,Global,Power,HydroCap,price,$/MWh,52.88135607909606
2095,NGFS2023REMIND_CP,Global,Power,HydroCap,price,$/MWh,52.88135607909606
2095,NGFS2023MESSAGE_NDC,Global,Power,HydroCap,price,$/MWh,52.88135607909606
2095,NGFS2023MESSAGE_FW,Global,Power,HydroCap,price,$/MWh,52.88135607909606
2095,NGFS2023MESSAGE_CP,Global,Power,HydroCap,price,$/MWh,52.88135607909606
2095,NGFS2023GCAM_NDC,Global,Power,NuclearCap,price,$/MWh,101.6949155367232
2095,NGFS2023GCAM_FW,Global,Power,NuclearCap,price,$/MWh,101.6949155367232
2095,NGFS2023GCAM_CP,Global,Power,NuclearCap,price,$/MWh,101.6949155367232
2095,NGFS2023REMIND_NDC,Global,Power,NuclearCap,price,$/MWh,101.6949155367232
2095,NGFS2023REMIND_FW,Global,Power,NuclearCap,price,$/MWh,101.6949155367232
2095,NGFS2023REMIND_CP,Global,Power,NuclearCap,price,$/MWh,101.6949155367232
2095,NGFS2023MESSAGE_NDC,Global,Power,NuclearCap,price,$/MWh,101.6949155367232
2095,NGFS2023MESSAGE_FW,Global,Power,NuclearCap,price,$/MWh,101.6949155367232
2095,NGFS2023MESSAGE_CP,Global,Power,NuclearCap,price,$/MWh,101.6949155367232
2096,NGFS2023GCAM_NDC,Global,Power,OilCap,price,$/MWh,58.763577810067595
2096,NGFS2023GCAM_FW,Global,Power,OilCap,price,$/MWh,58.763577810067595
2096,NGFS2023GCAM_CP,Global,Power,OilCap,price,$/MWh,58.763577810067595
2096,NGFS2023REMIND_NDC,Global,Power,OilCap,price,$/MWh,58.763577810067595
2096,NGFS2023REMIND_FW,Global,Power,OilCap,price,$/MWh,58.763577810067595
2096,NGFS2023REMIND_CP,Global,Power,OilCap,price,$/MWh,58.763577810067595
2096,NGFS2023MESSAGE_NDC,Global,Power,OilCap,price,$/MWh,58.763577810067595
2096,NGFS2023MESSAGE_FW,Global,Power,OilCap,price,$/MWh,58.763577810067595
2096,NGFS2023MESSAGE_CP,Global,Power,OilCap,price,$/MWh,58.763577810067595
2096,NGFS2023GCAM_NDC,Global,Power,CoalCap,price,$/MWh,68.45834805376371
2096,NGFS2023GCAM_FW,Global,Power,CoalCap,price,$/MWh,68.45834805376371
2096,NGFS2023GCAM_CP,Global,Power,CoalCap,price,$/MWh,68.45834805376371
2096,NGFS2023REMIND_NDC,Global,Power,CoalCap,price,$/MWh,68.45834805376371
2096,NGFS2023REMIND_FW,Global,Power,CoalCap,price,$/MWh,68.45834805376371
2096,NGFS2023REMIND_CP,Global,Power,CoalCap,price,$/MWh,68.45834805376371
2096,NGFS2023MESSAGE_NDC,Global,Power,CoalCap,price,$/MWh,68.45834805376371
2096,NGFS2023MESSAGE_FW,Global,Power,CoalCap,price,$/MWh,68.45834805376371
2096,NGFS2023MESSAGE_CP,Global,Power,CoalCap,price,$/MWh,68.45834805376371
2096,NGFS2023GCAM_NDC,Global,Power,GasCap,price,$/MWh,58.763577810067595
2096,NGFS2023GCAM_FW,Global,Power,GasCap,price,$/MWh,58.763577810067595
2096,NGFS2023GCAM_CP,Global,Power,GasCap,price,$/MWh,58.763577810067595
2096,NGFS2023REMIND_NDC,Global,Power,GasCap,price,$/MWh,58.763577810067595
2096,NGFS2023REMIND_FW,Global,Power,GasCap,price,$/MWh,58.763577810067595
2096,NGFS2023REMIND_CP,Global,Power,GasCap,price,$/MWh,58.763577810067595
2096,NGFS2023MESSAGE_NDC,Global,Power,GasCap,price,$/MWh,58.763577810067595
2096,NGFS2023MESSAGE_FW,Global,Power,GasCap,price,$/MWh,58.763577810067595
2096,NGFS2023MESSAGE_CP,Global,Power,GasCap,price,$/MWh,58.763577810067595
2096,NGFS2023GCAM_NDC,Global,Power,RenewablesCap,price,$/MWh,107.75432419464472
2096,NGFS2023GCAM_FW,Global,Power,RenewablesCap,price,$/MWh,107.75432419464472
2096,NGFS2023GCAM_CP,Global,Power,RenewablesCap,price,$/MWh,107.75432419464472
2096,NGFS2023REMIND_NDC,Global,Power,RenewablesCap,price,$/MWh,107.75432419464472
2096,NGFS2023REMIND_FW,Global,Power,RenewablesCap,price,$/MWh,107.75432419464472
2096,NGFS2023REMIND_CP,Global,Power,RenewablesCap,price,$/MWh,107.75432419464472
2096,NGFS2023MESSAGE_NDC,Global,Power,RenewablesCap,price,$/MWh,107.75432419464472
2096,NGFS2023MESSAGE_FW,Global,Power,RenewablesCap,price,$/MWh,107.75432419464472
2096,NGFS2023MESSAGE_CP,Global,Power,RenewablesCap,price,$/MWh,107.75432419464472
2096,NGFS2023GCAM_NDC,Global,Power,HydroCap,price,$/MWh,52.88135607909606
2096,NGFS2023GCAM_FW,Global,Power,HydroCap,price,$/MWh,52.88135607909606
2096,NGFS2023GCAM_CP,Global,Power,HydroCap,price,$/MWh,52.88135607909606
2096,NGFS2023REMIND_NDC,Global,Power,HydroCap,price,$/MWh,52.88135607909606
2096,NGFS2023REMIND_FW,Global,Power,HydroCap,price,$/MWh,52.88135607909606
2096,NGFS2023REMIND_CP,Global,Power,HydroCap,price,$/MWh,52.88135607909606
2096,NGFS2023MESSAGE_NDC,Global,Power,HydroCap,price,$/MWh,52.88135607909606
2096,NGFS2023MESSAGE_FW,Global,Power,HydroCap,price,$/MWh,52.88135607909606
2096,NGFS2023MESSAGE_CP,Global,Power,HydroCap,price,$/MWh,52.88135607909606
2096,NGFS2023GCAM_NDC,Global,Power,NuclearCap,price,$/MWh,101.6949155367232
2096,NGFS2023GCAM_FW,Global,Power,NuclearCap,price,$/MWh,101.6949155367232
2096,NGFS2023GCAM_CP,Global,Power,NuclearCap,price,$/MWh,101.6949155367232
2096,NGFS2023REMIND_NDC,Global,Power,NuclearCap,price,$/MWh,101.6949155367232
2096,NGFS2023REMIND_FW,Global,Power,NuclearCap,price,$/MWh,101.6949155367232
2096,NGFS2023REMIND_CP,Global,Power,NuclearCap,price,$/MWh,101.6949155367232
2096,NGFS2023MESSAGE_NDC,Global,Power,NuclearCap,price,$/MWh,101.6949155367232
2096,NGFS2023MESSAGE_FW,Global,Power,NuclearCap,price,$/MWh,101.6949155367232
2096,NGFS2023MESSAGE_CP,Global,Power,NuclearCap,price,$/MWh,101.6949155367232
2097,NGFS2023GCAM_NDC,Global,Power,OilCap,price,$/MWh,58.762613719307566
2097,NGFS2023GCAM_FW,Global,Power,OilCap,price,$/MWh,58.762613719307566
2097,NGFS2023GCAM_CP,Global,Power,OilCap,price,$/MWh,58.762613719307566
2097,NGFS2023REMIND_NDC,Global,Power,OilCap,price,$/MWh,58.762613719307566
2097,NGFS2023REMIND_FW,Global,Power,OilCap,price,$/MWh,58.762613719307566
2097,NGFS2023REMIND_CP,Global,Power,OilCap,price,$/MWh,58.762613719307566
2097,NGFS2023MESSAGE_NDC,Global,Power,OilCap,price,$/MWh,58.762613719307566
2097,NGFS2023MESSAGE_FW,Global,Power,OilCap,price,$/MWh,58.762613719307566
2097,NGFS2023MESSAGE_CP,Global,Power,OilCap,price,$/MWh,58.762613719307566
2097,NGFS2023GCAM_NDC,Global,Power,CoalCap,price,$/MWh,68.46227457778099
2097,NGFS2023GCAM_FW,Global,Power,CoalCap,price,$/MWh,68.46227457778099
2097,NGFS2023GCAM_CP,Global,Power,CoalCap,price,$/MWh,68.46227457778099
2097,NGFS2023REMIND_NDC,Global,Power,CoalCap,price,$/MWh,68.46227457778099
2097,NGFS2023REMIND_FW,Global,Power,CoalCap,price,$/MWh,68.46227457778099
2097,NGFS2023REMIND_CP,Global,Power,CoalCap,price,$/MWh,68.46227457778099
2097,NGFS2023MESSAGE_NDC,Global,Power,CoalCap,price,$/MWh,68.46227457778099
2097,NGFS2023MESSAGE_FW,Global,Power,CoalCap,price,$/MWh,68.46227457778099
2097,NGFS2023MESSAGE_CP,Global,Power,CoalCap,price,$/MWh,68.46227457778099
2097,NGFS2023GCAM_NDC,Global,Power,GasCap,price,$/MWh,58.762613719307566
2097,NGFS2023GCAM_FW,Global,Power,GasCap,price,$/MWh,58.762613719307566
2097,NGFS2023GCAM_CP,Global,Power,GasCap,price,$/MWh,58.762613719307566
2097,NGFS2023REMIND_NDC,Global,Power,GasCap,price,$/MWh,58.762613719307566
2097,NGFS2023REMIND_FW,Global,Power,GasCap,price,$/MWh,58.762613719307566
2097,NGFS2023REMIND_CP,Global,Power,GasCap,price,$/MWh,58.762613719307566
2097,NGFS2023MESSAGE_NDC,Global,Power,GasCap,price,$/MWh,58.762613719307566
2097,NGFS2023MESSAGE_FW,Global,Power,GasCap,price,$/MWh,58.762613719307566
2097,NGFS2023MESSAGE_CP,Global,Power,GasCap,price,$/MWh,58.762613719307566
2097,NGFS2023GCAM_NDC,Global,Power,RenewablesCap,price,$/MWh,108.22204551122547
2097,NGFS2023GCAM_FW,Global,Power,RenewablesCap,price,$/MWh,108.22204551122547
2097,NGFS2023GCAM_CP,Global,Power,RenewablesCap,price,$/MWh,108.22204551122547
2097,NGFS2023REMIND_NDC,Global,Power,RenewablesCap,price,$/MWh,108.22204551122547
2097,NGFS2023REMIND_FW,Global,Power,RenewablesCap,price,$/MWh,108.22204551122547
2097,NGFS2023REMIND_CP,Global,Power,RenewablesCap,price,$/MWh,108.22204551122547
2097,NGFS2023MESSAGE_NDC,Global,Power,RenewablesCap,price,$/MWh,108.22204551122547
2097,NGFS2023MESSAGE_FW,Global,Power,RenewablesCap,price,$/MWh,108.22204551122547
2097,NGFS2023MESSAGE_CP,Global,Power,RenewablesCap,price,$/MWh,108.22204551122547
2097,NGFS2023GCAM_NDC,Global,Power,HydroCap,price,$/MWh,52.88135607909606
2097,NGFS2023GCAM_FW,Global,Power,HydroCap,price,$/MWh,52.88135607909606
2097,NGFS2023GCAM_CP,Global,Power,HydroCap,price,$/MWh,52.88135607909606
2097,NGFS2023REMIND_NDC,Global,Power,HydroCap,price,$/MWh,52.88135607909606
2097,NGFS2023REMIND_FW,Global,Power,HydroCap,price,$/MWh,52.88135607909606
2097,NGFS2023REMIND_CP,Global,Power,HydroCap,price,$/MWh,52.88135607909606
2097,NGFS2023MESSAGE_NDC,Global,Power,HydroCap,price,$/MWh,52.88135607909606
2097,NGFS2023MESSAGE_FW,Global,Power,HydroCap,price,$/MWh,52.88135607909606
2097,NGFS2023MESSAGE_CP,Global,Power,HydroCap,price,$/MWh,52.88135607909606
2097,NGFS2023GCAM_NDC,Global,Power,NuclearCap,price,$/MWh,101.6949155367232
2097,NGFS2023GCAM_FW,Global,Power,NuclearCap,price,$/MWh,101.6949155367232
2097,NGFS2023GCAM_CP,Global,Power,NuclearCap,price,$/MWh,101.6949155367232
2097,NGFS2023REMIND_NDC,Global,Power,NuclearCap,price,$/MWh,101.6949155367232
2097,NGFS2023REMIND_FW,Global,Power,NuclearCap,price,$/MWh,101.6949155367232
2097,NGFS2023REMIND_CP,Global,Power,NuclearCap,price,$/MWh,101.6949155367232
2097,NGFS2023MESSAGE_NDC,Global,Power,NuclearCap,price,$/MWh,101.6949155367232
2097,NGFS2023MESSAGE_FW,Global,Power,NuclearCap,price,$/MWh,101.6949155367232
2097,NGFS2023MESSAGE_CP,Global,Power,NuclearCap,price,$/MWh,101.6949155367232
2098,NGFS2023GCAM_NDC,Global,Power,OilCap,price,$/MWh,58.761649628547545
2098,NGFS2023GCAM_FW,Global,Power,OilCap,price,$/MWh,58.761649628547545
2098,NGFS2023GCAM_CP,Global,Power,OilCap,price,$/MWh,58.761649628547545
2098,NGFS2023REMIND_NDC,Global,Power,OilCap,price,$/MWh,58.761649628547545
2098,NGFS2023REMIND_FW,Global,Power,OilCap,price,$/MWh,58.761649628547545
2098,NGFS2023REMIND_CP,Global,Power,OilCap,price,$/MWh,58.761649628547545
2098,NGFS2023MESSAGE_NDC,Global,Power,OilCap,price,$/MWh,58.761649628547545
2098,NGFS2023MESSAGE_FW,Global,Power,OilCap,price,$/MWh,58.761649628547545
2098,NGFS2023MESSAGE_CP,Global,Power,OilCap,price,$/MWh,58.761649628547545
2098,NGFS2023GCAM_NDC,Global,Power,CoalCap,price,$/MWh,68.46620110179828
2098,NGFS2023GCAM_FW,Global,Power,CoalCap,price,$/MWh,68.46620110179828
2098,NGFS2023GCAM_CP,Global,Power,CoalCap,price,$/MWh,68.46620110179828
2098,NGFS2023REMIND_NDC,Global,Power,CoalCap,price,$/MWh,68.46620110179828
2098,NGFS2023REMIND_FW,Global,Power,CoalCap,price,$/MWh,68.46620110179828
2098,NGFS2023REMIND_CP,Global,Power,CoalCap,price,$/MWh,68.46620110179828
2098,NGFS2023MESSAGE_NDC,Global,Power,CoalCap,price,$/MWh,68.46620110179828
2098,NGFS2023MESSAGE_FW,Global,Power,CoalCap,price,$/MWh,68.46620110179828
2098,NGFS2023MESSAGE_CP,Global,Power,CoalCap,price,$/MWh,68.46620110179828
2098,NGFS2023GCAM_NDC,Global,Power,GasCap,price,$/MWh,58.761649628547545
2098,NGFS2023GCAM_FW,Global,Power,GasCap,price,$/MWh,58.761649628547545
2098,NGFS2023GCAM_CP,Global,Power,GasCap,price,$/MWh,58.761649628547545
2098,NGFS2023REMIND_NDC,Global,Power,GasCap,price,$/MWh,58.761649628547545
2098,NGFS2023REMIND_FW,Global,Power,GasCap,price,$/MWh,58.761649628547545
2098,NGFS2023REMIND_CP,Global,Power,GasCap,price,$/MWh,58.761649628547545
2098,NGFS2023MESSAGE_NDC,Global,Power,GasCap,price,$/MWh,58.761649628547545
2098,NGFS2023MESSAGE_FW,Global,Power,GasCap,price,$/MWh,58.761649628547545
2098,NGFS2023MESSAGE_CP,Global,Power,GasCap,price,$/MWh,58.761649628547545
2098,NGFS2023GCAM_NDC,Global,Power,RenewablesCap,price,$/MWh,108.68976682780612
2098,NGFS2023GCAM_FW,Global,Power,RenewablesCap,price,$/MWh,108.68976682780612
2098,NGFS2023GCAM_CP,Global,Power,RenewablesCap,price,$/MWh,108.68976682780612
2098,NGFS2023REMIND_NDC,Global,Power,RenewablesCap,price,$/MWh,108.68976682780612
2098,NGFS2023REMIND_FW,Global,Power,RenewablesCap,price,$/MWh,108.68976682780612
2098,NGFS2023REMIND_CP,Global,Power,RenewablesCap,price,$/MWh,108.68976682780612
2098,NGFS2023MESSAGE_NDC,Global,Power,RenewablesCap,price,$/MWh,108.68976682780612
2098,NGFS2023MESSAGE_FW,Global,Power,RenewablesCap,price,$/MWh,108.68976682780612
2098,NGFS2023MESSAGE_CP,Global,Power,RenewablesCap,price,$/MWh,108.68976682780612
2098,NGFS2023GCAM_NDC,Global,Power,HydroCap,price,$/MWh,52.88135607909606
2098,NGFS2023GCAM_FW,Global,Power,HydroCap,price,$/MWh,52.88135607909606
2098,NGFS2023GCAM_CP,Global,Power,HydroCap,price,$/MWh,52.88135607909606
2098,NGFS2023REMIND_NDC,Global,Power,HydroCap,price,$/MWh,52.88135607909606
2098,NGFS2023REMIND_FW,Global,Power,HydroCap,price,$/MWh,52.88135607909606
2098,NGFS2023REMIND_CP,Global,Power,HydroCap,price,$/MWh,52.88135607909606
2098,NGFS2023MESSAGE_NDC,Global,Power,HydroCap,price,$/MWh,52.88135607909606
2098,NGFS2023MESSAGE_FW,Global,Power,HydroCap,price,$/MWh,52.88135607909606
2098,NGFS2023MESSAGE_CP,Global,Power,HydroCap,price,$/MWh,52.88135607909606
2098,NGFS2023GCAM_NDC,Global,Power,NuclearCap,price,$/MWh,101.6949155367232
2098,NGFS2023GCAM_FW,Global,Power,NuclearCap,price,$/MWh,101.6949155367232
2098,NGFS2023GCAM_CP,Global,Power,NuclearCap,price,$/MWh,101.6949155367232
2098,NGFS2023REMIND_NDC,Global,Power,NuclearCap,price,$/MWh,101.6949155367232
2098,NGFS2023REMIND_FW,Global,Power,NuclearCap,price,$/MWh,101.6949155367232
2098,NGFS2023REMIND_CP,Global,Power,NuclearCap,price,$/MWh,101.6949155367232
2098,NGFS2023MESSAGE_NDC,Global,Power,NuclearCap,price,$/MWh,101.6949155367232
2098,NGFS2023MESSAGE_FW,Global,Power,NuclearCap,price,$/MWh,101.6949155367232
2098,NGFS2023MESSAGE_CP,Global,Power,NuclearCap,price,$/MWh,101.6949155367232
2099,NGFS2023GCAM_NDC,Global,Power,OilCap,price,$/MWh,58.76068553778752
2099,NGFS2023GCAM_FW,Global,Power,OilCap,price,$/MWh,58.76068553778752
2099,NGFS2023GCAM_CP,Global,Power,OilCap,price,$/MWh,58.76068553778752
2099,NGFS2023REMIND_NDC,Global,Power,OilCap,price,$/MWh,58.76068553778752
2099,NGFS2023REMIND_FW,Global,Power,OilCap,price,$/MWh,58.76068553778752
2099,NGFS2023REMIND_CP,Global,Power,OilCap,price,$/MWh,58.76068553778752
2099,NGFS2023MESSAGE_NDC,Global,Power,OilCap,price,$/MWh,58.76068553778752
2099,NGFS2023MESSAGE_FW,Global,Power,OilCap,price,$/MWh,58.76068553778752
2099,NGFS2023MESSAGE_CP,Global,Power,OilCap,price,$/MWh,58.76068553778752
2099,NGFS2023GCAM_NDC,Global,Power,CoalCap,price,$/MWh,68.47012762581556
2099,NGFS2023GCAM_FW,Global,Power,CoalCap,price,$/MWh,68.47012762581556
2099,NGFS2023GCAM_CP,Global,Power,CoalCap,price,$/MWh,68.47012762581556
2099,NGFS2023REMIND_NDC,Global,Power,CoalCap,price,$/MWh,68.47012762581556
2099,NGFS2023REMIND_FW,Global,Power,CoalCap,price,$/MWh,68.47012762581556
2099,NGFS2023REMIND_CP,Global,Power,CoalCap,price,$/MWh,68.47012762581556
2099,NGFS2023MESSAGE_NDC,Global,Power,CoalCap,price,$/MWh,68.47012762581556
2099,NGFS2023MESSAGE_FW,Global,Power,CoalCap,price,$/MWh,68.47012762581556
2099,NGFS2023MESSAGE_CP,Global,Power,CoalCap,price,$/MWh,68.47012762581556
2099,NGFS2023GCAM_NDC,Global,Power,GasCap,price,$/MWh,58.76068553778752
2099,NGFS2023GCAM_FW,Global,Power,GasCap,price,$/MWh,58.76068553778752
2099,NGFS2023GCAM_CP,Global,Power,GasCap,price,$/MWh,58.76068553778752
2099,NGFS2023REMIND_NDC,Global,Power,GasCap,price,$/MWh,58.76068553778752
2099,NGFS2023REMIND_FW,Global,Power,GasCap,price,$/MWh,58.76068553778752
2099,NGFS2023REMIND_CP,Global,Power,GasCap,price,$/MWh,58.76068553778752
2099,NGFS2023MESSAGE_NDC,Global,Power,GasCap,price,$/MWh,58.76068553778752
2099,NGFS2023MESSAGE_FW,Global,Power,GasCap,price,$/MWh,58.76068553778752
2099,NGFS2023MESSAGE_CP,Global,Power,GasCap,price,$/MWh,58.76068553778752
2099,NGFS2023GCAM_NDC,Global,Power,RenewablesCap,price,$/MWh,109.15748814438687
2099,NGFS2023GCAM_FW,Global,Power,RenewablesCap,price,$/MWh,109.15748814438687
2099,NGFS2023GCAM_CP,Global,Power,RenewablesCap,price,$/MWh,109.15748814438687
2099,NGFS2023REMIND_NDC,Global,Power,RenewablesCap,price,$/MWh,109.15748814438687
2099,NGFS2023REMIND_FW,Global,Power,RenewablesCap,price,$/MWh,109.15748814438687
2099,NGFS2023REMIND_CP,Global,Power,RenewablesCap,price,$/MWh,109.15748814438687
2099,NGFS2023MESSAGE_NDC,Global,Power,RenewablesCap,price,$/MWh,109.15748814438687
2099,NGFS2023MESSAGE_FW,Global,Power,RenewablesCap,price,$/MWh,109.15748814438687
2099,NGFS2023MESSAGE_CP,Global,Power,RenewablesCap,price,$/MWh,109.15748814438687
2099,NGFS2023GCAM_NDC,Global,Power,HydroCap,price,$/MWh,52.88135607909606
2099,NGFS2023GCAM_FW,Global,Power,HydroCap,price,$/MWh,52.88135607909606
2099,NGFS2023GCAM_CP,Global,Power,HydroCap,price,$/MWh,52.88135607909606
2099,NGFS2023REMIND_NDC,Global,Power,HydroCap,price,$/MWh,52.88135607909606
2099,NGFS2023REMIND_FW,Global,Power,HydroCap,price,$/MWh,52.88135607909606
2099,NGFS2023REMIND_CP,Global,Power,HydroCap,price,$/MWh,52.88135607909606
2099,NGFS2023MESSAGE_NDC,Global,Power,HydroCap,price,$/MWh,52.88135607909606
2099,NGFS2023MESSAGE_FW,Global,Power,HydroCap,price,$/MWh,52.88135607909606
2099,NGFS2023MESSAGE_CP,Global,Power,HydroCap,price,$/MWh,52.88135607909606
2099,NGFS2023GCAM_NDC,Global,Power,NuclearCap,price,$/MWh,101.6949155367232
2099,NGFS2023GCAM_FW,Global,Power,NuclearCap,price,$/MWh,101.6949155367232
2099,NGFS2023GCAM_CP,Global,Power,NuclearCap,price,$/MWh,101.6949155367232
2099,NGFS2023REMIND_NDC,Global,Power,NuclearCap,price,$/MWh,101.6949155367232
2099,NGFS2023REMIND_FW,Global,Power,NuclearCap,price,$/MWh,101.6949155367232
2099,NGFS2023REMIND_CP,Global,Power,NuclearCap,price,$/MWh,101.6949155367232
2099,NGFS2023MESSAGE_NDC,Global,Power,NuclearCap,price,$/MWh,101.6949155367232
2099,NGFS2023MESSAGE_FW,Global,Power,NuclearCap,price,$/MWh,101.6949155367232
2099,NGFS2023MESSAGE_CP,Global,Power,NuclearCap,price,$/MWh,101.6949155367232
2100,NGFS2023GCAM_NDC,Global,Power,OilCap,price,$/MWh,58.75972144702749
2100,NGFS2023GCAM_FW,Global,Power,OilCap,price,$/MWh,58.75972144702749
2100,NGFS2023GCAM_CP,Global,Power,OilCap,price,$/MWh,58.75972144702749
2100,NGFS2023REMIND_NDC,Global,Power,OilCap,price,$/MWh,58.75972144702749
2100,NGFS2023REMIND_FW,Global,Power,OilCap,price,$/MWh,58.75972144702749
2100,NGFS2023REMIND_CP,Global,Power,OilCap,price,$/MWh,58.75972144702749
2100,NGFS2023MESSAGE_NDC,Global,Power,OilCap,price,$/MWh,58.75972144702749
2100,NGFS2023MESSAGE_FW,Global,Power,OilCap,price,$/MWh,58.75972144702749
2100,NGFS2023MESSAGE_CP,Global,Power,OilCap,price,$/MWh,58.75972144702749
2100,NGFS2023GCAM_NDC,Global,Power,CoalCap,price,$/MWh,68.47405414983285
2100,NGFS2023GCAM_FW,Global,Power,CoalCap,price,$/MWh,68.47405414983285
2100,NGFS2023GCAM_CP,Global,Power,CoalCap,price,$/MWh,68.47405414983285
2100,NGFS2023REMIND_NDC,Global,Power,CoalCap,price,$/MWh,68.47405414983285
2100,NGFS2023REMIND_FW,Global,Power,CoalCap,price,$/MWh,68.47405414983285
2100,NGFS2023REMIND_CP,Global,Power,CoalCap,price,$/MWh,68.47405414983285
2100,NGFS2023MESSAGE_NDC,Global,Power,CoalCap,price,$/MWh,68.47405414983285
2100,NGFS2023MESSAGE_FW,Global,Power,CoalCap,price,$/MWh,68.47405414983285
2100,NGFS2023MESSAGE_CP,Global,Power,CoalCap,price,$/MWh,68.47405414983285
2100,NGFS2023GCAM_NDC,Global,Power,GasCap,price,$/MWh,58.75972144702749
2100,NGFS2023GCAM_FW,Global,Power,GasCap,price,$/MWh,58.75972144702749
2100,NGFS2023GCAM_CP,Global,Power,GasCap,price,$/MWh,58.75972144702749
2100,NGFS2023REMIND_NDC,Global,Power,GasCap,price,$/MWh,58.75972144702749
2100,NGFS2023REMIND_FW,Global,Power,GasCap,price,$/MWh,58.75972144702749
2100,NGFS2023REMIND_CP,Global,Power,GasCap,price,$/MWh,58.75972144702749
2100,NGFS2023MESSAGE_NDC,Global,Power,GasCap,price,$/MWh,58.75972144702749
2100,NGFS2023MESSAGE_FW,Global,Power,GasCap,price,$/MWh,58.75972144702749
2100,NGFS2023MESSAGE_CP,Global,Power,GasCap,price,$/MWh,58.75972144702749
2100,NGFS2023GCAM_NDC,Global,Power,RenewablesCap,price,$/MWh,109.62520946096754
2100,NGFS2023GCAM_FW,Global,Power,RenewablesCap,price,$/MWh,109.62520946096754
2100,NGFS2023GCAM_CP,Global,Power,RenewablesCap,price,$/MWh,109.62520946096754
2100,NGFS2023REMIND_NDC,Global,Power,RenewablesCap,price,$/MWh,109.62520946096754
2100,NGFS2023REMIND_FW,Global,Power,RenewablesCap,price,$/MWh,109.62520946096754
2100,NGFS2023REMIND_CP,Global,Power,RenewablesCap,price,$/MWh,109.62520946096754
2100,NGFS2023MESSAGE_NDC,Global,Power,RenewablesCap,price,$/MWh,109.62520946096754
2100,NGFS2023MESSAGE_FW,Global,Power,RenewablesCap,price,$/MWh,109.62520946096754
2100,NGFS2023MESSAGE_CP,Global,Power,RenewablesCap,price,$/MWh,109.62520946096754
2100,NGFS2023GCAM_NDC,Global,Power,HydroCap,price,$/MWh,52.88135607909606
2100,NGFS2023GCAM_FW,Global,Power,HydroCap,price,$/MWh,52.88135607909606
2100,NGFS2023GCAM_CP,Global,Power,HydroCap,price,$/MWh,52.88135607909606
2100,NGFS2023REMIND_NDC,Global,Power,HydroCap,price,$/MWh,52.88135607909606
2100,NGFS2023REMIND_FW,Global,Power,HydroCap,price,$/MWh,52.88135607909606
2100,NGFS2023REMIND_CP,Global,Power,HydroCap,price,$/MWh,52.88135607909606
2100,NGFS2023MESSAGE_NDC,Global,Power,HydroCap,price,$/MWh,52.88135607909606
2100,NGFS2023MESSAGE_FW,Global,Power,HydroCap,price,$/MWh,52.88135607909606
2100,NGFS2023MESSAGE_CP,Global,Power,HydroCap,price,$/MWh,52.88135607909606
2100,NGFS2023GCAM_NDC,Global,Power,NuclearCap,price,$/MWh,101.6949155367232
2100,NGFS2023GCAM_FW,Global,Power,NuclearCap,price,$/MWh,101.6949155367232
2100,NGFS2023GCAM_CP,Global,Power,NuclearCap,price,$/MWh,101.6949155367232
2100,NGFS2023REMIND_NDC,Global,Power,NuclearCap,price,$/MWh,101.6949155367232
2100,NGFS2023REMIND_FW,Global,Power,NuclearCap,price,$/MWh,101.6949155367232
2100,NGFS2023REMIND_CP,Global,Power,NuclearCap,price,$/MWh,101.6949155367232
2100,NGFS2023MESSAGE_NDC,Global,Power,NuclearCap,price,$/MWh,101.6949155367232
2100,NGFS2023MESSAGE_FW,Global,Power,NuclearCap,price,$/MWh,101.6949155367232
2100,NGFS2023MESSAGE_CP,Global,Power,NuclearCap,price,$/MWh,101.6949155367232
2022,Oxford2021_fast,Global,Power,CoalCap,price,$/MWh,67.55714270056497
2023,Oxford2021_fast,Global,Power,CoalCap,price,$/MWh,67.61631631615985
2024,Oxford2021_fast,Global,Power,CoalCap,price,$/MWh,67.67118695247022
2025,Oxford2021_fast,Global,Power,CoalCap,price,$/MWh,67.72206435225557
2026,Oxford2021_fast,Global,Power,CoalCap,price,$/MWh,67.7692364223423
2027,Oxford2021_fast,Global,Power,CoalCap,price,$/MWh,67.81297068378626
2028,Oxford2021_fast,Global,Power,CoalCap,price,$/MWh,67.8535156949254
2029,Oxford2021_fast,Global,Power,CoalCap,price,$/MWh,67.89110228865361
2030,Oxford2021_fast,Global,Power,CoalCap,price,$/MWh,67.92594486511082
2031,Oxford2021_fast,Global,Power,CoalCap,price,$/MWh,67.9582424812491
2032,Oxford2021_fast,Global,Power,CoalCap,price,$/MWh,67.98817994693802
2033,Oxford2021_fast,Global,Power,CoalCap,price,$/MWh,68.01592878479353
2034,Oxford2021_fast,Global,Power,CoalCap,price,$/MWh,68.04164820873153
2035,Oxford2021_fast,Global,Power,CoalCap,price,$/MWh,68.06548593382571
2036,Oxford2021_fast,Global,Power,CoalCap,price,$/MWh,68.08757905421642
2037,Oxford2021_fast,Global,Power,CoalCap,price,$/MWh,68.10805474527812
2038,Oxford2021_fast,Global,Power,CoalCap,price,$/MWh,68.12703097060108
2039,Oxford2021_fast,Global,Power,CoalCap,price,$/MWh,68.14461716867822
2040,Oxford2021_fast,Global,Power,CoalCap,price,$/MWh,68.1609148368362
2041,Oxford2021_fast,Global,Power,CoalCap,price,$/MWh,68.17601812553478
2042,Oxford2021_fast,Global,Power,CoalCap,price,$/MWh,68.19001430356109
2043,Oxford2021_fast,Global,Power,CoalCap,price,$/MWh,68.2029843344217
2044,Oxford2021_fast,Global,Power,CoalCap,price,$/MWh,68.21500327521763
2045,Oxford2021_fast,Global,Power,CoalCap,price,$/MWh,68.22614071563855
2046,Oxford2021_fast,Global,Power,CoalCap,price,$/MWh,68.23646118728043
2047,Oxford2021_fast,Global,Power,CoalCap,price,$/MWh,68.24602449645552
2048,Oxford2021_fast,Global,Power,CoalCap,price,$/MWh,68.25488610667428
2049,Oxford2021_fast,Global,Power,CoalCap,price,$/MWh,68.26309740890979
2050,Oxford2021_fast,Global,Power,CoalCap,price,$/MWh,68.27070607521843
2051,Oxford2021_fast,Global,Power,CoalCap,price,$/MWh,68.27775626467081
2052,Oxford2021_fast,Global,Power,CoalCap,price,$/MWh,68.2842889119571
2053,Oxford2021_fast,Global,Power,CoalCap,price,$/MWh,68.29034197152828
2054,Oxford2021_fast,Global,Power,CoalCap,price,$/MWh,68.29595061699172
2055,Oxford2021_fast,Global,Power,CoalCap,price,$/MWh,68.30114744172192
2056,Oxford2021_fast,Global,Power,CoalCap,price,$/MWh,68.30596264897922
2057,Oxford2021_fast,Global,Power,CoalCap,price,$/MWh,68.3104242429413
2058,Oxford2021_fast,Global,Power,CoalCap,price,$/MWh,68.3145581743118
2059,Oxford2021_fast,Global,Power,CoalCap,price,$/MWh,68.31838848658666
2060,Oxford2021_fast,Global,Power,CoalCap,price,$/MWh,68.32193746289441
2061,Oxford2021_fast,Global,Power,CoalCap,price,$/MWh,68.3252257617781
2062,Oxford2021_fast,Global,Power,CoalCap,price,$/MWh,68.32827250716927
2063,Oxford2021_fast,Global,Power,CoalCap,price,$/MWh,68.33109543650978
2064,Oxford2021_fast,Global,Power,CoalCap,price,$/MWh,68.33371099140179
2065,Oxford2021_fast,Global,Power,CoalCap,price,$/MWh,68.33613439695769
2066,Oxford2021_fast,Global,Power,CoalCap,price,$/MWh,68.3383797529364
2067,Oxford2021_fast,Global,Power,CoalCap,price,$/MWh,68.34046013664197
2068,Oxford2021_fast,Global,Power,CoalCap,price,$/MWh,68.34238768287238
2069,Oxford2021_fast,Global,Power,CoalCap,price,$/MWh,68.3441735946292
2022,Oxford2021_fast,Global,Power,GasCap,price,$/MWh,62.85369299435028
2023,Oxford2021_fast,Global,Power,GasCap,price,$/MWh,62.13181824430379
2024,Oxford2021_fast,Global,Power,GasCap,price,$/MWh,61.54106547561286
2025,Oxford2021_fast,Global,Power,GasCap,price,$/MWh,61.05673416017218
2026,Oxford2021_fast,Global,Power,GasCap,price,$/MWh,60.65905294306617
2027,Oxford2021_fast,Global,Power,GasCap,price,$/MWh,60.33211157474872
2028,Oxford2021_fast,Global,Power,GasCap,price,$/MWh,60.06304909395892
2029,Oxford2021_fast,Global,Power,GasCap,price,$/MWh,59.84142992890016
2030,Oxford2021_fast,Global,Power,GasCap,price,$/MWh,59.65875950917725
2031,Oxford2021_fast,Global,Power,GasCap,price,$/MWh,59.50810476520781
2032,Oxford2021_fast,Global,Power,GasCap,price,$/MWh,59.38379444268135
2033,Oxford2021_fast,Global,Power,GasCap,price,$/MWh,59.281180797367085
2034,Oxford2021_fast,Global,Power,GasCap,price,$/MWh,59.19644898490565
2035,Oxford2021_fast,Global,Power,GasCap,price,$/MWh,59.12646372373537
2036,Oxford2021_fast,Global,Power,GasCap,price,$/MWh,59.06864549003239
2037,Oxford2021_fast,Global,Power,GasCap,price,$/MWh,59.020870091847605
2038,Oxford2021_fast,Global,Power,GasCap,price,$/MWh,58.98138703985392
2039,Oxford2021_fast,Global,Power,GasCap,price,$/MWh,58.94875284594225
2040,Oxford2021_fast,Global,Power,GasCap,price,$/MWh,58.92177664193161
2041,Oxford2021_fast,Global,Power,GasCap,price,$/MWh,58.89947551057295
2042,Oxford2021_fast,Global,Power,GasCap,price,$/MWh,58.88103792013392
2043,Oxford2021_fast,Global,Power,GasCap,price,$/MWh,58.86579362094929
2044,Oxford2021_fast,Global,Power,GasCap,price,$/MWh,58.85318892671253
2045,Oxford2021_fast,Global,Power,GasCap,price,$/MWh,58.84276635044227
2046,Oxford2021_fast,Global,Power,GasCap,price,$/MWh,58.83414784281152
2047,Oxford2021_fast,Global,Power,GasCap,price,$/MWh,58.82702092125009
2048,Oxford2021_fast,Global,Power,GasCap,price,$/MWh,58.821127313063194
2049,Oxford2021_fast,Global,Power,GasCap,price,$/MWh,58.8162534973956
2050,Oxford2021_fast,Global,Power,GasCap,price,$/MWh,58.81222295973324
2051,Oxford2021_fast,Global,Power,GasCap,price,$/MWh,58.80888973403883
2052,Oxford2021_fast,Global,Power,GasCap,price,$/MWh,58.80613316006506
2053,Oxford2021_fast,Global,Power,GasCap,price,$/MWh,58.80385346105189
2054,Oxford2021_fast,Global,Power,GasCap,price,$/MWh,58.80196811593344
2055,Oxford2021_fast,Global,Power,GasCap,price,$/MWh,58.80040890314694
2056,Oxford2021_fast,Global,Power,GasCap,price,$/MWh,58.7991194054864
2057,Oxford2021_fast,Global,Power,GasCap,price,$/MWh,58.79805295427432
2058,Oxford2021_fast,Global,Power,GasCap,price,$/MWh,58.79717096205744
2059,Oxford2021_fast,Global,Power,GasCap,price,$/MWh,58.79644153413186
2060,Oxford2021_fast,Global,Power,GasCap,price,$/MWh,58.79583827917091
2061,Oxford2021_fast,Global,Power,GasCap,price,$/MWh,58.79533935807949
2062,Oxford2021_fast,Global,Power,GasCap,price,$/MWh,58.79492673122455
2063,Oxford2021_fast,Global,Power,GasCap,price,$/MWh,58.79458547530508
2064,Oxford2021_fast,Global,Power,GasCap,price,$/MWh,58.79430324882607
2065,Oxford2021_fast,Global,Power,GasCap,price,$/MWh,58.79406983687013
2066,Oxford2021_fast,Global,Power,GasCap,price,$/MWh,58.793876794876574
2067,Oxford2021_fast,Global,Power,GasCap,price,$/MWh,58.79371713206211
2068,Oxford2021_fast,Global,Power,GasCap,price,$/MWh,58.79358509377442
2069,Oxford2021_fast,Global,Power,GasCap,price,$/MWh,58.79347589445553
2022,Oxford2021_fast,Global,Power,HydroCap,price,$/MWh,52.88135607909605
2023,Oxford2021_fast,Global,Power,HydroCap,price,$/MWh,52.88135607909605
2024,Oxford2021_fast,Global,Power,HydroCap,price,$/MWh,52.88135607909605
2025,Oxford2021_fast,Global,Power,HydroCap,price,$/MWh,52.88135607909605
2026,Oxford2021_fast,Global,Power,HydroCap,price,$/MWh,52.88135607909605
2027,Oxford2021_fast,Global,Power,HydroCap,price,$/MWh,52.88135607909605
2028,Oxford2021_fast,Global,Power,HydroCap,price,$/MWh,52.88135607909605
2029,Oxford2021_fast,Global,Power,HydroCap,price,$/MWh,52.88135607909605
2030,Oxford2021_fast,Global,Power,HydroCap,price,$/MWh,52.88135607909605
2031,Oxford2021_fast,Global,Power,HydroCap,price,$/MWh,52.88135607909605
2032,Oxford2021_fast,Global,Power,HydroCap,price,$/MWh,52.88135607909605
2033,Oxford2021_fast,Global,Power,HydroCap,price,$/MWh,52.88135607909605
2034,Oxford2021_fast,Global,Power,HydroCap,price,$/MWh,52.88135607909605
2035,Oxford2021_fast,Global,Power,HydroCap,price,$/MWh,52.88135607909605
2036,Oxford2021_fast,Global,Power,HydroCap,price,$/MWh,52.88135607909605
2037,Oxford2021_fast,Global,Power,HydroCap,price,$/MWh,52.88135607909605
2038,Oxford2021_fast,Global,Power,HydroCap,price,$/MWh,52.88135607909605
2039,Oxford2021_fast,Global,Power,HydroCap,price,$/MWh,52.88135607909605
2040,Oxford2021_fast,Global,Power,HydroCap,price,$/MWh,52.88135607909605
2041,Oxford2021_fast,Global,Power,HydroCap,price,$/MWh,52.88135607909605
2042,Oxford2021_fast,Global,Power,HydroCap,price,$/MWh,52.88135607909605
2043,Oxford2021_fast,Global,Power,HydroCap,price,$/MWh,52.88135607909605
2044,Oxford2021_fast,Global,Power,HydroCap,price,$/MWh,52.88135607909605
2045,Oxford2021_fast,Global,Power,HydroCap,price,$/MWh,52.88135607909605
2046,Oxford2021_fast,Global,Power,HydroCap,price,$/MWh,52.88135607909605
2047,Oxford2021_fast,Global,Power,HydroCap,price,$/MWh,52.88135607909605
2048,Oxford2021_fast,Global,Power,HydroCap,price,$/MWh,52.88135607909605
2049,Oxford2021_fast,Global,Power,HydroCap,price,$/MWh,52.88135607909605
2050,Oxford2021_fast,Global,Power,HydroCap,price,$/MWh,52.88135607909605
2051,Oxford2021_fast,Global,Power,HydroCap,price,$/MWh,52.88135607909605
2052,Oxford2021_fast,Global,Power,HydroCap,price,$/MWh,52.88135607909605
2053,Oxford2021_fast,Global,Power,HydroCap,price,$/MWh,52.88135607909605
2054,Oxford2021_fast,Global,Power,HydroCap,price,$/MWh,52.88135607909605
2055,Oxford2021_fast,Global,Power,HydroCap,price,$/MWh,52.88135607909605
2056,Oxford2021_fast,Global,Power,HydroCap,price,$/MWh,52.88135607909605
2057,Oxford2021_fast,Global,Power,HydroCap,price,$/MWh,52.88135607909605
2058,Oxford2021_fast,Global,Power,HydroCap,price,$/MWh,52.88135607909605
2059,Oxford2021_fast,Global,Power,HydroCap,price,$/MWh,52.88135607909605
2060,Oxford2021_fast,Global,Power,HydroCap,price,$/MWh,52.88135607909605
2061,Oxford2021_fast,Global,Power,HydroCap,price,$/MWh,52.88135607909605
2062,Oxford2021_fast,Global,Power,HydroCap,price,$/MWh,52.88135607909605
2063,Oxford2021_fast,Global,Power,HydroCap,price,$/MWh,52.88135607909605
2064,Oxford2021_fast,Global,Power,HydroCap,price,$/MWh,52.88135607909605
2065,Oxford2021_fast,Global,Power,HydroCap,price,$/MWh,52.88135607909605
2066,Oxford2021_fast,Global,Power,HydroCap,price,$/MWh,52.88135607909605
2067,Oxford2021_fast,Global,Power,HydroCap,price,$/MWh,52.88135607909605
2068,Oxford2021_fast,Global,Power,HydroCap,price,$/MWh,52.88135607909605
2069,Oxford2021_fast,Global,Power,HydroCap,price,$/MWh,52.88135607909605
2022,Oxford2021_fast,Global,Power,NuclearCap,price,$/MWh,101.69491553672316
2023,Oxford2021_fast,Global,Power,NuclearCap,price,$/MWh,101.69491553672316
2024,Oxford2021_fast,Global,Power,NuclearCap,price,$/MWh,101.69491553672316
2025,Oxford2021_fast,Global,Power,NuclearCap,price,$/MWh,101.69491553672316
2026,Oxford2021_fast,Global,Power,NuclearCap,price,$/MWh,101.69491553672316
2027,Oxford2021_fast,Global,Power,NuclearCap,price,$/MWh,101.69491553672316
2028,Oxford2021_fast,Global,Power,NuclearCap,price,$/MWh,101.69491553672316
2029,Oxford2021_fast,Global,Power,NuclearCap,price,$/MWh,101.69491553672316
2030,Oxford2021_fast,Global,Power,NuclearCap,price,$/MWh,101.69491553672316
2031,Oxford2021_fast,Global,Power,NuclearCap,price,$/MWh,101.69491553672316
2032,Oxford2021_fast,Global,Power,NuclearCap,price,$/MWh,101.69491553672316
2033,Oxford2021_fast,Global,Power,NuclearCap,price,$/MWh,101.69491553672316
2034,Oxford2021_fast,Global,Power,NuclearCap,price,$/MWh,101.69491553672316
2035,Oxford2021_fast,Global,Power,NuclearCap,price,$/MWh,101.69491553672316
2036,Oxford2021_fast,Global,Power,NuclearCap,price,$/MWh,101.69491553672316
2037,Oxford2021_fast,Global,Power,NuclearCap,price,$/MWh,101.69491553672316
2038,Oxford2021_fast,Global,Power,NuclearCap,price,$/MWh,101.69491553672316
2039,Oxford2021_fast,Global,Power,NuclearCap,price,$/MWh,101.69491553672316
2040,Oxford2021_fast,Global,Power,NuclearCap,price,$/MWh,101.69491553672316
2041,Oxford2021_fast,Global,Power,NuclearCap,price,$/MWh,101.69491553672316
2042,Oxford2021_fast,Global,Power,NuclearCap,price,$/MWh,101.69491553672316
2043,Oxford2021_fast,Global,Power,NuclearCap,price,$/MWh,101.69491553672316
2044,Oxford2021_fast,Global,Power,NuclearCap,price,$/MWh,101.69491553672316
2045,Oxford2021_fast,Global,Power,NuclearCap,price,$/MWh,101.69491553672316
2046,Oxford2021_fast,Global,Power,NuclearCap,price,$/MWh,101.69491553672316
2047,Oxford2021_fast,Global,Power,NuclearCap,price,$/MWh,101.69491553672316
2048,Oxford2021_fast,Global,Power,NuclearCap,price,$/MWh,101.69491553672316
2049,Oxford2021_fast,Global,Power,NuclearCap,price,$/MWh,101.69491553672316
2050,Oxford2021_fast,Global,Power,NuclearCap,price,$/MWh,101.69491553672316
2051,Oxford2021_fast,Global,Power,NuclearCap,price,$/MWh,101.69491553672316
2052,Oxford2021_fast,Global,Power,NuclearCap,price,$/MWh,101.69491553672316
2053,Oxford2021_fast,Global,Power,NuclearCap,price,$/MWh,101.69491553672316
2054,Oxford2021_fast,Global,Power,NuclearCap,price,$/MWh,101.69491553672316
2055,Oxford2021_fast,Global,Power,NuclearCap,price,$/MWh,101.69491553672316
2056,Oxford2021_fast,Global,Power,NuclearCap,price,$/MWh,101.69491553672316
2057,Oxford2021_fast,Global,Power,NuclearCap,price,$/MWh,101.69491553672316
2058,Oxford2021_fast,Global,Power,NuclearCap,price,$/MWh,101.69491553672316
2059,Oxford2021_fast,Global,Power,NuclearCap,price,$/MWh,101.69491553672316
2060,Oxford2021_fast,Global,Power,NuclearCap,price,$/MWh,101.69491553672316
2061,Oxford2021_fast,Global,Power,NuclearCap,price,$/MWh,101.69491553672316
2062,Oxford2021_fast,Global,Power,NuclearCap,price,$/MWh,101.69491553672316
2063,Oxford2021_fast,Global,Power,NuclearCap,price,$/MWh,101.69491553672316
2064,Oxford2021_fast,Global,Power,NuclearCap,price,$/MWh,101.69491553672316
2065,Oxford2021_fast,Global,Power,NuclearCap,price,$/MWh,101.69491553672316
2066,Oxford2021_fast,Global,Power,NuclearCap,price,$/MWh,101.69491553672316
2067,Oxford2021_fast,Global,Power,NuclearCap,price,$/MWh,101.69491553672316
2068,Oxford2021_fast,Global,Power,NuclearCap,price,$/MWh,101.69491553672316
2069,Oxford2021_fast,Global,Power,NuclearCap,price,$/MWh,101.69491553672316
2022,Oxford2021_fast,Global,Power,OilCap,price,$/MWh,62.85369299435028
2023,Oxford2021_fast,Global,Power,OilCap,price,$/MWh,62.13181824430379
2024,Oxford2021_fast,Global,Power,OilCap,price,$/MWh,61.54106547561286
2025,Oxford2021_fast,Global,Power,OilCap,price,$/MWh,61.05673416017218
2026,Oxford2021_fast,Global,Power,OilCap,price,$/MWh,60.65905294306617
2027,Oxford2021_fast,Global,Power,OilCap,price,$/MWh,60.33211157474872
2028,Oxford2021_fast,Global,Power,OilCap,price,$/MWh,60.06304909395892
2029,Oxford2021_fast,Global,Power,OilCap,price,$/MWh,59.84142992890016
2030,Oxford2021_fast,Global,Power,OilCap,price,$/MWh,59.65875950917725
2031,Oxford2021_fast,Global,Power,OilCap,price,$/MWh,59.50810476520781
2032,Oxford2021_fast,Global,Power,OilCap,price,$/MWh,59.38379444268135
2033,Oxford2021_fast,Global,Power,OilCap,price,$/MWh,59.281180797367085
2034,Oxford2021_fast,Global,Power,OilCap,price,$/MWh,59.19644898490565
2035,Oxford2021_fast,Global,Power,OilCap,price,$/MWh,59.12646372373537
2036,Oxford2021_fast,Global,Power,OilCap,price,$/MWh,59.06864549003239
2037,Oxford2021_fast,Global,Power,OilCap,price,$/MWh,59.020870091847605
2038,Oxford2021_fast,Global,Power,OilCap,price,$/MWh,58.98138703985392
2039,Oxford2021_fast,Global,Power,OilCap,price,$/MWh,58.94875284594225
2040,Oxford2021_fast,Global,Power,OilCap,price,$/MWh,58.92177664193161
2041,Oxford2021_fast,Global,Power,OilCap,price,$/MWh,58.89947551057295
2042,Oxford2021_fast,Global,Power,OilCap,price,$/MWh,58.88103792013392
2043,Oxford2021_fast,Global,Power,OilCap,price,$/MWh,58.86579362094929
2044,Oxford2021_fast,Global,Power,OilCap,price,$/MWh,58.85318892671253
2045,Oxford2021_fast,Global,Power,OilCap,price,$/MWh,58.84276635044227
2046,Oxford2021_fast,Global,Power,OilCap,price,$/MWh,58.83414784281152
2047,Oxford2021_fast,Global,Power,OilCap,price,$/MWh,58.82702092125009
2048,Oxford2021_fast,Global,Power,OilCap,price,$/MWh,58.821127313063194
2049,Oxford2021_fast,Global,Power,OilCap,price,$/MWh,58.8162534973956
2050,Oxford2021_fast,Global,Power,OilCap,price,$/MWh,58.81222295973324
2051,Oxford2021_fast,Global,Power,OilCap,price,$/MWh,58.80888973403883
2052,Oxford2021_fast,Global,Power,OilCap,price,$/MWh,58.80613316006506
2053,Oxford2021_fast,Global,Power,OilCap,price,$/MWh,58.80385346105189
2054,Oxford2021_fast,Global,Power,OilCap,price,$/MWh,58.80196811593344
2055,Oxford2021_fast,Global,Power,OilCap,price,$/MWh,58.80040890314694
2056,Oxford2021_fast,Global,Power,OilCap,price,$/MWh,58.7991194054864
2057,Oxford2021_fast,Global,Power,OilCap,price,$/MWh,58.79805295427432
2058,Oxford2021_fast,Global,Power,OilCap,price,$/MWh,58.79717096205744
2059,Oxford2021_fast,Global,Power,OilCap,price,$/MWh,58.79644153413186
2060,Oxford2021_fast,Global,Power,OilCap,price,$/MWh,58.79583827917091
2061,Oxford2021_fast,Global,Power,OilCap,price,$/MWh,58.79533935807949
2062,Oxford2021_fast,Global,Power,OilCap,price,$/MWh,58.79492673122455
2063,Oxford2021_fast,Global,Power,OilCap,price,$/MWh,58.79458547530508
2064,Oxford2021_fast,Global,Power,OilCap,price,$/MWh,58.79430324882607
2065,Oxford2021_fast,Global,Power,OilCap,price,$/MWh,58.79406983687013
2066,Oxford2021_fast,Global,Power,OilCap,price,$/MWh,58.793876794876574
2067,Oxford2021_fast,Global,Power,OilCap,price,$/MWh,58.79371713206211
2068,Oxford2021_fast,Global,Power,OilCap,price,$/MWh,58.79358509377442
2069,Oxford2021_fast,Global,Power,OilCap,price,$/MWh,58.79347589445553
2022,Oxford2021_fast,Global,Power,RenewablesCap,price,$/MWh,62.26935345009416
2023,Oxford2021_fast,Global,Power,RenewablesCap,price,$/MWh,64.17665038549558
2024,Oxford2021_fast,Global,Power,RenewablesCap,price,$/MWh,66.06098752995085
2025,Oxford2021_fast,Global,Power,RenewablesCap,price,$/MWh,67.92276413223314
2026,Oxford2021_fast,Global,Power,RenewablesCap,price,$/MWh,69.75687389446644
2027,Oxford2021_fast,Global,Power,RenewablesCap,price,$/MWh,71.56052042629476
2028,Oxford2021_fast,Global,Power,RenewablesCap,price,$/MWh,73.33128077683021
2029,Oxford2021_fast,Global,Power,RenewablesCap,price,$/MWh,75.06563893165314
2030,Oxford2021_fast,Global,Power,RenewablesCap,price,$/MWh,76.75897777137602
2031,Oxford2021_fast,Global,Power,RenewablesCap,price,$/MWh,78.40585448962693
2032,Oxford2021_fast,Global,Power,RenewablesCap,price,$/MWh,80.00028476214175
2033,Oxford2021_fast,Global,Power,RenewablesCap,price,$/MWh,81.53626856119797
2034,Oxford2021_fast,Global,Power,RenewablesCap,price,$/MWh,83.00868482144365
2035,Oxford2021_fast,Global,Power,RenewablesCap,price,$/MWh,84.41384314079247
2036,Oxford2021_fast,Global,Power,RenewablesCap,price,$/MWh,85.74985955380465
2037,Oxford2021_fast,Global,Power,RenewablesCap,price,$/MWh,87.01674382204423
2038,Oxford2021_fast,Global,Power,RenewablesCap,price,$/MWh,88.21616891611292
2039,Oxford2021_fast,Global,Power,RenewablesCap,price,$/MWh,89.35118188480645
2040,Oxford2021_fast,Global,Power,RenewablesCap,price,$/MWh,90.42571771311876
2041,Oxford2021_fast,Global,Power,RenewablesCap,price,$/MWh,91.4442125410597
2042,Oxford2021_fast,Global,Power,RenewablesCap,price,$/MWh,92.41129368104232
2043,Oxford2021_fast,Global,Power,RenewablesCap,price,$/MWh,93.33155241343826
2044,Oxford2021_fast,Global,Power,RenewablesCap,price,$/MWh,94.2093900281161
2045,Oxford2021_fast,Global,Power,RenewablesCap,price,$/MWh,95.04892285479708
2046,Oxford2021_fast,Global,Power,RenewablesCap,price,$/MWh,95.85251207850358
2047,Oxford2021_fast,Global,Power,RenewablesCap,price,$/MWh,96.62346734263636
2048,Oxford2021_fast,Global,Power,RenewablesCap,price,$/MWh,97.36473127601928
2049,Oxford2021_fast,Global,Power,RenewablesCap,price,$/MWh,98.07884586629326
2050,Oxford2021_fast,Global,Power,RenewablesCap,price,$/MWh,98.7683514654581
2051,Oxford2021_fast,Global,Power,RenewablesCap,price,$/MWh,99.43547531690596
2052,Oxford2021_fast,Global,Power,RenewablesCap,price,$/MWh,100.08231297426978
2053,Oxford2021_fast,Global,Power,RenewablesCap,price,$/MWh,100.71074231814129
2054,Oxford2021_fast,Global,Power,RenewablesCap,price,$/MWh,101.32244299194608
2055,Oxford2021_fast,Global,Power,RenewablesCap,price,$/MWh,101.91891478792334
2056,Oxford2021_fast,Global,Power,RenewablesCap,price,$/MWh,102.50115832483236
2057,Oxford2021_fast,Global,Power,RenewablesCap,price,$/MWh,103.070432226142
2058,Oxford2021_fast,Global,Power,RenewablesCap,price,$/MWh,103.6279148861288
2059,Oxford2021_fast,Global,Power,RenewablesCap,price,$/MWh,104.17331342063336
2060,Oxford2021_fast,Global,Power,RenewablesCap,price,$/MWh,104.70650542144456
2061,Oxford2021_fast,Global,Power,RenewablesCap,price,$/MWh,105.22750610362428
2062,Oxford2021_fast,Global,Power,RenewablesCap,price,$/MWh,105.7368774624905
2063,Oxford2021_fast,Global,Power,RenewablesCap,price,$/MWh,106.23543808145187
2064,Oxford2021_fast,Global,Power,RenewablesCap,price,$/MWh,106.72392590783063
2065,Oxford2021_fast,Global,Power,RenewablesCap,price,$/MWh,107.20300860266651
2066,Oxford2021_fast,Global,Power,RenewablesCap,price,$/MWh,107.67329221476795
2067,Oxford2021_fast,Global,Power,RenewablesCap,price,$/MWh,108.13532870846322
2068,Oxford2021_fast,Global,Power,RenewablesCap,price,$/MWh,108.58962212323333
2069,Oxford2021_fast,Global,Power,RenewablesCap,price,$/MWh,109.03663410877698
2022,Oxford2021_base,Global,Power,CoalCap,price,$/MWh,67.55714270056497
2023,Oxford2021_base,Global,Power,CoalCap,price,$/MWh,67.61631631615985
2024,Oxford2021_base,Global,Power,CoalCap,price,$/MWh,67.67118695247022
2025,Oxford2021_base,Global,Power,CoalCap,price,$/MWh,67.72206435225557
2026,Oxford2021_base,Global,Power,CoalCap,price,$/MWh,67.7692364223423
2027,Oxford2021_base,Global,Power,CoalCap,price,$/MWh,67.81297068378626
2028,Oxford2021_base,Global,Power,CoalCap,price,$/MWh,67.8535156949254
2029,Oxford2021_base,Global,Power,CoalCap,price,$/MWh,67.89110228865361
2030,Oxford2021_base,Global,Power,CoalCap,price,$/MWh,67.92594486511082
2031,Oxford2021_base,Global,Power,CoalCap,price,$/MWh,67.9582424812491
2032,Oxford2021_base,Global,Power,CoalCap,price,$/MWh,67.98817994693802
2033,Oxford2021_base,Global,Power,CoalCap,price,$/MWh,68.01592878479353
2034,Oxford2021_base,Global,Power,CoalCap,price,$/MWh,68.04164820873153
2035,Oxford2021_base,Global,Power,CoalCap,price,$/MWh,68.06548593382571
2036,Oxford2021_base,Global,Power,CoalCap,price,$/MWh,68.08757905421642
2037,Oxford2021_base,Global,Power,CoalCap,price,$/MWh,68.10805474527812
2038,Oxford2021_base,Global,Power,CoalCap,price,$/MWh,68.12703097060108
2039,Oxford2021_base,Global,Power,CoalCap,price,$/MWh,68.14461716867822
2040,Oxford2021_base,Global,Power,CoalCap,price,$/MWh,68.1609148368362
2041,Oxford2021_base,Global,Power,CoalCap,price,$/MWh,68.17601812553478
2042,Oxford2021_base,Global,Power,CoalCap,price,$/MWh,68.19001430356109
2043,Oxford2021_base,Global,Power,CoalCap,price,$/MWh,68.2029843344217
2044,Oxford2021_base,Global,Power,CoalCap,price,$/MWh,68.21500327521763
2045,Oxford2021_base,Global,Power,CoalCap,price,$/MWh,68.22614071563855
2046,Oxford2021_base,Global,Power,CoalCap,price,$/MWh,68.23646118728043
2047,Oxford2021_base,Global,Power,CoalCap,price,$/MWh,68.24602449645552
2048,Oxford2021_base,Global,Power,CoalCap,price,$/MWh,68.25488610667428
2049,Oxford2021_base,Global,Power,CoalCap,price,$/MWh,68.26309740890979
2050,Oxford2021_base,Global,Power,CoalCap,price,$/MWh,68.27070607521843
2051,Oxford2021_base,Global,Power,CoalCap,price,$/MWh,68.27775626467081
2052,Oxford2021_base,Global,Power,CoalCap,price,$/MWh,68.2842889119571
2053,Oxford2021_base,Global,Power,CoalCap,price,$/MWh,68.29034197152828
2054,Oxford2021_base,Global,Power,CoalCap,price,$/MWh,68.29595061699172
2055,Oxford2021_base,Global,Power,CoalCap,price,$/MWh,68.30114744172192
2056,Oxford2021_base,Global,Power,CoalCap,price,$/MWh,68.30596264897922
2057,Oxford2021_base,Global,Power,CoalCap,price,$/MWh,68.3104242429413
2058,Oxford2021_base,Global,Power,CoalCap,price,$/MWh,68.3145581743118
2059,Oxford2021_base,Global,Power,CoalCap,price,$/MWh,68.31838848658666
2060,Oxford2021_base,Global,Power,CoalCap,price,$/MWh,68.32193746289441
2061,Oxford2021_base,Global,Power,CoalCap,price,$/MWh,68.3252257617781
2062,Oxford2021_base,Global,Power,CoalCap,price,$/MWh,68.32827250716927
2063,Oxford2021_base,Global,Power,CoalCap,price,$/MWh,68.33109543650978
2064,Oxford2021_base,Global,Power,CoalCap,price,$/MWh,68.33371099140179
2065,Oxford2021_base,Global,Power,CoalCap,price,$/MWh,68.33613439695769
2066,Oxford2021_base,Global,Power,CoalCap,price,$/MWh,68.3383797529364
2067,Oxford2021_base,Global,Power,CoalCap,price,$/MWh,68.34046013664197
2068,Oxford2021_base,Global,Power,CoalCap,price,$/MWh,68.34238768287238
2069,Oxford2021_base,Global,Power,CoalCap,price,$/MWh,68.3441735946292
2022,Oxford2021_base,Global,Power,GasCap,price,$/MWh,62.85369299435028
2023,Oxford2021_base,Global,Power,GasCap,price,$/MWh,62.13181824430379
2024,Oxford2021_base,Global,Power,GasCap,price,$/MWh,61.54106547561286
2025,Oxford2021_base,Global,Power,GasCap,price,$/MWh,61.05673416017218
2026,Oxford2021_base,Global,Power,GasCap,price,$/MWh,60.65905294306617
2027,Oxford2021_base,Global,Power,GasCap,price,$/MWh,60.33211157474872
2028,Oxford2021_base,Global,Power,GasCap,price,$/MWh,60.06304909395892
2029,Oxford2021_base,Global,Power,GasCap,price,$/MWh,59.84142992890016
2030,Oxford2021_base,Global,Power,GasCap,price,$/MWh,59.65875950917725
2031,Oxford2021_base,Global,Power,GasCap,price,$/MWh,59.50810476520781
2032,Oxford2021_base,Global,Power,GasCap,price,$/MWh,59.38379444268135
2033,Oxford2021_base,Global,Power,GasCap,price,$/MWh,59.281180797367085
2034,Oxford2021_base,Global,Power,GasCap,price,$/MWh,59.19644898490565
2035,Oxford2021_base,Global,Power,GasCap,price,$/MWh,59.12646372373537
2036,Oxford2021_base,Global,Power,GasCap,price,$/MWh,59.06864549003239
2037,Oxford2021_base,Global,Power,GasCap,price,$/MWh,59.020870091847605
2038,Oxford2021_base,Global,Power,GasCap,price,$/MWh,58.98138703985392
2039,Oxford2021_base,Global,Power,GasCap,price,$/MWh,58.94875284594225
2040,Oxford2021_base,Global,Power,GasCap,price,$/MWh,58.92177664193161
2041,Oxford2021_base,Global,Power,GasCap,price,$/MWh,58.89947551057295
2042,Oxford2021_base,Global,Power,GasCap,price,$/MWh,58.88103792013392
2043,Oxford2021_base,Global,Power,GasCap,price,$/MWh,58.86579362094929
2044,Oxford2021_base,Global,Power,GasCap,price,$/MWh,58.85318892671253
2045,Oxford2021_base,Global,Power,GasCap,price,$/MWh,58.84276635044227
2046,Oxford2021_base,Global,Power,GasCap,price,$/MWh,58.83414784281152
2047,Oxford2021_base,Global,Power,GasCap,price,$/MWh,58.82702092125009
2048,Oxford2021_base,Global,Power,GasCap,price,$/MWh,58.821127313063194
2049,Oxford2021_base,Global,Power,GasCap,price,$/MWh,58.8162534973956
2050,Oxford2021_base,Global,Power,GasCap,price,$/MWh,58.81222295973324
2051,Oxford2021_base,Global,Power,GasCap,price,$/MWh,58.80888973403883
2052,Oxford2021_base,Global,Power,GasCap,price,$/MWh,58.80613316006506
2053,Oxford2021_base,Global,Power,GasCap,price,$/MWh,58.80385346105189
2054,Oxford2021_base,Global,Power,GasCap,price,$/MWh,58.80196811593344
2055,Oxford2021_base,Global,Power,GasCap,price,$/MWh,58.80040890314694
2056,Oxford2021_base,Global,Power,GasCap,price,$/MWh,58.7991194054864
2057,Oxford2021_base,Global,Power,GasCap,price,$/MWh,58.79805295427432
2058,Oxford2021_base,Global,Power,GasCap,price,$/MWh,58.79717096205744
2059,Oxford2021_base,Global,Power,GasCap,price,$/MWh,58.79644153413186
2060,Oxford2021_base,Global,Power,GasCap,price,$/MWh,58.79583827917091
2061,Oxford2021_base,Global,Power,GasCap,price,$/MWh,58.79533935807949
2062,Oxford2021_base,Global,Power,GasCap,price,$/MWh,58.79492673122455
2063,Oxford2021_base,Global,Power,GasCap,price,$/MWh,58.79458547530508
2064,Oxford2021_base,Global,Power,GasCap,price,$/MWh,58.79430324882607
2065,Oxford2021_base,Global,Power,GasCap,price,$/MWh,58.79406983687013
2066,Oxford2021_base,Global,Power,GasCap,price,$/MWh,58.793876794876574
2067,Oxford2021_base,Global,Power,GasCap,price,$/MWh,58.79371713206211
2068,Oxford2021_base,Global,Power,GasCap,price,$/MWh,58.79358509377442
2069,Oxford2021_base,Global,Power,GasCap,price,$/MWh,58.79347589445553
2022,Oxford2021_base,Global,Power,HydroCap,price,$/MWh,52.88135607909605
2023,Oxford2021_base,Global,Power,HydroCap,price,$/MWh,52.88135607909605
2024,Oxford2021_base,Global,Power,HydroCap,price,$/MWh,52.88135607909605
2025,Oxford2021_base,Global,Power,HydroCap,price,$/MWh,52.88135607909605
2026,Oxford2021_base,Global,Power,HydroCap,price,$/MWh,52.88135607909605
2027,Oxford2021_base,Global,Power,HydroCap,price,$/MWh,52.88135607909605
2028,Oxford2021_base,Global,Power,HydroCap,price,$/MWh,52.88135607909605
2029,Oxford2021_base,Global,Power,HydroCap,price,$/MWh,52.88135607909605
2030,Oxford2021_base,Global,Power,HydroCap,price,$/MWh,52.88135607909605
2031,Oxford2021_base,Global,Power,HydroCap,price,$/MWh,52.88135607909605
2032,Oxford2021_base,Global,Power,HydroCap,price,$/MWh,52.88135607909605
2033,Oxford2021_base,Global,Power,HydroCap,price,$/MWh,52.88135607909605
2034,Oxford2021_base,Global,Power,HydroCap,price,$/MWh,52.88135607909605
2035,Oxford2021_base,Global,Power,HydroCap,price,$/MWh,52.88135607909605
2036,Oxford2021_base,Global,Power,HydroCap,price,$/MWh,52.88135607909605
2037,Oxford2021_base,Global,Power,HydroCap,price,$/MWh,52.88135607909605
2038,Oxford2021_base,Global,Power,HydroCap,price,$/MWh,52.88135607909605
2039,Oxford2021_base,Global,Power,HydroCap,price,$/MWh,52.88135607909605
2040,Oxford2021_base,Global,Power,HydroCap,price,$/MWh,52.88135607909605
2041,Oxford2021_base,Global,Power,HydroCap,price,$/MWh,52.88135607909605
2042,Oxford2021_base,Global,Power,HydroCap,price,$/MWh,52.88135607909605
2043,Oxford2021_base,Global,Power,HydroCap,price,$/MWh,52.88135607909605
2044,Oxford2021_base,Global,Power,HydroCap,price,$/MWh,52.88135607909605
2045,Oxford2021_base,Global,Power,HydroCap,price,$/MWh,52.88135607909605
2046,Oxford2021_base,Global,Power,HydroCap,price,$/MWh,52.88135607909605
2047,Oxford2021_base,Global,Power,HydroCap,price,$/MWh,52.88135607909605
2048,Oxford2021_base,Global,Power,HydroCap,price,$/MWh,52.88135607909605
2049,Oxford2021_base,Global,Power,HydroCap,price,$/MWh,52.88135607909605
2050,Oxford2021_base,Global,Power,HydroCap,price,$/MWh,52.88135607909605
2051,Oxford2021_base,Global,Power,HydroCap,price,$/MWh,52.88135607909605
2052,Oxford2021_base,Global,Power,HydroCap,price,$/MWh,52.88135607909605
2053,Oxford2021_base,Global,Power,HydroCap,price,$/MWh,52.88135607909605
2054,Oxford2021_base,Global,Power,HydroCap,price,$/MWh,52.88135607909605
2055,Oxford2021_base,Global,Power,HydroCap,price,$/MWh,52.88135607909605
2056,Oxford2021_base,Global,Power,HydroCap,price,$/MWh,52.88135607909605
2057,Oxford2021_base,Global,Power,HydroCap,price,$/MWh,52.88135607909605
2058,Oxford2021_base,Global,Power,HydroCap,price,$/MWh,52.88135607909605
2059,Oxford2021_base,Global,Power,HydroCap,price,$/MWh,52.88135607909605
2060,Oxford2021_base,Global,Power,HydroCap,price,$/MWh,52.88135607909605
2061,Oxford2021_base,Global,Power,HydroCap,price,$/MWh,52.88135607909605
2062,Oxford2021_base,Global,Power,HydroCap,price,$/MWh,52.88135607909605
2063,Oxford2021_base,Global,Power,HydroCap,price,$/MWh,52.88135607909605
2064,Oxford2021_base,Global,Power,HydroCap,price,$/MWh,52.88135607909605
2065,Oxford2021_base,Global,Power,HydroCap,price,$/MWh,52.88135607909605
2066,Oxford2021_base,Global,Power,HydroCap,price,$/MWh,52.88135607909605
2067,Oxford2021_base,Global,Power,HydroCap,price,$/MWh,52.88135607909605
2068,Oxford2021_base,Global,Power,HydroCap,price,$/MWh,52.88135607909605
2069,Oxford2021_base,Global,Power,HydroCap,price,$/MWh,52.88135607909605
2022,Oxford2021_base,Global,Power,NuclearCap,price,$/MWh,101.69491553672316
2023,Oxford2021_base,Global,Power,NuclearCap,price,$/MWh,101.69491553672316
2024,Oxford2021_base,Global,Power,NuclearCap,price,$/MWh,101.69491553672316
2025,Oxford2021_base,Global,Power,NuclearCap,price,$/MWh,101.69491553672316
2026,Oxford2021_base,Global,Power,NuclearCap,price,$/MWh,101.69491553672316
2027,Oxford2021_base,Global,Power,NuclearCap,price,$/MWh,101.69491553672316
2028,Oxford2021_base,Global,Power,NuclearCap,price,$/MWh,101.69491553672316
2029,Oxford2021_base,Global,Power,NuclearCap,price,$/MWh,101.69491553672316
2030,Oxford2021_base,Global,Power,NuclearCap,price,$/MWh,101.69491553672316
2031,Oxford2021_base,Global,Power,NuclearCap,price,$/MWh,101.69491553672316
2032,Oxford2021_base,Global,Power,NuclearCap,price,$/MWh,101.69491553672316
2033,Oxford2021_base,Global,Power,NuclearCap,price,$/MWh,101.69491553672316
2034,Oxford2021_base,Global,Power,NuclearCap,price,$/MWh,101.69491553672316
2035,Oxford2021_base,Global,Power,NuclearCap,price,$/MWh,101.69491553672316
2036,Oxford2021_base,Global,Power,NuclearCap,price,$/MWh,101.69491553672316
2037,Oxford2021_base,Global,Power,NuclearCap,price,$/MWh,101.69491553672316
2038,Oxford2021_base,Global,Power,NuclearCap,price,$/MWh,101.69491553672316
2039,Oxford2021_base,Global,Power,NuclearCap,price,$/MWh,101.69491553672316
2040,Oxford2021_base,Global,Power,NuclearCap,price,$/MWh,101.69491553672316
2041,Oxford2021_base,Global,Power,NuclearCap,price,$/MWh,101.69491553672316
2042,Oxford2021_base,Global,Power,NuclearCap,price,$/MWh,101.69491553672316
2043,Oxford2021_base,Global,Power,NuclearCap,price,$/MWh,101.69491553672316
2044,Oxford2021_base,Global,Power,NuclearCap,price,$/MWh,101.69491553672316
2045,Oxford2021_base,Global,Power,NuclearCap,price,$/MWh,101.69491553672316
2046,Oxford2021_base,Global,Power,NuclearCap,price,$/MWh,101.69491553672316
2047,Oxford2021_base,Global,Power,NuclearCap,price,$/MWh,101.69491553672316
2048,Oxford2021_base,Global,Power,NuclearCap,price,$/MWh,101.69491553672316
2049,Oxford2021_base,Global,Power,NuclearCap,price,$/MWh,101.69491553672316
2050,Oxford2021_base,Global,Power,NuclearCap,price,$/MWh,101.69491553672316
2051,Oxford2021_base,Global,Power,NuclearCap,price,$/MWh,101.69491553672316
2052,Oxford2021_base,Global,Power,NuclearCap,price,$/MWh,101.69491553672316
2053,Oxford2021_base,Global,Power,NuclearCap,price,$/MWh,101.69491553672316
2054,Oxford2021_base,Global,Power,NuclearCap,price,$/MWh,101.69491553672316
2055,Oxford2021_base,Global,Power,NuclearCap,price,$/MWh,101.69491553672316
2056,Oxford2021_base,Global,Power,NuclearCap,price,$/MWh,101.69491553672316
2057,Oxford2021_base,Global,Power,NuclearCap,price,$/MWh,101.69491553672316
2058,Oxford2021_base,Global,Power,NuclearCap,price,$/MWh,101.69491553672316
2059,Oxford2021_base,Global,Power,NuclearCap,price,$/MWh,101.69491553672316
2060,Oxford2021_base,Global,Power,NuclearCap,price,$/MWh,101.69491553672316
2061,Oxford2021_base,Global,Power,NuclearCap,price,$/MWh,101.69491553672316
2062,Oxford2021_base,Global,Power,NuclearCap,price,$/MWh,101.69491553672316
2063,Oxford2021_base,Global,Power,NuclearCap,price,$/MWh,101.69491553672316
2064,Oxford2021_base,Global,Power,NuclearCap,price,$/MWh,101.69491553672316
2065,Oxford2021_base,Global,Power,NuclearCap,price,$/MWh,101.69491553672316
2066,Oxford2021_base,Global,Power,NuclearCap,price,$/MWh,101.69491553672316
2067,Oxford2021_base,Global,Power,NuclearCap,price,$/MWh,101.69491553672316
2068,Oxford2021_base,Global,Power,NuclearCap,price,$/MWh,101.69491553672316
2069,Oxford2021_base,Global,Power,NuclearCap,price,$/MWh,101.69491553672316
2022,Oxford2021_base,Global,Power,OilCap,price,$/MWh,62.85369299435028
2023,Oxford2021_base,Global,Power,OilCap,price,$/MWh,62.13181824430379
2024,Oxford2021_base,Global,Power,OilCap,price,$/MWh,61.54106547561286
2025,Oxford2021_base,Global,Power,OilCap,price,$/MWh,61.05673416017218
2026,Oxford2021_base,Global,Power,OilCap,price,$/MWh,60.65905294306617
2027,Oxford2021_base,Global,Power,OilCap,price,$/MWh,60.33211157474872
2028,Oxford2021_base,Global,Power,OilCap,price,$/MWh,60.06304909395892
2029,Oxford2021_base,Global,Power,OilCap,price,$/MWh,59.84142992890016
2030,Oxford2021_base,Global,Power,OilCap,price,$/MWh,59.65875950917725
2031,Oxford2021_base,Global,Power,OilCap,price,$/MWh,59.50810476520781
2032,Oxford2021_base,Global,Power,OilCap,price,$/MWh,59.38379444268135
2033,Oxford2021_base,Global,Power,OilCap,price,$/MWh,59.281180797367085
2034,Oxford2021_base,Global,Power,OilCap,price,$/MWh,59.19644898490565
2035,Oxford2021_base,Global,Power,OilCap,price,$/MWh,59.12646372373537
2036,Oxford2021_base,Global,Power,OilCap,price,$/MWh,59.06864549003239
2037,Oxford2021_base,Global,Power,OilCap,price,$/MWh,59.020870091847605
2038,Oxford2021_base,Global,Power,OilCap,price,$/MWh,58.98138703985392
2039,Oxford2021_base,Global,Power,OilCap,price,$/MWh,58.94875284594225
2040,Oxford2021_base,Global,Power,OilCap,price,$/MWh,58.92177664193161
2041,Oxford2021_base,Global,Power,OilCap,price,$/MWh,58.89947551057295
2042,Oxford2021_base,Global,Power,OilCap,price,$/MWh,58.88103792013392
2043,Oxford2021_base,Global,Power,OilCap,price,$/MWh,58.86579362094929
2044,Oxford2021_base,Global,Power,OilCap,price,$/MWh,58.85318892671253
2045,Oxford2021_base,Global,Power,OilCap,price,$/MWh,58.84276635044227
2046,Oxford2021_base,Global,Power,OilCap,price,$/MWh,58.83414784281152
2047,Oxford2021_base,Global,Power,OilCap,price,$/MWh,58.82702092125009
2048,Oxford2021_base,Global,Power,OilCap,price,$/MWh,58.821127313063194
2049,Oxford2021_base,Global,Power,OilCap,price,$/MWh,58.8162534973956
2050,Oxford2021_base,Global,Power,OilCap,price,$/MWh,58.81222295973324
2051,Oxford2021_base,Global,Power,OilCap,price,$/MWh,58.80888973403883
2052,Oxford2021_base,Global,Power,OilCap,price,$/MWh,58.80613316006506
2053,Oxford2021_base,Global,Power,OilCap,price,$/MWh,58.80385346105189
2054,Oxford2021_base,Global,Power,OilCap,price,$/MWh,58.80196811593344
2055,Oxford2021_base,Global,Power,OilCap,price,$/MWh,58.80040890314694
2056,Oxford2021_base,Global,Power,OilCap,price,$/MWh,58.7991194054864
2057,Oxford2021_base,Global,Power,OilCap,price,$/MWh,58.79805295427432
2058,Oxford2021_base,Global,Power,OilCap,price,$/MWh,58.79717096205744
2059,Oxford2021_base,Global,Power,OilCap,price,$/MWh,58.79644153413186
2060,Oxford2021_base,Global,Power,OilCap,price,$/MWh,58.79583827917091
2061,Oxford2021_base,Global,Power,OilCap,price,$/MWh,58.79533935807949
2062,Oxford2021_base,Global,Power,OilCap,price,$/MWh,58.79492673122455
2063,Oxford2021_base,Global,Power,OilCap,price,$/MWh,58.79458547530508
2064,Oxford2021_base,Global,Power,OilCap,price,$/MWh,58.79430324882607
2065,Oxford2021_base,Global,Power,OilCap,price,$/MWh,58.79406983687013
2066,Oxford2021_base,Global,Power,OilCap,price,$/MWh,58.793876794876574
2067,Oxford2021_base,Global,Power,OilCap,price,$/MWh,58.79371713206211
2068,Oxford2021_base,Global,Power,OilCap,price,$/MWh,58.79358509377442
2069,Oxford2021_base,Global,Power,OilCap,price,$/MWh,58.79347589445553
2022,Oxford2021_base,Global,Power,RenewablesCap,price,$/MWh,65.01407005649718
2023,Oxford2021_base,Global,Power,RenewablesCap,price,$/MWh,66.25224498227185
2024,Oxford2021_base,Global,Power,RenewablesCap,price,$/MWh,67.41960437138908
2025,Oxford2021_base,Global,Power,RenewablesCap,price,$/MWh,68.52772261942114
2026,Oxford2021_base,Global,Power,RenewablesCap,price,$/MWh,69.58567805159065
2027,Oxford2021_base,Global,Power,RenewablesCap,price,$/MWh,70.60070810081855
2028,Oxford2021_base,Global,Power,RenewablesCap,price,$/MWh,71.5785938596973
2029,Oxford2021_base,Global,Power,RenewablesCap,price,$/MWh,72.51984040895637
2030,Oxford2021_base,Global,Power,RenewablesCap,price,$/MWh,73.42373758228831
2031,Oxford2021_base,Global,Power,RenewablesCap,price,$/MWh,74.29222596043412
2032,Oxford2021_base,Global,Power,RenewablesCap,price,$/MWh,75.12552632633295
2033,Oxford2021_base,Global,Power,RenewablesCap,price,$/MWh,75.92261795841861
2034,Oxford2021_base,Global,Power,RenewablesCap,price,$/MWh,76.68349776570432
2035,Oxford2021_base,Global,Power,RenewablesCap,price,$/MWh,77.4104567264555
2036,Oxford2021_base,Global,Power,RenewablesCap,price,$/MWh,78.10707619312483
2037,Oxford2021_base,Global,Power,RenewablesCap,price,$/MWh,78.77714718726655
2038,Oxford2021_base,Global,Power,RenewablesCap,price,$/MWh,79.42416662038285
2039,Oxford2021_base,Global,Power,RenewablesCap,price,$/MWh,80.0512960506103
2040,Oxford2021_base,Global,Power,RenewablesCap,price,$/MWh,80.66120165342215
2041,Oxford2021_base,Global,Power,RenewablesCap,price,$/MWh,81.25608254942522
2042,Oxford2021_base,Global,Power,RenewablesCap,price,$/MWh,81.83773083978967
2043,Oxford2021_base,Global,Power,RenewablesCap,price,$/MWh,82.40760659675136
2044,Oxford2021_base,Global,Power,RenewablesCap,price,$/MWh,82.96690879678117
2045,Oxford2021_base,Global,Power,RenewablesCap,price,$/MWh,83.51663331125883
2046,Oxford2021_base,Global,Power,RenewablesCap,price,$/MWh,84.05761723598349
2047,Oxford2021_base,Global,Power,RenewablesCap,price,$/MWh,84.59057184103226
2048,Oxford2021_base,Global,Power,RenewablesCap,price,$/MWh,85.11612447963842
2049,Oxford2021_base,Global,Power,RenewablesCap,price,$/MWh,85.63479452069247
2050,Oxford2021_base,Global,Power,RenewablesCap,price,$/MWh,86.14703672810337
2051,Oxford2021_base,Global,Power,RenewablesCap,price,$/MWh,86.65325110861923
2052,Oxford2021_base,Global,Power,RenewablesCap,price,$/MWh,87.15379110711402
2053,Oxford2021_base,Global,Power,RenewablesCap,price,$/MWh,87.64897049858686
2054,Oxford2021_base,Global,Power,RenewablesCap,price,$/MWh,88.13906908682928
2055,Oxford2021_base,Global,Power,RenewablesCap,price,$/MWh,88.62433757904846
2056,Oxford2021_base,Global,Power,RenewablesCap,price,$/MWh,89.1050015493289
2057,Oxford2021_base,Global,Power,RenewablesCap,price,$/MWh,89.58126494762611
2058,Oxford2021_base,Global,Power,RenewablesCap,price,$/MWh,90.05331286096636
2059,Oxford2021_base,Global,Power,RenewablesCap,price,$/MWh,90.5213140133676
2060,Oxford2021_base,Global,Power,RenewablesCap,price,$/MWh,90.98542274365704
2061,Oxford2021_base,Global,Power,RenewablesCap,price,$/MWh,91.44578081003256
2062,Oxford2021_base,Global,Power,RenewablesCap,price,$/MWh,91.90251874185816
2063,Oxford2021_base,Global,Power,RenewablesCap,price,$/MWh,92.35575721543496
2064,Oxford2021_base,Global,Power,RenewablesCap,price,$/MWh,92.80560798981028
2065,Oxford2021_base,Global,Power,RenewablesCap,price,$/MWh,93.25217488036957
2066,Oxford2021_base,Global,Power,RenewablesCap,price,$/MWh,93.6955545058034
2067,Oxford2021_base,Global,Power,RenewablesCap,price,$/MWh,94.13583692745011
2068,Oxford2021_base,Global,Power,RenewablesCap,price,$/MWh,94.57310624712142
2069,Oxford2021_base,Global,Power,RenewablesCap,price,$/MWh,95.0074410425187
2070,Oxford2021_fast,Global,Power,OilCap,price,$/MWh,58.78864416982829
2070,Oxford2021_base,Global,Power,OilCap,price,$/MWh,58.78864416982829
2070,Oxford2021_fast,Global,Power,CoalCap,price,$/MWh,68.35625842931431
2070,Oxford2021_base,Global,Power,CoalCap,price,$/MWh,68.35625842931431
2070,Oxford2021_fast,Global,Power,GasCap,price,$/MWh,58.78864416982829
2070,Oxford2021_base,Global,Power,GasCap,price,$/MWh,58.78864416982829
2070,Oxford2021_fast,Global,Power,RenewablesCap,price,$/MWh,109.93655446242064
2070,Oxford2021_base,Global,Power,RenewablesCap,price,$/MWh,95.59356996354644
2070,Oxford2021_fast,Global,Power,HydroCap,price,$/MWh,52.88135607909605
2070,Oxford2021_base,Global,Power,HydroCap,price,$/MWh,52.88135607909605
2070,Oxford2021_fast,Global,Power,NuclearCap,price,$/MWh,101.69491553672316
2070,Oxford2021_base,Global,Power,NuclearCap,price,$/MWh,101.69491553672316
2071,Oxford2021_fast,Global,Power,OilCap,price,$/MWh,58.78768007906826
2071,Oxford2021_base,Global,Power,OilCap,price,$/MWh,58.78768007906826
2071,Oxford2021_fast,Global,Power,CoalCap,price,$/MWh,68.3601849533316
2071,Oxford2021_base,Global,Power,CoalCap,price,$/MWh,68.3601849533316
2071,Oxford2021_fast,Global,Power,GasCap,price,$/MWh,58.78768007906826
2071,Oxford2021_base,Global,Power,GasCap,price,$/MWh,58.78768007906826
2071,Oxford2021_fast,Global,Power,RenewablesCap,price,$/MWh,110.4807518667385
2071,Oxford2021_base,Global,Power,RenewablesCap,price,$/MWh,96.0612912801272
2071,Oxford2021_fast,Global,Power,HydroCap,price,$/MWh,52.88135607909605
2071,Oxford2021_base,Global,Power,HydroCap,price,$/MWh,52.88135607909605
2071,Oxford2021_fast,Global,Power,NuclearCap,price,$/MWh,101.69491553672316
2071,Oxford2021_base,Global,Power,NuclearCap,price,$/MWh,101.69491553672316
2072,Oxford2021_fast,Global,Power,OilCap,price,$/MWh,58.78671598830823
2072,Oxford2021_base,Global,Power,OilCap,price,$/MWh,58.78671598830823
2072,Oxford2021_fast,Global,Power,CoalCap,price,$/MWh,68.36411147734889
2072,Oxford2021_base,Global,Power,CoalCap,price,$/MWh,68.36411147734889
2072,Oxford2021_fast,Global,Power,GasCap,price,$/MWh,58.78671598830823
2072,Oxford2021_base,Global,Power,GasCap,price,$/MWh,58.78671598830823
2072,Oxford2021_fast,Global,Power,RenewablesCap,price,$/MWh,111.02494927105612
2072,Oxford2021_base,Global,Power,RenewablesCap,price,$/MWh,96.52901259670784
2072,Oxford2021_fast,Global,Power,HydroCap,price,$/MWh,52.88135607909605
2072,Oxford2021_base,Global,Power,HydroCap,price,$/MWh,52.88135607909605
2072,Oxford2021_fast,Global,Power,NuclearCap,price,$/MWh,101.69491553672316
2072,Oxford2021_base,Global,Power,NuclearCap,price,$/MWh,101.69491553672316
2073,Oxford2021_fast,Global,Power,OilCap,price,$/MWh,58.78575189754821
2073,Oxford2021_base,Global,Power,OilCap,price,$/MWh,58.78575189754821
2073,Oxford2021_fast,Global,Power,CoalCap,price,$/MWh,68.36803800136616
2073,Oxford2021_base,Global,Power,CoalCap,price,$/MWh,68.36803800136616
2073,Oxford2021_fast,Global,Power,GasCap,price,$/MWh,58.78575189754821
2073,Oxford2021_base,Global,Power,GasCap,price,$/MWh,58.78575189754821
2073,Oxford2021_fast,Global,Power,RenewablesCap,price,$/MWh,111.569146675374
2073,Oxford2021_base,Global,Power,RenewablesCap,price,$/MWh,96.9967339132886
2073,Oxford2021_fast,Global,Power,HydroCap,price,$/MWh,52.88135607909605
2073,Oxford2021_base,Global,Power,HydroCap,price,$/MWh,52.88135607909605
2073,Oxford2021_fast,Global,Power,NuclearCap,price,$/MWh,101.69491553672316
2073,Oxford2021_base,Global,Power,NuclearCap,price,$/MWh,101.69491553672316
2074,Oxford2021_fast,Global,Power,OilCap,price,$/MWh,58.78478780678818
2074,Oxford2021_base,Global,Power,OilCap,price,$/MWh,58.78478780678818
2074,Oxford2021_fast,Global,Power,CoalCap,price,$/MWh,68.37196452538345
2074,Oxford2021_base,Global,Power,CoalCap,price,$/MWh,68.37196452538345
2074,Oxford2021_fast,Global,Power,GasCap,price,$/MWh,58.78478780678818
2074,Oxford2021_base,Global,Power,GasCap,price,$/MWh,58.78478780678818
2074,Oxford2021_fast,Global,Power,RenewablesCap,price,$/MWh,112.11334407969184
2074,Oxford2021_base,Global,Power,RenewablesCap,price,$/MWh,97.46445522986926
2074,Oxford2021_fast,Global,Power,HydroCap,price,$/MWh,52.88135607909605
2074,Oxford2021_base,Global,Power,HydroCap,price,$/MWh,52.88135607909605
2074,Oxford2021_fast,Global,Power,NuclearCap,price,$/MWh,101.69491553672316
2074,Oxford2021_base,Global,Power,NuclearCap,price,$/MWh,101.69491553672316
2075,Oxford2021_fast,Global,Power,OilCap,price,$/MWh,58.78382371602815
2075,Oxford2021_base,Global,Power,OilCap,price,$/MWh,58.78382371602815
2075,Oxford2021_fast,Global,Power,CoalCap,price,$/MWh,68.37589104940074
2075,Oxford2021_base,Global,Power,CoalCap,price,$/MWh,68.37589104940074
2075,Oxford2021_fast,Global,Power,GasCap,price,$/MWh,58.78382371602815
2075,Oxford2021_base,Global,Power,GasCap,price,$/MWh,58.78382371602815
2075,Oxford2021_fast,Global,Power,RenewablesCap,price,$/MWh,112.6575414840097
2075,Oxford2021_base,Global,Power,RenewablesCap,price,$/MWh,97.93217654645002
2075,Oxford2021_fast,Global,Power,HydroCap,price,$/MWh,52.88135607909605
2075,Oxford2021_base,Global,Power,HydroCap,price,$/MWh,52.88135607909605
2075,Oxford2021_fast,Global,Power,NuclearCap,price,$/MWh,101.69491553672316
2075,Oxford2021_base,Global,Power,NuclearCap,price,$/MWh,101.69491553672316
2076,Oxford2021_fast,Global,Power,OilCap,price,$/MWh,58.78285962526813
2076,Oxford2021_base,Global,Power,OilCap,price,$/MWh,58.78285962526813
2076,Oxford2021_fast,Global,Power,CoalCap,price,$/MWh,68.37981757341802
2076,Oxford2021_base,Global,Power,CoalCap,price,$/MWh,68.37981757341802
2076,Oxford2021_fast,Global,Power,GasCap,price,$/MWh,58.78285962526813
2076,Oxford2021_base,Global,Power,GasCap,price,$/MWh,58.78285962526813
2076,Oxford2021_fast,Global,Power,RenewablesCap,price,$/MWh,113.20173888832733
2076,Oxford2021_base,Global,Power,RenewablesCap,price,$/MWh,98.39989786303067
2076,Oxford2021_fast,Global,Power,HydroCap,price,$/MWh,52.88135607909605
2076,Oxford2021_base,Global,Power,HydroCap,price,$/MWh,52.88135607909605
2076,Oxford2021_fast,Global,Power,NuclearCap,price,$/MWh,101.69491553672316
2076,Oxford2021_base,Global,Power,NuclearCap,price,$/MWh,101.69491553672316
2077,Oxford2021_fast,Global,Power,OilCap,price,$/MWh,58.7818955345081
2077,Oxford2021_base,Global,Power,OilCap,price,$/MWh,58.7818955345081
2077,Oxford2021_fast,Global,Power,CoalCap,price,$/MWh,68.3837440974353
2077,Oxford2021_base,Global,Power,CoalCap,price,$/MWh,68.3837440974353
2077,Oxford2021_fast,Global,Power,GasCap,price,$/MWh,58.7818955345081
2077,Oxford2021_base,Global,Power,GasCap,price,$/MWh,58.7818955345081
2077,Oxford2021_fast,Global,Power,RenewablesCap,price,$/MWh,113.74593629264518
2077,Oxford2021_base,Global,Power,RenewablesCap,price,$/MWh,98.86761917961144
2077,Oxford2021_fast,Global,Power,HydroCap,price,$/MWh,52.88135607909605
2077,Oxford2021_base,Global,Power,HydroCap,price,$/MWh,52.88135607909605
2077,Oxford2021_fast,Global,Power,NuclearCap,price,$/MWh,101.69491553672316
2077,Oxford2021_base,Global,Power,NuclearCap,price,$/MWh,101.69491553672316
2078,Oxford2021_fast,Global,Power,OilCap,price,$/MWh,58.780931443748074
2078,Oxford2021_base,Global,Power,OilCap,price,$/MWh,58.780931443748074
2078,Oxford2021_fast,Global,Power,CoalCap,price,$/MWh,68.38767062145259
2078,Oxford2021_base,Global,Power,CoalCap,price,$/MWh,68.38767062145259
2078,Oxford2021_fast,Global,Power,GasCap,price,$/MWh,58.780931443748074
2078,Oxford2021_base,Global,Power,GasCap,price,$/MWh,58.780931443748074
2078,Oxford2021_fast,Global,Power,RenewablesCap,price,$/MWh,114.29013369696304
2078,Oxford2021_base,Global,Power,RenewablesCap,price,$/MWh,99.33534049619207
2078,Oxford2021_fast,Global,Power,HydroCap,price,$/MWh,52.88135607909605
2078,Oxford2021_base,Global,Power,HydroCap,price,$/MWh,52.88135607909605
2078,Oxford2021_fast,Global,Power,NuclearCap,price,$/MWh,101.69491553672316
2078,Oxford2021_base,Global,Power,NuclearCap,price,$/MWh,101.69491553672316
2079,Oxford2021_fast,Global,Power,OilCap,price,$/MWh,58.779967352988045
2079,Oxford2021_base,Global,Power,OilCap,price,$/MWh,58.779967352988045
2079,Oxford2021_fast,Global,Power,CoalCap,price,$/MWh,68.39159714546987
2079,Oxford2021_base,Global,Power,CoalCap,price,$/MWh,68.39159714546987
2079,Oxford2021_fast,Global,Power,GasCap,price,$/MWh,58.779967352988045
2079,Oxford2021_base,Global,Power,GasCap,price,$/MWh,58.779967352988045
2079,Oxford2021_fast,Global,Power,RenewablesCap,price,$/MWh,114.8343311012809
2079,Oxford2021_base,Global,Power,RenewablesCap,price,$/MWh,99.80306181277274
2079,Oxford2021_fast,Global,Power,HydroCap,price,$/MWh,52.88135607909605
2079,Oxford2021_base,Global,Power,HydroCap,price,$/MWh,52.88135607909605
2079,Oxford2021_fast,Global,Power,NuclearCap,price,$/MWh,101.69491553672316
2079,Oxford2021_base,Global,Power,NuclearCap,price,$/MWh,101.69491553672316
2080,Oxford2021_fast,Global,Power,OilCap,price,$/MWh,58.779003262228024
2080,Oxford2021_base,Global,Power,OilCap,price,$/MWh,58.779003262228024
2080,Oxford2021_fast,Global,Power,CoalCap,price,$/MWh,68.39552366948716
2080,Oxford2021_base,Global,Power,CoalCap,price,$/MWh,68.39552366948716
2080,Oxford2021_fast,Global,Power,GasCap,price,$/MWh,58.779003262228024
2080,Oxford2021_base,Global,Power,GasCap,price,$/MWh,58.779003262228024
2080,Oxford2021_fast,Global,Power,RenewablesCap,price,$/MWh,115.37852850559877
2080,Oxford2021_base,Global,Power,RenewablesCap,price,$/MWh,100.2707831293535
2080,Oxford2021_fast,Global,Power,HydroCap,price,$/MWh,52.88135607909605
2080,Oxford2021_base,Global,Power,HydroCap,price,$/MWh,52.88135607909605
2080,Oxford2021_fast,Global,Power,NuclearCap,price,$/MWh,101.69491553672316
2080,Oxford2021_base,Global,Power,NuclearCap,price,$/MWh,101.69491553672316
2081,Oxford2021_fast,Global,Power,OilCap,price,$/MWh,58.778039171467995
2081,Oxford2021_base,Global,Power,OilCap,price,$/MWh,58.778039171467995
2081,Oxford2021_fast,Global,Power,CoalCap,price,$/MWh,68.39945019350444
2081,Oxford2021_base,Global,Power,CoalCap,price,$/MWh,68.39945019350444
2081,Oxford2021_fast,Global,Power,GasCap,price,$/MWh,58.778039171467995
2081,Oxford2021_base,Global,Power,GasCap,price,$/MWh,58.778039171467995
2081,Oxford2021_fast,Global,Power,RenewablesCap,price,$/MWh,115.92272590991638
2081,Oxford2021_base,Global,Power,RenewablesCap,price,$/MWh,100.73850444593415
2081,Oxford2021_fast,Global,Power,HydroCap,price,$/MWh,52.88135607909605
2081,Oxford2021_base,Global,Power,HydroCap,price,$/MWh,52.88135607909605
2081,Oxford2021_fast,Global,Power,NuclearCap,price,$/MWh,101.69491553672316
2081,Oxford2021_base,Global,Power,NuclearCap,price,$/MWh,101.69491553672316
2082,Oxford2021_fast,Global,Power,OilCap,price,$/MWh,58.77707508070797
2082,Oxford2021_base,Global,Power,OilCap,price,$/MWh,58.77707508070797
2082,Oxford2021_fast,Global,Power,CoalCap,price,$/MWh,68.40337671752172
2082,Oxford2021_base,Global,Power,CoalCap,price,$/MWh,68.40337671752172
2082,Oxford2021_fast,Global,Power,GasCap,price,$/MWh,58.77707508070797
2082,Oxford2021_base,Global,Power,GasCap,price,$/MWh,58.77707508070797
2082,Oxford2021_fast,Global,Power,RenewablesCap,price,$/MWh,116.46692331423424
2082,Oxford2021_base,Global,Power,RenewablesCap,price,$/MWh,101.20622576251492
2082,Oxford2021_fast,Global,Power,HydroCap,price,$/MWh,52.88135607909605
2082,Oxford2021_base,Global,Power,HydroCap,price,$/MWh,52.88135607909605
2082,Oxford2021_fast,Global,Power,NuclearCap,price,$/MWh,101.69491553672316
2082,Oxford2021_base,Global,Power,NuclearCap,price,$/MWh,101.69491553672316
2083,Oxford2021_fast,Global,Power,OilCap,price,$/MWh,58.77611098994794
2083,Oxford2021_base,Global,Power,OilCap,price,$/MWh,58.77611098994794
2083,Oxford2021_fast,Global,Power,CoalCap,price,$/MWh,68.40730324153901
2083,Oxford2021_base,Global,Power,CoalCap,price,$/MWh,68.40730324153901
2083,Oxford2021_fast,Global,Power,GasCap,price,$/MWh,58.77611098994794
2083,Oxford2021_base,Global,Power,GasCap,price,$/MWh,58.77611098994794
2083,Oxford2021_fast,Global,Power,RenewablesCap,price,$/MWh,117.01112071855208
2083,Oxford2021_base,Global,Power,RenewablesCap,price,$/MWh,101.67394707909556
2083,Oxford2021_fast,Global,Power,HydroCap,price,$/MWh,52.88135607909605
2083,Oxford2021_base,Global,Power,HydroCap,price,$/MWh,52.88135607909605
2083,Oxford2021_fast,Global,Power,NuclearCap,price,$/MWh,101.69491553672316
2083,Oxford2021_base,Global,Power,NuclearCap,price,$/MWh,101.69491553672316
2084,Oxford2021_fast,Global,Power,OilCap,price,$/MWh,58.77514689918792
2084,Oxford2021_base,Global,Power,OilCap,price,$/MWh,58.77514689918792
2084,Oxford2021_fast,Global,Power,CoalCap,price,$/MWh,68.4112297655563
2084,Oxford2021_base,Global,Power,CoalCap,price,$/MWh,68.4112297655563
2084,Oxford2021_fast,Global,Power,GasCap,price,$/MWh,58.77514689918792
2084,Oxford2021_base,Global,Power,GasCap,price,$/MWh,58.77514689918792
2084,Oxford2021_fast,Global,Power,RenewablesCap,price,$/MWh,117.55531812286996
2084,Oxford2021_base,Global,Power,RenewablesCap,price,$/MWh,102.14166839567632
2084,Oxford2021_fast,Global,Power,HydroCap,price,$/MWh,52.88135607909605
2084,Oxford2021_base,Global,Power,HydroCap,price,$/MWh,52.88135607909605
2084,Oxford2021_fast,Global,Power,NuclearCap,price,$/MWh,101.69491553672316
2084,Oxford2021_base,Global,Power,NuclearCap,price,$/MWh,101.69491553672316
2085,Oxford2021_fast,Global,Power,OilCap,price,$/MWh,58.77418280842789
2085,Oxford2021_base,Global,Power,OilCap,price,$/MWh,58.77418280842789
2085,Oxford2021_fast,Global,Power,CoalCap,price,$/MWh,68.41515628957357
2085,Oxford2021_base,Global,Power,CoalCap,price,$/MWh,68.41515628957357
2085,Oxford2021_fast,Global,Power,GasCap,price,$/MWh,58.77418280842789
2085,Oxford2021_base,Global,Power,GasCap,price,$/MWh,58.77418280842789
2085,Oxford2021_fast,Global,Power,RenewablesCap,price,$/MWh,118.09951552718758
2085,Oxford2021_base,Global,Power,RenewablesCap,price,$/MWh,102.60938971225698
2085,Oxford2021_fast,Global,Power,HydroCap,price,$/MWh,52.88135607909605
2085,Oxford2021_base,Global,Power,HydroCap,price,$/MWh,52.88135607909605
2085,Oxford2021_fast,Global,Power,NuclearCap,price,$/MWh,101.69491553672316
2085,Oxford2021_base,Global,Power,NuclearCap,price,$/MWh,101.69491553672316
2086,Oxford2021_fast,Global,Power,OilCap,price,$/MWh,58.77321871766786
2086,Oxford2021_base,Global,Power,OilCap,price,$/MWh,58.77321871766786
2086,Oxford2021_fast,Global,Power,CoalCap,price,$/MWh,68.41908281359086
2086,Oxford2021_base,Global,Power,CoalCap,price,$/MWh,68.41908281359086
2086,Oxford2021_fast,Global,Power,GasCap,price,$/MWh,58.77321871766786
2086,Oxford2021_base,Global,Power,GasCap,price,$/MWh,58.77321871766786
2086,Oxford2021_fast,Global,Power,RenewablesCap,price,$/MWh,118.64371293150543
2086,Oxford2021_base,Global,Power,RenewablesCap,price,$/MWh,103.07711102883776
2086,Oxford2021_fast,Global,Power,HydroCap,price,$/MWh,52.88135607909605
2086,Oxford2021_base,Global,Power,HydroCap,price,$/MWh,52.88135607909605
2086,Oxford2021_fast,Global,Power,NuclearCap,price,$/MWh,101.69491553672316
2086,Oxford2021_base,Global,Power,NuclearCap,price,$/MWh,101.69491553672316
2087,Oxford2021_fast,Global,Power,OilCap,price,$/MWh,58.77225462690783
2087,Oxford2021_base,Global,Power,OilCap,price,$/MWh,58.77225462690783
2087,Oxford2021_fast,Global,Power,CoalCap,price,$/MWh,68.42300933760815
2087,Oxford2021_base,Global,Power,CoalCap,price,$/MWh,68.42300933760815
2087,Oxford2021_fast,Global,Power,GasCap,price,$/MWh,58.77225462690783
2087,Oxford2021_base,Global,Power,GasCap,price,$/MWh,58.77225462690783
2087,Oxford2021_fast,Global,Power,RenewablesCap,price,$/MWh,119.18791033582328
2087,Oxford2021_base,Global,Power,RenewablesCap,price,$/MWh,103.5448323454184
2087,Oxford2021_fast,Global,Power,HydroCap,price,$/MWh,52.88135607909605
2087,Oxford2021_base,Global,Power,HydroCap,price,$/MWh,52.88135607909605
2087,Oxford2021_fast,Global,Power,NuclearCap,price,$/MWh,101.69491553672316
2087,Oxford2021_base,Global,Power,NuclearCap,price,$/MWh,101.69491553672316
2088,Oxford2021_fast,Global,Power,OilCap,price,$/MWh,58.77129053614781
2088,Oxford2021_base,Global,Power,OilCap,price,$/MWh,58.77129053614781
2088,Oxford2021_fast,Global,Power,CoalCap,price,$/MWh,68.42693586162544
2088,Oxford2021_base,Global,Power,CoalCap,price,$/MWh,68.42693586162544
2088,Oxford2021_fast,Global,Power,GasCap,price,$/MWh,58.77129053614781
2088,Oxford2021_base,Global,Power,GasCap,price,$/MWh,58.77129053614781
2088,Oxford2021_fast,Global,Power,RenewablesCap,price,$/MWh,119.73210774014116
2088,Oxford2021_base,Global,Power,RenewablesCap,price,$/MWh,104.01255366199916
2088,Oxford2021_fast,Global,Power,HydroCap,price,$/MWh,52.88135607909605
2088,Oxford2021_base,Global,Power,HydroCap,price,$/MWh,52.88135607909605
2088,Oxford2021_fast,Global,Power,NuclearCap,price,$/MWh,101.69491553672316
2088,Oxford2021_base,Global,Power,NuclearCap,price,$/MWh,101.69491553672316
2089,Oxford2021_fast,Global,Power,OilCap,price,$/MWh,58.77032644538778
2089,Oxford2021_base,Global,Power,OilCap,price,$/MWh,58.77032644538778
2089,Oxford2021_fast,Global,Power,CoalCap,price,$/MWh,68.43086238564271
2089,Oxford2021_base,Global,Power,CoalCap,price,$/MWh,68.43086238564271
2089,Oxford2021_fast,Global,Power,GasCap,price,$/MWh,58.77032644538778
2089,Oxford2021_base,Global,Power,GasCap,price,$/MWh,58.77032644538778
2089,Oxford2021_fast,Global,Power,RenewablesCap,price,$/MWh,120.27630514445876
2089,Oxford2021_base,Global,Power,RenewablesCap,price,$/MWh,104.4802749785798
2089,Oxford2021_fast,Global,Power,HydroCap,price,$/MWh,52.88135607909605
2089,Oxford2021_base,Global,Power,HydroCap,price,$/MWh,52.88135607909605
2089,Oxford2021_fast,Global,Power,NuclearCap,price,$/MWh,101.69491553672316
2089,Oxford2021_base,Global,Power,NuclearCap,price,$/MWh,101.69491553672316
2090,Oxford2021_fast,Global,Power,OilCap,price,$/MWh,58.76936235462775
2090,Oxford2021_base,Global,Power,OilCap,price,$/MWh,58.76936235462775
2090,Oxford2021_fast,Global,Power,CoalCap,price,$/MWh,68.43478890966
2090,Oxford2021_base,Global,Power,CoalCap,price,$/MWh,68.43478890966
2090,Oxford2021_fast,Global,Power,GasCap,price,$/MWh,58.76936235462775
2090,Oxford2021_base,Global,Power,GasCap,price,$/MWh,58.76936235462775
2090,Oxford2021_fast,Global,Power,RenewablesCap,price,$/MWh,120.82050254877664
2090,Oxford2021_base,Global,Power,RenewablesCap,price,$/MWh,104.94799629516058
2090,Oxford2021_fast,Global,Power,HydroCap,price,$/MWh,52.88135607909605
2090,Oxford2021_base,Global,Power,HydroCap,price,$/MWh,52.88135607909605
2090,Oxford2021_fast,Global,Power,NuclearCap,price,$/MWh,101.69491553672316
2090,Oxford2021_base,Global,Power,NuclearCap,price,$/MWh,101.69491553672316
2091,Oxford2021_fast,Global,Power,OilCap,price,$/MWh,58.76839826386773
2091,Oxford2021_base,Global,Power,OilCap,price,$/MWh,58.76839826386773
2091,Oxford2021_fast,Global,Power,CoalCap,price,$/MWh,68.43871543367729
2091,Oxford2021_base,Global,Power,CoalCap,price,$/MWh,68.43871543367729
2091,Oxford2021_fast,Global,Power,GasCap,price,$/MWh,58.76839826386773
2091,Oxford2021_base,Global,Power,GasCap,price,$/MWh,58.76839826386773
2091,Oxford2021_fast,Global,Power,RenewablesCap,price,$/MWh,121.36469995309449
2091,Oxford2021_base,Global,Power,RenewablesCap,price,$/MWh,105.41571761174124
2091,Oxford2021_fast,Global,Power,HydroCap,price,$/MWh,52.88135607909605
2091,Oxford2021_base,Global,Power,HydroCap,price,$/MWh,52.88135607909605
2091,Oxford2021_fast,Global,Power,NuclearCap,price,$/MWh,101.69491553672316
2091,Oxford2021_base,Global,Power,NuclearCap,price,$/MWh,101.69491553672316
2092,Oxford2021_fast,Global,Power,OilCap,price,$/MWh,58.7674341731077
2092,Oxford2021_base,Global,Power,OilCap,price,$/MWh,58.7674341731077
2092,Oxford2021_fast,Global,Power,CoalCap,price,$/MWh,68.44264195769458
2092,Oxford2021_base,Global,Power,CoalCap,price,$/MWh,68.44264195769458
2092,Oxford2021_fast,Global,Power,GasCap,price,$/MWh,58.7674341731077
2092,Oxford2021_base,Global,Power,GasCap,price,$/MWh,58.7674341731077
2092,Oxford2021_fast,Global,Power,RenewablesCap,price,$/MWh,121.90889735741234
2092,Oxford2021_base,Global,Power,RenewablesCap,price,$/MWh,105.883438928322
2092,Oxford2021_fast,Global,Power,HydroCap,price,$/MWh,52.88135607909606
2092,Oxford2021_base,Global,Power,HydroCap,price,$/MWh,52.88135607909606
2092,Oxford2021_fast,Global,Power,NuclearCap,price,$/MWh,101.6949155367232
2092,Oxford2021_base,Global,Power,NuclearCap,price,$/MWh,101.6949155367232
2093,Oxford2021_fast,Global,Power,OilCap,price,$/MWh,58.766470082347674
2093,Oxford2021_base,Global,Power,OilCap,price,$/MWh,58.766470082347674
2093,Oxford2021_fast,Global,Power,CoalCap,price,$/MWh,68.44656848171185
2093,Oxford2021_base,Global,Power,CoalCap,price,$/MWh,68.44656848171185
2093,Oxford2021_fast,Global,Power,GasCap,price,$/MWh,58.766470082347674
2093,Oxford2021_base,Global,Power,GasCap,price,$/MWh,58.766470082347674
2093,Oxford2021_fast,Global,Power,RenewablesCap,price,$/MWh,122.4530947617302
2093,Oxford2021_base,Global,Power,RenewablesCap,price,$/MWh,106.35116024490264
2093,Oxford2021_fast,Global,Power,HydroCap,price,$/MWh,52.88135607909606
2093,Oxford2021_base,Global,Power,HydroCap,price,$/MWh,52.88135607909606
2093,Oxford2021_fast,Global,Power,NuclearCap,price,$/MWh,101.6949155367232
2093,Oxford2021_base,Global,Power,NuclearCap,price,$/MWh,101.6949155367232
2094,Oxford2021_fast,Global,Power,OilCap,price,$/MWh,58.765505991587645
2094,Oxford2021_base,Global,Power,OilCap,price,$/MWh,58.765505991587645
2094,Oxford2021_fast,Global,Power,CoalCap,price,$/MWh,68.45049500572914
2094,Oxford2021_base,Global,Power,CoalCap,price,$/MWh,68.45049500572914
2094,Oxford2021_fast,Global,Power,GasCap,price,$/MWh,58.765505991587645
2094,Oxford2021_base,Global,Power,GasCap,price,$/MWh,58.765505991587645
2094,Oxford2021_fast,Global,Power,RenewablesCap,price,$/MWh,122.99729216604784
2094,Oxford2021_base,Global,Power,RenewablesCap,price,$/MWh,106.8188815614833
2094,Oxford2021_fast,Global,Power,HydroCap,price,$/MWh,52.88135607909606
2094,Oxford2021_base,Global,Power,HydroCap,price,$/MWh,52.88135607909606
2094,Oxford2021_fast,Global,Power,NuclearCap,price,$/MWh,101.6949155367232
2094,Oxford2021_base,Global,Power,NuclearCap,price,$/MWh,101.6949155367232
2095,Oxford2021_fast,Global,Power,OilCap,price,$/MWh,58.76454190082762
2095,Oxford2021_base,Global,Power,OilCap,price,$/MWh,58.76454190082762
2095,Oxford2021_fast,Global,Power,CoalCap,price,$/MWh,68.45442152974643
2095,Oxford2021_base,Global,Power,CoalCap,price,$/MWh,68.45442152974643
2095,Oxford2021_fast,Global,Power,GasCap,price,$/MWh,58.76454190082762
2095,Oxford2021_base,Global,Power,GasCap,price,$/MWh,58.76454190082762
2095,Oxford2021_fast,Global,Power,RenewablesCap,price,$/MWh,123.54148957036568
2095,Oxford2021_base,Global,Power,RenewablesCap,price,$/MWh,107.28660287806406
2095,Oxford2021_fast,Global,Power,HydroCap,price,$/MWh,52.88135607909606
2095,Oxford2021_base,Global,Power,HydroCap,price,$/MWh,52.88135607909606
2095,Oxford2021_fast,Global,Power,NuclearCap,price,$/MWh,101.6949155367232
2095,Oxford2021_base,Global,Power,NuclearCap,price,$/MWh,101.6949155367232
2096,Oxford2021_fast,Global,Power,OilCap,price,$/MWh,58.763577810067595
2096,Oxford2021_base,Global,Power,OilCap,price,$/MWh,58.763577810067595
2096,Oxford2021_fast,Global,Power,CoalCap,price,$/MWh,68.45834805376371
2096,Oxford2021_base,Global,Power,CoalCap,price,$/MWh,68.45834805376371
2096,Oxford2021_fast,Global,Power,GasCap,price,$/MWh,58.763577810067595
2096,Oxford2021_base,Global,Power,GasCap,price,$/MWh,58.763577810067595
2096,Oxford2021_fast,Global,Power,RenewablesCap,price,$/MWh,124.08568697468354
2096,Oxford2021_base,Global,Power,RenewablesCap,price,$/MWh,107.75432419464472
2096,Oxford2021_fast,Global,Power,HydroCap,price,$/MWh,52.88135607909606
2096,Oxford2021_base,Global,Power,HydroCap,price,$/MWh,52.88135607909606
2096,Oxford2021_fast,Global,Power,NuclearCap,price,$/MWh,101.6949155367232
2096,Oxford2021_base,Global,Power,NuclearCap,price,$/MWh,101.6949155367232
2097,Oxford2021_fast,Global,Power,OilCap,price,$/MWh,58.762613719307566
2097,Oxford2021_base,Global,Power,OilCap,price,$/MWh,58.762613719307566
2097,Oxford2021_fast,Global,Power,CoalCap,price,$/MWh,68.46227457778099
2097,Oxford2021_base,Global,Power,CoalCap,price,$/MWh,68.46227457778099
2097,Oxford2021_fast,Global,Power,GasCap,price,$/MWh,58.762613719307566
2097,Oxford2021_base,Global,Power,GasCap,price,$/MWh,58.762613719307566
2097,Oxford2021_fast,Global,Power,RenewablesCap,price,$/MWh,124.6298843790014
2097,Oxford2021_base,Global,Power,RenewablesCap,price,$/MWh,108.22204551122547
2097,Oxford2021_fast,Global,Power,HydroCap,price,$/MWh,52.88135607909606
2097,Oxford2021_base,Global,Power,HydroCap,price,$/MWh,52.88135607909606
2097,Oxford2021_fast,Global,Power,NuclearCap,price,$/MWh,101.6949155367232
2097,Oxford2021_base,Global,Power,NuclearCap,price,$/MWh,101.6949155367232
2098,Oxford2021_fast,Global,Power,OilCap,price,$/MWh,58.761649628547545
2098,Oxford2021_base,Global,Power,OilCap,price,$/MWh,58.761649628547545
2098,Oxford2021_fast,Global,Power,CoalCap,price,$/MWh,68.46620110179828
2098,Oxford2021_base,Global,Power,CoalCap,price,$/MWh,68.46620110179828
2098,Oxford2021_fast,Global,Power,GasCap,price,$/MWh,58.761649628547545
2098,Oxford2021_base,Global,Power,GasCap,price,$/MWh,58.761649628547545
2098,Oxford2021_fast,Global,Power,RenewablesCap,price,$/MWh,125.17408178331902
2098,Oxford2021_base,Global,Power,RenewablesCap,price,$/MWh,108.68976682780612
2098,Oxford2021_fast,Global,Power,HydroCap,price,$/MWh,52.88135607909606
2098,Oxford2021_base,Global,Power,HydroCap,price,$/MWh,52.88135607909606
2098,Oxford2021_fast,Global,Power,NuclearCap,price,$/MWh,101.6949155367232
2098,Oxford2021_base,Global,Power,NuclearCap,price,$/MWh,101.6949155367232
2099,Oxford2021_fast,Global,Power,OilCap,price,$/MWh,58.76068553778752
2099,Oxford2021_base,Global,Power,OilCap,price,$/MWh,58.76068553778752
2099,Oxford2021_fast,Global,Power,CoalCap,price,$/MWh,68.47012762581556
2099,Oxford2021_base,Global,Power,CoalCap,price,$/MWh,68.47012762581556
2099,Oxford2021_fast,Global,Power,GasCap,price,$/MWh,58.76068553778752
2099,Oxford2021_base,Global,Power,GasCap,price,$/MWh,58.76068553778752
2099,Oxford2021_fast,Global,Power,RenewablesCap,price,$/MWh,125.71827918763688
2099,Oxford2021_base,Global,Power,RenewablesCap,price,$/MWh,109.15748814438687
2099,Oxford2021_fast,Global,Power,HydroCap,price,$/MWh,52.88135607909606
2099,Oxford2021_base,Global,Power,HydroCap,price,$/MWh,52.88135607909606
2099,Oxford2021_fast,Global,Power,NuclearCap,price,$/MWh,101.6949155367232
2099,Oxford2021_base,Global,Power,NuclearCap,price,$/MWh,101.6949155367232
2100,Oxford2021_fast,Global,Power,OilCap,price,$/MWh,58.75972144702749
2100,Oxford2021_base,Global,Power,OilCap,price,$/MWh,58.75972144702749
2100,Oxford2021_fast,Global,Power,CoalCap,price,$/MWh,68.47405414983285
2100,Oxford2021_base,Global,Power,CoalCap,price,$/MWh,68.47405414983285
2100,Oxford2021_fast,Global,Power,GasCap,price,$/MWh,58.75972144702749
2100,Oxford2021_base,Global,Power,GasCap,price,$/MWh,58.75972144702749
2100,Oxford2021_fast,Global,Power,RenewablesCap,price,$/MWh,126.26247659195474
2100,Oxford2021_base,Global,Power,RenewablesCap,price,$/MWh,109.62520946096754
2100,Oxford2021_fast,Global,Power,HydroCap,price,$/MWh,52.88135607909606
2100,Oxford2021_base,Global,Power,HydroCap,price,$/MWh,52.88135607909606
2100,Oxford2021_fast,Global,Power,NuclearCap,price,$/MWh,101.6949155367232
2100,Oxford2021_base,Global,Power,NuclearCap,price,$/MWh,101.6949155367232
2022,IPR2023_FPS,Global,Coal,Coal,price,usd/tonne,105.45
2023,IPR2023_FPS,Global,Coal,Coal,price,usd/tonne,90.625
2024,IPR2023_FPS,Global,Coal,Coal,price,usd/tonne,75.775
2025,IPR2023_FPS,Global,Coal,Coal,price,usd/tonne,60.95
2026,IPR2023_FPS,Global,Coal,Coal,price,usd/tonne,60.425
2027,IPR2023_FPS,Global,Coal,Coal,price,usd/tonne,59.95
2028,IPR2023_FPS,Global,Coal,Coal,price,usd/tonne,59.425
2029,IPR2023_FPS,Global,Coal,Coal,price,usd/tonne,58.900000000000006
2030,IPR2023_FPS,Global,Coal,Coal,price,usd/tonne,58.4
2031,IPR2023_FPS,Global,Coal,Coal,price,usd/tonne,57.925
2032,IPR2023_FPS,Global,Coal,Coal,price,usd/tonne,57.475
2033,IPR2023_FPS,Global,Coal,Coal,price,usd/tonne,57.025
2034,IPR2023_FPS,Global,Coal,Coal,price,usd/tonne,56.575
2035,IPR2023_FPS,Global,Coal,Coal,price,usd/tonne,56.125
2036,IPR2023_FPS,Global,Coal,Coal,price,usd/tonne,55.8
2037,IPR2023_FPS,Global,Coal,Coal,price,usd/tonne,55.475
2038,IPR2023_FPS,Global,Coal,Coal,price,usd/tonne,55.175
2039,IPR2023_FPS,Global,Coal,Coal,price,usd/tonne,54.85
2040,IPR2023_FPS,Global,Coal,Coal,price,usd/tonne,54.55
2041,IPR2023_FPS,Global,Coal,Coal,price,usd/tonne,54.375
2042,IPR2023_FPS,Global,Coal,Coal,price,usd/tonne,54.125
2043,IPR2023_FPS,Global,Coal,Coal,price,usd/tonne,53.95
2044,IPR2023_FPS,Global,Coal,Coal,price,usd/tonne,53.7
2045,IPR2023_FPS,Global,Coal,Coal,price,usd/tonne,53.5
2046,IPR2023_FPS,Global,Coal,Coal,price,usd/tonne,53.45
2047,IPR2023_FPS,Global,Coal,Coal,price,usd/tonne,53.375
2048,IPR2023_FPS,Global,Coal,Coal,price,usd/tonne,53.3
2049,IPR2023_FPS,Global,Coal,Coal,price,usd/tonne,53.2
2050,IPR2023_FPS,Global,Coal,Coal,price,usd/tonne,53.15
2022,IPR2023_FPS,Global,Oil&Gas,Gas,price,GJ,6.429359466035
2023,IPR2023_FPS,Global,Oil&Gas,Gas,price,GJ,5.434151489719999
2024,IPR2023_FPS,Global,Oil&Gas,Gas,price,GJ,4.407349609395
2025,IPR2023_FPS,Global,Oil&Gas,Gas,price,GJ,3.3963446810749995
2026,IPR2023_FPS,Global,Oil&Gas,Gas,price,GJ,3.38054772907
2027,IPR2023_FPS,Global,Oil&Gas,Gas,price,GJ,3.364750777065
2028,IPR2023_FPS,Global,Oil&Gas,Gas,price,GJ,3.3489538250599997
2029,IPR2023_FPS,Global,Oil&Gas,Gas,price,GJ,3.333156873055
2030,IPR2023_FPS,Global,Oil&Gas,Gas,price,GJ,3.31735992105
2031,IPR2023_FPS,Global,Oil&Gas,Gas,price,GJ,3.238375161025
2032,IPR2023_FPS,Global,Oil&Gas,Gas,price,GJ,3.175187353005
2033,IPR2023_FPS,Global,Oil&Gas,Gas,price,GJ,3.143593448995
2034,IPR2023_FPS,Global,Oil&Gas,Gas,price,GJ,3.06460868897
2035,IPR2023_FPS,Global,Oil&Gas,Gas,price,GJ,3.0014208809499996
2036,IPR2023_FPS,Global,Oil&Gas,Gas,price,GJ,2.985623928945
2037,IPR2023_FPS,Global,Oil&Gas,Gas,price,GJ,2.93823307293
2038,IPR2023_FPS,Global,Oil&Gas,Gas,price,GJ,2.9224361209249996
2039,IPR2023_FPS,Global,Oil&Gas,Gas,price,GJ,2.87504526491
2040,IPR2023_FPS,Global,Oil&Gas,Gas,price,GJ,2.8434513609
2041,IPR2023_FPS,Global,Oil&Gas,Gas,price,GJ,2.796060504885
2042,IPR2023_FPS,Global,Oil&Gas,Gas,price,GJ,2.71707574486
2043,IPR2023_FPS,Global,Oil&Gas,Gas,price,GJ,2.71707574486
2044,IPR2023_FPS,Global,Oil&Gas,Gas,price,GJ,2.65388793684
2045,IPR2023_FPS,Global,Oil&Gas,Gas,price,GJ,2.606497080825
2046,IPR2023_FPS,Global,Oil&Gas,Gas,price,GJ,2.5591062248100003
2047,IPR2023_FPS,Global,Oil&Gas,Gas,price,GJ,2.5275123208
2048,IPR2023_FPS,Global,Oil&Gas,Gas,price,GJ,2.5275123208
2049,IPR2023_FPS,Global,Oil&Gas,Gas,price,GJ,2.49591841679
2050,IPR2023_FPS,Global,Oil&Gas,Gas,price,GJ,2.448527560775
2022,IPR2023_FPS,Global,Oil&Gas,Oil,price,GJ,10.6
2023,IPR2023_FPS,Global,Oil&Gas,Oil,price,GJ,10
2024,IPR2023_FPS,Global,Oil&Gas,Oil,price,GJ,9.4
2025,IPR2023_FPS,Global,Oil&Gas,Oil,price,GJ,8.8
2026,IPR2023_FPS,Global,Oil&Gas,Oil,price,GJ,8.64
2027,IPR2023_FPS,Global,Oil&Gas,Oil,price,GJ,8.48
2028,IPR2023_FPS,Global,Oil&Gas,Oil,price,GJ,8.32
2029,IPR2023_FPS,Global,Oil&Gas,Oil,price,GJ,8.16
2030,IPR2023_FPS,Global,Oil&Gas,Oil,price,GJ,8
2031,IPR2023_FPS,Global,Oil&Gas,Oil,price,GJ,7.84
2032,IPR2023_FPS,Global,Oil&Gas,Oil,price,GJ,7.68
2033,IPR2023_FPS,Global,Oil&Gas,Oil,price,GJ,7.52
2034,IPR2023_FPS,Global,Oil&Gas,Oil,price,GJ,7.36
2035,IPR2023_FPS,Global,Oil&Gas,Oil,price,GJ,7.2
2036,IPR2023_FPS,Global,Oil&Gas,Oil,price,GJ,6.88
2037,IPR2023_FPS,Global,Oil&Gas,Oil,price,GJ,6.5600000000000005
2038,IPR2023_FPS,Global,Oil&Gas,Oil,price,GJ,6.24
2039,IPR2023_FPS,Global,Oil&Gas,Oil,price,GJ,5.92
2040,IPR2023_FPS,Global,Oil&Gas,Oil,price,GJ,5.6000000000000005
2041,IPR2023_FPS,Global,Oil&Gas,Oil,price,GJ,5.28
2042,IPR2023_FPS,Global,Oil&Gas,Oil,price,GJ,4.96
2043,IPR2023_FPS,Global,Oil&Gas,Oil,price,GJ,4.64
2044,IPR2023_FPS,Global,Oil&Gas,Oil,price,GJ,4.32
2045,IPR2023_FPS,Global,Oil&Gas,Oil,price,GJ,4
2046,IPR2023_FPS,Global,Oil&Gas,Oil,price,GJ,3.84
2047,IPR2023_FPS,Global,Oil&Gas,Oil,price,GJ,3.68
2048,IPR2023_FPS,Global,Oil&Gas,Oil,price,GJ,3.52
2049,IPR2023_FPS,Global,Oil&Gas,Oil,price,GJ,3.36
2050,IPR2023_FPS,Global,Oil&Gas,Oil,price,GJ,3.2
2022,IPR2023_FPS,Global,Power,CoalCap,price,$/MWh,155.36723163841808
2023,IPR2023_FPS,Global,Power,CoalCap,price,$/MWh,146.6986736500085
2024,IPR2023_FPS,Global,Power,CoalCap,price,$/MWh,138.94630471728445
2025,IPR2023_FPS,Global,Power,CoalCap,price,$/MWh,131.97216587047097
2026,IPR2023_FPS,Global,Power,CoalCap,price,$/MWh,125.66467264872053
2027,IPR2023_FPS,Global,Power,CoalCap,price,$/MWh,119.932599861235
2028,IPR2023_FPS,Global,Power,CoalCap,price,$/MWh,114.70064080688584
2029,IPR2023_FPS,Global,Power,CoalCap,price,$/MWh,109.90608025868804
2030,IPR2023_FPS,Global,Power,CoalCap,price,$/MWh,105.49626839645671
2031,IPR2023_FPS,Global,Power,CoalCap,price,$/MWh,104.30512957110764
2032,IPR2023_FPS,Global,Power,CoalCap,price,$/MWh,103.14058829345798
2033,IPR2023_FPS,Global,Power,CoalCap,price,$/MWh,102.00176353462244
2034,IPR2023_FPS,Global,Power,CoalCap,price,$/MWh,100.88781275221952
2035,IPR2023_FPS,Global,Power,CoalCap,price,$/MWh,99.79792981153862
2036,IPR2023_FPS,Global,Power,CoalCap,price,$/MWh,98.73134304001148
2037,IPR2023_FPS,Global,Power,CoalCap,price,$/MWh,97.6873134051214
2038,IPR2023_FPS,Global,Power,CoalCap,price,$/MWh,96.66513280670809
2039,IPR2023_FPS,Global,Power,CoalCap,price,$/MWh,95.66412247537636
2040,IPR2023_FPS,Global,Power,CoalCap,price,$/MWh,94.68363146939603
2041,IPR2023_FPS,Global,Power,CoalCap,price,$/MWh,93.72303526309835
2042,IPR2023_FPS,Global,Power,CoalCap,price,$/MWh,92.78173442033652
2043,IPR2023_FPS,Global,Power,CoalCap,price,$/MWh,91.85915334708945
2044,IPR2023_FPS,Global,Power,CoalCap,price,$/MWh,90.95473911775406
2045,IPR2023_FPS,Global,Power,CoalCap,price,$/MWh,90.06796037009744
2046,IPR2023_FPS,Global,Power,CoalCap,price,$/MWh,89.1983062642275
2047,IPR2023_FPS,Global,Power,CoalCap,price,$/MWh,88.34528550129743
2048,IPR2023_FPS,Global,Power,CoalCap,price,$/MWh,87.50842539798252
2049,IPR2023_FPS,Global,Power,CoalCap,price,$/MWh,86.68727101306612
2050,IPR2023_FPS,Global,Power,CoalCap,price,$/MWh,85.88138432274366
2022,IPR2023_FPS,Global,Power,GasCap,price,$/MWh,98.87005649717514
2023,IPR2023_FPS,Global,Power,GasCap,price,$/MWh,96.79585950772392
2024,IPR2023_FPS,Global,Power,GasCap,price,$/MWh,94.80690349044193
2025,IPR2023_FPS,Global,Power,GasCap,price,$/MWh,92.8980396617753
2026,IPR2023_FPS,Global,Power,GasCap,price,$/MWh,91.06452572108236
2027,IPR2023_FPS,Global,Power,GasCap,price,$/MWh,89.30198651357755
2028,IPR2023_FPS,Global,Power,GasCap,price,$/MWh,87.60637917471215
2029,IPR2023_FPS,Global,Power,GasCap,price,$/MWh,85.97396217145665
2030,IPR2023_FPS,Global,Power,GasCap,price,$/MWh,84.40126774149097
2031,IPR2023_FPS,Global,Power,GasCap,price,$/MWh,83.58579655558285
2032,IPR2023_FPS,Global,Power,GasCap,price,$/MWh,82.78593247371124
2033,IPR2023_FPS,Global,Power,GasCap,price,$/MWh,82.0012316919699
2034,IPR2023_FPS,Global,Power,GasCap,price,$/MWh,81.23126707514389
2035,IPR2023_FPS,Global,Power,GasCap,price,$/MWh,80.47562738142163
2036,IPR2023_FPS,Global,Power,GasCap,price,$/MWh,79.73391652997995
2037,IPR2023_FPS,Global,Power,GasCap,price,$/MWh,79.0057529087016
2038,IPR2023_FPS,Global,Power,GasCap,price,$/MWh,78.29076871948257
2039,IPR2023_FPS,Global,Power,GasCap,price,$/MWh,77.58860935876973
2040,IPR2023_FPS,Global,Power,GasCap,price,$/MWh,76.89893283113622
2041,IPR2023_FPS,Global,Power,GasCap,price,$/MWh,76.22140919385748
2042,IPR2023_FPS,Global,Power,GasCap,price,$/MWh,75.55572003059235
2043,IPR2023_FPS,Global,Power,GasCap,price,$/MWh,74.90155795240541
2044,IPR2023_FPS,Global,Power,GasCap,price,$/MWh,74.25862612448776
2045,IPR2023_FPS,Global,Power,GasCap,price,$/MWh,73.62663781704532
2046,IPR2023_FPS,Global,Power,GasCap,price,$/MWh,73.00531597892679
2047,IPR2023_FPS,Global,Power,GasCap,price,$/MWh,72.39439283265962
2048,IPR2023_FPS,Global,Power,GasCap,price,$/MWh,71.79360948965
2049,IPR2023_FPS,Global,Power,GasCap,price,$/MWh,71.2027155843854
2050,IPR2023_FPS,Global,Power,GasCap,price,$/MWh,70.62146892655367
2022,IPR2023_FPS,Global,Power,HydroCap,price,$/MWh,68.83239171374765
2023,IPR2023_FPS,Global,Power,HydroCap,price,$/MWh,71.47227037322376
2024,IPR2023_FPS,Global,Power,HydroCap,price,$/MWh,74.32271542503624
2025,IPR2023_FPS,Global,Power,HydroCap,price,$/MWh,77.40996668115312
2026,IPR2023_FPS,Global,Power,HydroCap,price,$/MWh,80.7648127491967
2027,IPR2023_FPS,Global,Power,HydroCap,price,$/MWh,84.42362138045225
2028,IPR2023_FPS,Global,Power,HydroCap,price,$/MWh,88.42966316827687
2029,IPR2023_FPS,Global,Power,HydroCap,price,$/MWh,92.8348308906818
2030,IPR2023_FPS,Global,Power,HydroCap,price,$/MWh,97.7018996946593
2031,IPR2023_FPS,Global,Power,HydroCap,price,$/MWh,98.85359202897747
2032,IPR2023_FPS,Global,Power,HydroCap,price,$/MWh,100.03276012475058
2033,IPR2023_FPS,Global,Power,HydroCap,price,$/MWh,101.24039907997896
2034,IPR2023_FPS,Global,Power,HydroCap,price,$/MWh,102.47755263289112
2035,IPR2023_FPS,Global,Power,HydroCap,price,$/MWh,103.7453161706176
2036,IPR2023_FPS,Global,Power,HydroCap,price,$/MWh,105.04483996398652
2037,IPR2023_FPS,Global,Power,HydroCap,price,$/MWh,106.37733264851911
2038,IPR2023_FPS,Global,Power,HydroCap,price,$/MWh,107.74406497376776
2039,IPR2023_FPS,Global,Power,HydroCap,price,$/MWh,109.14637384544368
2040,IPR2023_FPS,Global,Power,HydroCap,price,$/MWh,110.58566668736164
2041,IPR2023_FPS,Global,Power,HydroCap,price,$/MWh,112.06342615311702
2042,IPR2023_FPS,Global,Power,HydroCap,price,$/MWh,113.5812152206536
2043,IPR2023_FPS,Global,Power,HydroCap,price,$/MWh,115.14068270652068
2044,IPR2023_FPS,Global,Power,HydroCap,price,$/MWh,116.7435692407182
2045,IPR2023_FPS,Global,Power,HydroCap,price,$/MWh,118.39171374764598
2046,IPR2023_FPS,Global,Power,HydroCap,price,$/MWh,120.08706048388912
2047,IPR2023_FPS,Global,Power,HydroCap,price,$/MWh,121.8316666894662
2048,IPR2023_FPS,Global,Power,HydroCap,price,$/MWh,123.62771091584656
2049,IPR2023_FPS,Global,Power,HydroCap,price,$/MWh,125.4775021016198
2050,IPR2023_FPS,Global,Power,HydroCap,price,$/MWh,127.3834894753153
2022,IPR2023_FPS,Global,Power,NuclearCap,price,$/MWh,108.47457627118644
2023,IPR2023_FPS,Global,Power,NuclearCap,price,$/MWh,109.3287067930068
2024,IPR2023_FPS,Global,Power,NuclearCap,price,$/MWh,110.19639494215764
2025,IPR2023_FPS,Global,Power,NuclearCap,price,$/MWh,111.07796610169493
2026,IPR2023_FPS,Global,Power,NuclearCap,price,$/MWh,111.97375615090212
2027,IPR2023_FPS,Global,Power,NuclearCap,price,$/MWh,112.88411189196638
2028,IPR2023_FPS,Global,Power,NuclearCap,price,$/MWh,113.80939149763825
2029,IPR2023_FPS,Global,Power,NuclearCap,price,$/MWh,114.7499649810898
2030,IPR2023_FPS,Global,Power,NuclearCap,price,$/MWh,115.70621468926554
2031,IPR2023_FPS,Global,Power,NuclearCap,price,$/MWh,115.86714127436882
2032,IPR2023_FPS,Global,Power,NuclearCap,price,$/MWh,116.02851612294036
2033,IPR2023_FPS,Global,Power,NuclearCap,price,$/MWh,116.19034111055952
2034,IPR2023_FPS,Global,Power,NuclearCap,price,$/MWh,116.35261812328378
2035,IPR2023_FPS,Global,Power,NuclearCap,price,$/MWh,116.51534905772192
2036,IPR2023_FPS,Global,Power,NuclearCap,price,$/MWh,116.6785358211081
2037,IPR2023_FPS,Global,Power,NuclearCap,price,$/MWh,116.84218033137611
2038,IPR2023_FPS,Global,Power,NuclearCap,price,$/MWh,117.0062845172348
2039,IPR2023_FPS,Global,Power,NuclearCap,price,$/MWh,117.17085031824357
2040,IPR2023_FPS,Global,Power,NuclearCap,price,$/MWh,117.33587968488898
2041,IPR2023_FPS,Global,Power,NuclearCap,price,$/MWh,117.50137457866175
2042,IPR2023_FPS,Global,Power,NuclearCap,price,$/MWh,117.66733697213444
2043,IPR2023_FPS,Global,Power,NuclearCap,price,$/MWh,117.83376884903986
2044,IPR2023_FPS,Global,Power,NuclearCap,price,$/MWh,118.00067220435012
2045,IPR2023_FPS,Global,Power,NuclearCap,price,$/MWh,118.1680490443563
2046,IPR2023_FPS,Global,Power,NuclearCap,price,$/MWh,118.33590138674884
2047,IPR2023_FPS,Global,Power,NuclearCap,price,$/MWh,118.5042312606987
2048,IPR2023_FPS,Global,Power,NuclearCap,price,$/MWh,118.67304070693902
2049,IPR2023_FPS,Global,Power,NuclearCap,price,$/MWh,118.84233177784762
2050,IPR2023_FPS,Global,Power,NuclearCap,price,$/MWh,119.01210653753029
2022,IPR2023_FPS,Global,Power,OilCap,price,$/MWh,98.87005649717514
2023,IPR2023_FPS,Global,Power,OilCap,price,$/MWh,96.79585950772392
2024,IPR2023_FPS,Global,Power,OilCap,price,$/MWh,94.80690349044193
2025,IPR2023_FPS,Global,Power,OilCap,price,$/MWh,92.8980396617753
2026,IPR2023_FPS,Global,Power,OilCap,price,$/MWh,91.06452572108236
2027,IPR2023_FPS,Global,Power,OilCap,price,$/MWh,89.30198651357755
2028,IPR2023_FPS,Global,Power,OilCap,price,$/MWh,87.60637917471215
2029,IPR2023_FPS,Global,Power,OilCap,price,$/MWh,85.97396217145665
2030,IPR2023_FPS,Global,Power,OilCap,price,$/MWh,84.40126774149097
2031,IPR2023_FPS,Global,Power,OilCap,price,$/MWh,83.58579655558285
2032,IPR2023_FPS,Global,Power,OilCap,price,$/MWh,82.78593247371124
2033,IPR2023_FPS,Global,Power,OilCap,price,$/MWh,82.0012316919699
2034,IPR2023_FPS,Global,Power,OilCap,price,$/MWh,81.23126707514389
2035,IPR2023_FPS,Global,Power,OilCap,price,$/MWh,80.47562738142163
2036,IPR2023_FPS,Global,Power,OilCap,price,$/MWh,79.73391652997995
2037,IPR2023_FPS,Global,Power,OilCap,price,$/MWh,79.0057529087016
2038,IPR2023_FPS,Global,Power,OilCap,price,$/MWh,78.29076871948257
2039,IPR2023_FPS,Global,Power,OilCap,price,$/MWh,77.58860935876973
2040,IPR2023_FPS,Global,Power,OilCap,price,$/MWh,76.89893283113622
2041,IPR2023_FPS,Global,Power,OilCap,price,$/MWh,76.22140919385748
2042,IPR2023_FPS,Global,Power,OilCap,price,$/MWh,75.55572003059235
2043,IPR2023_FPS,Global,Power,OilCap,price,$/MWh,74.90155795240541
2044,IPR2023_FPS,Global,Power,OilCap,price,$/MWh,74.25862612448776
2045,IPR2023_FPS,Global,Power,OilCap,price,$/MWh,73.62663781704532
2046,IPR2023_FPS,Global,Power,OilCap,price,$/MWh,73.00531597892679
2047,IPR2023_FPS,Global,Power,OilCap,price,$/MWh,72.39439283265962
2048,IPR2023_FPS,Global,Power,OilCap,price,$/MWh,71.79360948965
2049,IPR2023_FPS,Global,Power,OilCap,price,$/MWh,71.2027155843854
2050,IPR2023_FPS,Global,Power,OilCap,price,$/MWh,70.62146892655367
2022,IPR2023_FPS,Global,Power,RenewablesCap,price,$/MWh,68.83239171374765
2023,IPR2023_FPS,Global,Power,RenewablesCap,price,$/MWh,71.47227037322376
2024,IPR2023_FPS,Global,Power,RenewablesCap,price,$/MWh,74.32271542503624
2025,IPR2023_FPS,Global,Power,RenewablesCap,price,$/MWh,77.40996668115312
2026,IPR2023_FPS,Global,Power,RenewablesCap,price,$/MWh,80.7648127491967
2027,IPR2023_FPS,Global,Power,RenewablesCap,price,$/MWh,84.42362138045225
2028,IPR2023_FPS,Global,Power,RenewablesCap,price,$/MWh,88.42966316827687
2029,IPR2023_FPS,Global,Power,RenewablesCap,price,$/MWh,92.8348308906818
2030,IPR2023_FPS,Global,Power,RenewablesCap,price,$/MWh,97.7018996946593
2031,IPR2023_FPS,Global,Power,RenewablesCap,price,$/MWh,98.85359202897747
2032,IPR2023_FPS,Global,Power,RenewablesCap,price,$/MWh,100.03276012475058
2033,IPR2023_FPS,Global,Power,RenewablesCap,price,$/MWh,101.24039907997896
2034,IPR2023_FPS,Global,Power,RenewablesCap,price,$/MWh,102.47755263289112
2035,IPR2023_FPS,Global,Power,RenewablesCap,price,$/MWh,103.7453161706176
2036,IPR2023_FPS,Global,Power,RenewablesCap,price,$/MWh,105.04483996398652
2037,IPR2023_FPS,Global,Power,RenewablesCap,price,$/MWh,106.37733264851911
2038,IPR2023_FPS,Global,Power,RenewablesCap,price,$/MWh,107.74406497376776
2039,IPR2023_FPS,Global,Power,RenewablesCap,price,$/MWh,109.14637384544368
2040,IPR2023_FPS,Global,Power,RenewablesCap,price,$/MWh,110.58566668736164
2041,IPR2023_FPS,Global,Power,RenewablesCap,price,$/MWh,112.06342615311702
2042,IPR2023_FPS,Global,Power,RenewablesCap,price,$/MWh,113.5812152206536
2043,IPR2023_FPS,Global,Power,RenewablesCap,price,$/MWh,115.14068270652068
2044,IPR2023_FPS,Global,Power,RenewablesCap,price,$/MWh,116.7435692407182
2045,IPR2023_FPS,Global,Power,RenewablesCap,price,$/MWh,118.39171374764598
2046,IPR2023_FPS,Global,Power,RenewablesCap,price,$/MWh,120.08706048388912
2047,IPR2023_FPS,Global,Power,RenewablesCap,price,$/MWh,121.8316666894662
2048,IPR2023_FPS,Global,Power,RenewablesCap,price,$/MWh,123.62771091584656
2049,IPR2023_FPS,Global,Power,RenewablesCap,price,$/MWh,125.4775021016198
2050,IPR2023_FPS,Global,Power,RenewablesCap,price,$/MWh,127.3834894753153
2022,IPR2023_baseline,Global,Power,CoalCap,price,$/MWh,103.38983050847456
2023,IPR2023_baseline,Global,Power,CoalCap,price,$/MWh,102.5492627807634
2024,IPR2023_baseline,Global,Power,CoalCap,price,$/MWh,101.72225259704756
2025,IPR2023_baseline,Global,Power,CoalCap,price,$/MWh,100.9084745762712
2026,IPR2023_baseline,Global,Power,CoalCap,price,$/MWh,100.1076136669357
2027,IPR2023_baseline,Global,Power,CoalCap,price,$/MWh,99.3193647404244
2028,IPR2023_baseline,Global,Power,CoalCap,price,$/MWh,98.54343220338984
2029,IPR2023_baseline,Global,Power,CoalCap,price,$/MWh,97.77952962816975
2030,IPR2023_baseline,Global,Power,CoalCap,price,$/MWh,97.02737940026076
2031,IPR2023_baseline,Global,Power,CoalCap,price,$/MWh,96.6556269887655
2032,IPR2023_baseline,Global,Power,CoalCap,price,$/MWh,96.28671238193816
2033,IPR2023_baseline,Global,Power,CoalCap,price,$/MWh,95.92060320938326
2034,IPR2023_baseline,Global,Power,CoalCap,price,$/MWh,95.5572675911659
2035,IPR2023_baseline,Global,Power,CoalCap,price,$/MWh,95.19667412855772
2036,IPR2023_baseline,Global,Power,CoalCap,price,$/MWh,94.83879189499172
2037,IPR2023_baseline,Global,Power,CoalCap,price,$/MWh,94.4835904272202
2038,IPR2023_baseline,Global,Power,CoalCap,price,$/MWh,94.13103971667088
2039,IPR2023_baseline,Global,Power,CoalCap,price,$/MWh,93.78111020099551
2040,IPR2023_baseline,Global,Power,CoalCap,price,$/MWh,93.43377275580664
2041,IPR2023_baseline,Global,Power,CoalCap,price,$/MWh,93.08899868659704
2042,IPR2023_baseline,Global,Power,CoalCap,price,$/MWh,92.74675972083747
2043,IPR2023_baseline,Global,Power,CoalCap,price,$/MWh,92.40702800024836
2044,IPR2023_baseline,Global,Power,CoalCap,price,$/MWh,92.06977607324012
2045,IPR2023_baseline,Global,Power,CoalCap,price,$/MWh,91.73497688751928
2046,IPR2023_baseline,Global,Power,CoalCap,price,$/MWh,91.40260378285434
2047,IPR2023_baseline,Global,Power,CoalCap,price,$/MWh,91.07263048399926
2048,IPR2023_baseline,Global,Power,CoalCap,price,$/MWh,90.74503109376904
2049,IPR2023_baseline,Global,Power,CoalCap,price,$/MWh,90.41978008626452
2050,IPR2023_baseline,Global,Power,CoalCap,price,$/MWh,90.09685230024212
2022,IPR2023_baseline,Global,Power,GasCap,price,$/MWh,102.54237288135592
2023,IPR2023_baseline,Global,Power,GasCap,price,$/MWh,100.73851517167036
2024,IPR2023_baseline,Global,Power,GasCap,price,$/MWh,98.9970248827984
2025,IPR2023_baseline,Global,Power,GasCap,price,$/MWh,97.31472249916916
2026,IPR2023_baseline,Global,Power,GasCap,price,$/MWh,95.68864101782056
2027,IPR2023_baseline,Global,Power,GasCap,price,$/MWh,94.11600848529002
2028,IPR2023_baseline,Global,Power,GasCap,price,$/MWh,92.59423222868708
2029,IPR2023_baseline,Global,Power,GasCap,price,$/MWh,91.1208845922453
2030,IPR2023_baseline,Global,Power,GasCap,price,$/MWh,89.69369001429446
2031,IPR2023_baseline,Global,Power,GasCap,price,$/MWh,89.15660205013701
2032,IPR2023_baseline,Global,Power,GasCap,price,$/MWh,88.62590799031477
2033,IPR2023_baseline,Global,Power,GasCap,price,$/MWh,88.10149433356735
2034,IPR2023_baseline,Global,Power,GasCap,price,$/MWh,87.58325024925225
2035,IPR2023_baseline,Global,Power,GasCap,price,$/MWh,87.07106749925661
2036,IPR2023_baseline,Global,Power,GasCap,price,$/MWh,86.56484036263302
2037,IPR2023_baseline,Global,Power,GasCap,price,$/MWh,86.06446556284902
2038,IPR2023_baseline,Global,Power,GasCap,price,$/MWh,85.5698421975453
2039,IPR2023_baseline,Global,Power,GasCap,price,$/MWh,85.08087167070218
2040,IPR2023_baseline,Global,Power,GasCap,price,$/MWh,84.59745762711864
2041,IPR2023_baseline,Global,Power,GasCap,price,$/MWh,84.11950588911232
2042,IPR2023_baseline,Global,Power,GasCap,price,$/MWh,83.64692439535327
2043,IPR2023_baseline,Global,Power,GasCap,price,$/MWh,83.17962314174794
2044,IPR2023_baseline,Global,Power,GasCap,price,$/MWh,82.71751412429379
2045,IPR2023_baseline,Global,Power,GasCap,price,$/MWh,82.26051128382807
2046,IPR2023_baseline,Global,Power,GasCap,price,$/MWh,81.80853045259825
2047,IPR2023_baseline,Global,Power,GasCap,price,$/MWh,81.36148930258405
2048,IPR2023_baseline,Global,Power,GasCap,price,$/MWh,80.9193072955048
2049,IPR2023_baseline,Global,Power,GasCap,price,$/MWh,80.481905634448
2050,IPR2023_baseline,Global,Power,GasCap,price,$/MWh,80.0492072170585
2022,IPR2023_baseline,Global,Power,HydroCap,price,$/MWh,69.02071563088512
2023,IPR2023_baseline,Global,Power,HydroCap,price,$/MWh,71.55895977006901
2024,IPR2023_baseline,Global,Power,HydroCap,price,$/MWh,74.29101990813334
2025,IPR2023_baseline,Global,Power,HydroCap,price,$/MWh,77.23997642357068
2026,IPR2023_baseline,Global,Power,HydroCap,price,$/MWh,80.43272584648456
2027,IPR2023_baseline,Global,Power,HydroCap,price,$/MWh,83.90080357784213
2028,IPR2023_baseline,Global,Power,HydroCap,price,$/MWh,87.68142904235494
2029,IPR2023_baseline,Global,Power,HydroCap,price,$/MWh,91.81884674671286
2030,IPR2023_baseline,Global,Power,HydroCap,price,$/MWh,96.36606582369294
2031,IPR2023_baseline,Global,Power,HydroCap,price,$/MWh,97.2926626104592
2032,IPR2023_baseline,Global,Power,HydroCap,price,$/MWh,98.23725156784232
2033,IPR2023_baseline,Global,Power,HydroCap,price,$/MWh,99.20036187733096
2034,IPR2023_baseline,Global,Power,HydroCap,price,$/MWh,100.18254367809662
2035,IPR2023_baseline,Global,Power,HydroCap,price,$/MWh,101.1843691148776
2036,IPR2023_baseline,Global,Power,HydroCap,price,$/MWh,102.2064334493713
2037,IPR2023_baseline,Global,Power,HydroCap,price,$/MWh,103.249356239671
2038,IPR2023_baseline,Global,Power,HydroCap,price,$/MWh,104.31378259265732
2039,IPR2023_baseline,Global,Power,HydroCap,price,$/MWh,105.40038449466417
2040,IPR2023_baseline,Global,Power,HydroCap,price,$/MWh,106.50986222618694
2041,IPR2023_baseline,Global,Power,HydroCap,price,$/MWh,107.64294586689104
2042,IPR2023_baseline,Global,Power,HydroCap,price,$/MWh,108.80039689771785
2043,IPR2023_baseline,Global,Power,HydroCap,price,$/MWh,109.98300990747566
2044,IPR2023_baseline,Global,Power,HydroCap,price,$/MWh,111.1916144119534
2045,IPR2023_baseline,Global,Power,HydroCap,price,$/MWh,112.42707679430843
2046,IPR2023_baseline,Global,Power,HydroCap,price,$/MWh,113.69030237626696
2047,IPR2023_baseline,Global,Power,HydroCap,price,$/MWh,114.98223763054273
2048,IPR2023_baseline,Global,Power,HydroCap,price,$/MWh,116.3038725458363
2049,IPR2023_baseline,Global,Power,HydroCap,price,$/MWh,117.65624315683442
2050,IPR2023_baseline,Global,Power,HydroCap,price,$/MWh,119.04043425279716
2022,IPR2023_baseline,Global,Power,NuclearCap,price,$/MWh,108.47457627118644
2023,IPR2023_baseline,Global,Power,NuclearCap,price,$/MWh,109.3287067930068
2024,IPR2023_baseline,Global,Power,NuclearCap,price,$/MWh,110.19639494215764
2025,IPR2023_baseline,Global,Power,NuclearCap,price,$/MWh,111.07796610169493
2026,IPR2023_baseline,Global,Power,NuclearCap,price,$/MWh,111.97375615090212
2027,IPR2023_baseline,Global,Power,NuclearCap,price,$/MWh,112.88411189196638
2028,IPR2023_baseline,Global,Power,NuclearCap,price,$/MWh,113.80939149763825
2029,IPR2023_baseline,Global,Power,NuclearCap,price,$/MWh,114.7499649810898
2030,IPR2023_baseline,Global,Power,NuclearCap,price,$/MWh,115.70621468926554
2031,IPR2023_baseline,Global,Power,NuclearCap,price,$/MWh,116.10937223173684
2032,IPR2023_baseline,Global,Power,NuclearCap,price,$/MWh,116.51534905772192
2033,IPR2023_baseline,Global,Power,NuclearCap,price,$/MWh,116.92417484388938
2034,IPR2023_baseline,Global,Power,NuclearCap,price,$/MWh,117.33587968488898
2035,IPR2023_baseline,Global,Power,NuclearCap,price,$/MWh,117.75049410073665
2036,IPR2023_baseline,Global,Power,NuclearCap,price,$/MWh,118.1680490443563
2037,IPR2023_baseline,Global,Power,NuclearCap,price,$/MWh,118.58857590928282
2038,IPR2023_baseline,Global,Power,NuclearCap,price,$/MWh,119.01210653753029
2039,IPR2023_baseline,Global,Power,NuclearCap,price,$/MWh,119.43867322762894
2040,IPR2023_baseline,Global,Power,NuclearCap,price,$/MWh,119.86830874283623
2041,IPR2023_baseline,Global,Power,NuclearCap,price,$/MWh,120.30104631952516
2042,IPR2023_baseline,Global,Power,NuclearCap,price,$/MWh,120.73691967575536
2043,IPR2023_baseline,Global,Power,NuclearCap,price,$/MWh,121.17596302003082
2044,IPR2023_baseline,Global,Power,NuclearCap,price,$/MWh,121.61821106024992
2045,IPR2023_baseline,Global,Power,NuclearCap,price,$/MWh,122.06369901285154
2046,IPR2023_baseline,Global,Power,NuclearCap,price,$/MWh,122.5124626121635
2047,IPR2023_baseline,Global,Power,NuclearCap,price,$/MWh,122.96453811995748
2048,IPR2023_baseline,Global,Power,NuclearCap,price,$/MWh,123.41996233521655
2049,IPR2023_baseline,Global,Power,NuclearCap,price,$/MWh,123.87877260412073
2050,IPR2023_baseline,Global,Power,NuclearCap,price,$/MWh,124.34100683025552
2022,IPR2023_baseline,Global,Power,OilCap,price,$/MWh,102.54237288135592
2023,IPR2023_baseline,Global,Power,OilCap,price,$/MWh,100.73851517167036
2024,IPR2023_baseline,Global,Power,OilCap,price,$/MWh,98.9970248827984
2025,IPR2023_baseline,Global,Power,OilCap,price,$/MWh,97.31472249916916
2026,IPR2023_baseline,Global,Power,OilCap,price,$/MWh,95.68864101782056
2027,IPR2023_baseline,Global,Power,OilCap,price,$/MWh,94.11600848529002
2028,IPR2023_baseline,Global,Power,OilCap,price,$/MWh,92.59423222868708
2029,IPR2023_baseline,Global,Power,OilCap,price,$/MWh,91.1208845922453
2030,IPR2023_baseline,Global,Power,OilCap,price,$/MWh,89.69369001429446
2031,IPR2023_baseline,Global,Power,OilCap,price,$/MWh,89.15660205013701
2032,IPR2023_baseline,Global,Power,OilCap,price,$/MWh,88.62590799031477
2033,IPR2023_baseline,Global,Power,OilCap,price,$/MWh,88.10149433356735
2034,IPR2023_baseline,Global,Power,OilCap,price,$/MWh,87.58325024925225
2035,IPR2023_baseline,Global,Power,OilCap,price,$/MWh,87.07106749925661
2036,IPR2023_baseline,Global,Power,OilCap,price,$/MWh,86.56484036263302
2037,IPR2023_baseline,Global,Power,OilCap,price,$/MWh,86.06446556284902
2038,IPR2023_baseline,Global,Power,OilCap,price,$/MWh,85.5698421975453
2039,IPR2023_baseline,Global,Power,OilCap,price,$/MWh,85.08087167070218
2040,IPR2023_baseline,Global,Power,OilCap,price,$/MWh,84.59745762711864
2041,IPR2023_baseline,Global,Power,OilCap,price,$/MWh,84.11950588911232
2042,IPR2023_baseline,Global,Power,OilCap,price,$/MWh,83.64692439535327
2043,IPR2023_baseline,Global,Power,OilCap,price,$/MWh,83.17962314174794
2044,IPR2023_baseline,Global,Power,OilCap,price,$/MWh,82.71751412429379
2045,IPR2023_baseline,Global,Power,OilCap,price,$/MWh,82.26051128382807
2046,IPR2023_baseline,Global,Power,OilCap,price,$/MWh,81.80853045259825
2047,IPR2023_baseline,Global,Power,OilCap,price,$/MWh,81.36148930258405
2048,IPR2023_baseline,Global,Power,OilCap,price,$/MWh,80.9193072955048
2049,IPR2023_baseline,Global,Power,OilCap,price,$/MWh,80.481905634448
2050,IPR2023_baseline,Global,Power,OilCap,price,$/MWh,80.0492072170585
2022,IPR2023_baseline,Global,Power,RenewablesCap,price,$/MWh,69.02071563088512
2023,IPR2023_baseline,Global,Power,RenewablesCap,price,$/MWh,71.55895977006901
2024,IPR2023_baseline,Global,Power,RenewablesCap,price,$/MWh,74.29101990813334
2025,IPR2023_baseline,Global,Power,RenewablesCap,price,$/MWh,77.23997642357068
2026,IPR2023_baseline,Global,Power,RenewablesCap,price,$/MWh,80.43272584648456
2027,IPR2023_baseline,Global,Power,RenewablesCap,price,$/MWh,83.90080357784213
2028,IPR2023_baseline,Global,Power,RenewablesCap,price,$/MWh,87.68142904235494
2029,IPR2023_baseline,Global,Power,RenewablesCap,price,$/MWh,91.81884674671286
2030,IPR2023_baseline,Global,Power,RenewablesCap,price,$/MWh,96.36606582369294
2031,IPR2023_baseline,Global,Power,RenewablesCap,price,$/MWh,97.2926626104592
2032,IPR2023_baseline,Global,Power,RenewablesCap,price,$/MWh,98.23725156784232
2033,IPR2023_baseline,Global,Power,RenewablesCap,price,$/MWh,99.20036187733096
2034,IPR2023_baseline,Global,Power,RenewablesCap,price,$/MWh,100.18254367809662
2035,IPR2023_baseline,Global,Power,RenewablesCap,price,$/MWh,101.1843691148776
2036,IPR2023_baseline,Global,Power,RenewablesCap,price,$/MWh,102.2064334493713
2037,IPR2023_baseline,Global,Power,RenewablesCap,price,$/MWh,103.249356239671
2038,IPR2023_baseline,Global,Power,RenewablesCap,price,$/MWh,104.31378259265732
2039,IPR2023_baseline,Global,Power,RenewablesCap,price,$/MWh,105.40038449466417
2040,IPR2023_baseline,Global,Power,RenewablesCap,price,$/MWh,106.50986222618694
2041,IPR2023_baseline,Global,Power,RenewablesCap,price,$/MWh,107.64294586689104
2042,IPR2023_baseline,Global,Power,RenewablesCap,price,$/MWh,108.80039689771785
2043,IPR2023_baseline,Global,Power,RenewablesCap,price,$/MWh,109.98300990747566
2044,IPR2023_baseline,Global,Power,RenewablesCap,price,$/MWh,111.1916144119534
2045,IPR2023_baseline,Global,Power,RenewablesCap,price,$/MWh,112.42707679430843
2046,IPR2023_baseline,Global,Power,RenewablesCap,price,$/MWh,113.69030237626696
2047,IPR2023_baseline,Global,Power,RenewablesCap,price,$/MWh,114.98223763054273
2048,IPR2023_baseline,Global,Power,RenewablesCap,price,$/MWh,116.3038725458363
2049,IPR2023_baseline,Global,Power,RenewablesCap,price,$/MWh,117.65624315683442
2050,IPR2023_baseline,Global,Power,RenewablesCap,price,$/MWh,119.04043425279716
2022,IPR2023_baseline,Global,Coal,Coal,price,usd/tonne,63.5
2023,IPR2023_baseline,Global,Coal,Coal,price,usd/tonne,63.875
2024,IPR2023_baseline,Global,Coal,Coal,price,usd/tonne,64.25
2025,IPR2023_baseline,Global,Coal,Coal,price,usd/tonne,64.625
2026,IPR2023_baseline,Global,Coal,Coal,price,usd/tonne,65
2027,IPR2023_baseline,Global,Coal,Coal,price,usd/tonne,65.375
2028,IPR2023_baseline,Global,Coal,Coal,price,usd/tonne,65.75
2029,IPR2023_baseline,Global,Coal,Coal,price,usd/tonne,66.125
2030,IPR2023_baseline,Global,Coal,Coal,price,usd/tonne,66.5
2031,IPR2023_baseline,Global,Coal,Coal,price,usd/tonne,66.2375
2032,IPR2023_baseline,Global,Coal,Coal,price,usd/tonne,65.975
2033,IPR2023_baseline,Global,Coal,Coal,price,usd/tonne,65.7125
2034,IPR2023_baseline,Global,Coal,Coal,price,usd/tonne,65.45
2035,IPR2023_baseline,Global,Coal,Coal,price,usd/tonne,65.1875
2036,IPR2023_baseline,Global,Coal,Coal,price,usd/tonne,64.925
2037,IPR2023_baseline,Global,Coal,Coal,price,usd/tonne,64.6625
2038,IPR2023_baseline,Global,Coal,Coal,price,usd/tonne,64.4
2039,IPR2023_baseline,Global,Coal,Coal,price,usd/tonne,64.1375
2040,IPR2023_baseline,Global,Coal,Coal,price,usd/tonne,63.875
2041,IPR2023_baseline,Global,Coal,Coal,price,usd/tonne,63.6125
2042,IPR2023_baseline,Global,Coal,Coal,price,usd/tonne,63.35
2043,IPR2023_baseline,Global,Coal,Coal,price,usd/tonne,63.0875
2044,IPR2023_baseline,Global,Coal,Coal,price,usd/tonne,62.825
2045,IPR2023_baseline,Global,Coal,Coal,price,usd/tonne,62.5625
2046,IPR2023_baseline,Global,Coal,Coal,price,usd/tonne,62.3
2047,IPR2023_baseline,Global,Coal,Coal,price,usd/tonne,62.0375
2048,IPR2023_baseline,Global,Coal,Coal,price,usd/tonne,61.775
2049,IPR2023_baseline,Global,Coal,Coal,price,usd/tonne,61.5125
2050,IPR2023_baseline,Global,Coal,Coal,price,usd/tonne,61.25
2022,IPR2023_baseline,Global,Oil&Gas,Gas,price,GJ,5.21299416165
2023,IPR2023_baseline,Global,Oil&Gas,Gas,price,GJ,5.4025575857099994
2024,IPR2023_baseline,Global,Oil&Gas,Gas,price,GJ,5.59212100977
2025,IPR2023_baseline,Global,Oil&Gas,Gas,price,GJ,5.78168443383
2026,IPR2023_baseline,Global,Oil&Gas,Gas,price,GJ,5.97124785789
2027,IPR2023_baseline,Global,Oil&Gas,Gas,price,GJ,6.16081128195
2028,IPR2023_baseline,Global,Oil&Gas,Gas,price,GJ,6.350374706009999
2029,IPR2023_baseline,Global,Oil&Gas,Gas,price,GJ,6.5399381300699995
2030,IPR2023_baseline,Global,Oil&Gas,Gas,price,GJ,6.72950155413
2031,IPR2023_baseline,Global,Oil&Gas,Gas,price,GJ,6.753196982137499
2032,IPR2023_baseline,Global,Oil&Gas,Gas,price,GJ,6.776892410145
2033,IPR2023_baseline,Global,Oil&Gas,Gas,price,GJ,6.8005878381525
2034,IPR2023_baseline,Global,Oil&Gas,Gas,price,GJ,6.82428326616
2035,IPR2023_baseline,Global,Oil&Gas,Gas,price,GJ,6.8479786941675
2036,IPR2023_baseline,Global,Oil&Gas,Gas,price,GJ,6.8716741221749995
2037,IPR2023_baseline,Global,Oil&Gas,Gas,price,GJ,6.8953695501825
2038,IPR2023_baseline,Global,Oil&Gas,Gas,price,GJ,6.91906497819
2039,IPR2023_baseline,Global,Oil&Gas,Gas,price,GJ,6.9427604061975
2040,IPR2023_baseline,Global,Oil&Gas,Gas,price,GJ,6.966455834205
2041,IPR2023_baseline,Global,Oil&Gas,Gas,price,GJ,6.9901512622125
2042,IPR2023_baseline,Global,Oil&Gas,Gas,price,GJ,7.01384669022
2043,IPR2023_baseline,Global,Oil&Gas,Gas,price,GJ,7.0375421182275
2044,IPR2023_baseline,Global,Oil&Gas,Gas,price,GJ,7.0612375462350006
2045,IPR2023_baseline,Global,Oil&Gas,Gas,price,GJ,7.0849329742425
2046,IPR2023_baseline,Global,Oil&Gas,Gas,price,GJ,7.10862840225
2047,IPR2023_baseline,Global,Oil&Gas,Gas,price,GJ,7.1323238302575005
2048,IPR2023_baseline,Global,Oil&Gas,Gas,price,GJ,7.156019258265
2049,IPR2023_baseline,Global,Oil&Gas,Gas,price,GJ,7.179714686272501
2050,IPR2023_baseline,Global,Oil&Gas,Gas,price,GJ,7.2034101142800004
2022,IPR2023_baseline,Global,Oil&Gas,Oil,price,GJ,7.84
2023,IPR2023_baseline,Global,Oil&Gas,Oil,price,GJ,8.4
2024,IPR2023_baseline,Global,Oil&Gas,Oil,price,GJ,8.96
2025,IPR2023_baseline,Global,Oil&Gas,Oil,price,GJ,9.52
2026,IPR2023_baseline,Global,Oil&Gas,Oil,price,GJ,10.08
2027,IPR2023_baseline,Global,Oil&Gas,Oil,price,GJ,10.64
2028,IPR2023_baseline,Global,Oil&Gas,Oil,price,GJ,11.2
2029,IPR2023_baseline,Global,Oil&Gas,Oil,price,GJ,11.760000000000002
2030,IPR2023_baseline,Global,Oil&Gas,Oil,price,GJ,12.32
2031,IPR2023_baseline,Global,Oil&Gas,Oil,price,GJ,12.408
2032,IPR2023_baseline,Global,Oil&Gas,Oil,price,GJ,12.496
2033,IPR2023_baseline,Global,Oil&Gas,Oil,price,GJ,12.584
2034,IPR2023_baseline,Global,Oil&Gas,Oil,price,GJ,12.672
2035,IPR2023_baseline,Global,Oil&Gas,Oil,price,GJ,12.76
2036,IPR2023_baseline,Global,Oil&Gas,Oil,price,GJ,12.848
2037,IPR2023_baseline,Global,Oil&Gas,Oil,price,GJ,12.936
2038,IPR2023_baseline,Global,Oil&Gas,Oil,price,GJ,13.024
2039,IPR2023_baseline,Global,Oil&Gas,Oil,price,GJ,13.112
2040,IPR2023_baseline,Global,Oil&Gas,Oil,price,GJ,13.2
2041,IPR2023_baseline,Global,Oil&Gas,Oil,price,GJ,13.288
2042,IPR2023_baseline,Global,Oil&Gas,Oil,price,GJ,13.376
2043,IPR2023_baseline,Global,Oil&Gas,Oil,price,GJ,13.464
2044,IPR2023_baseline,Global,Oil&Gas,Oil,price,GJ,13.552
2045,IPR2023_baseline,Global,Oil&Gas,Oil,price,GJ,13.64
2046,IPR2023_baseline,Global,Oil&Gas,Oil,price,GJ,13.728
2047,IPR2023_baseline,Global,Oil&Gas,Oil,price,GJ,13.816
2048,IPR2023_baseline,Global,Oil&Gas,Oil,price,GJ,13.904
2049,IPR2023_baseline,Global,Oil&Gas,Oil,price,GJ,13.992
2050,IPR2023_baseline,Global,Oil&Gas,Oil,price,GJ,14.08
2022,Oxford2021_fast,Global,Oil&Gas,Oil,price,GJ,10.16440403611111
2023,Oxford2021_fast,Global,Oil&Gas,Oil,price,GJ,9.997667405555555
2024,Oxford2021_fast,Global,Oil&Gas,Oil,price,GJ,9.858823644444444
2025,Oxford2021_fast,Global,Oil&Gas,Oil,price,GJ,9.742933616666663
2026,Oxford2021_fast,Global,Oil&Gas,Oil,price,GJ,9.64600951111111
2027,Oxford2021_fast,Global,Oil&Gas,Oil,price,GJ,9.564810680555556
2028,Oxford2021_fast,Global,Oil&Gas,Oil,price,GJ,9.496688769444445
2029,Oxford2021_fast,Global,Oil&Gas,Oil,price,GJ,9.439468838888889
2030,Oxford2021_fast,Global,Oil&Gas,Oil,price,GJ,9.391357175
2031,Oxford2021_fast,Global,Oil&Gas,Oil,price,GJ,9.350869052777778
2032,Oxford2021_fast,Global,Oil&Gas,Oil,price,GJ,9.316771652777778
2033,Oxford2021_fast,Global,Oil&Gas,Oil,price,GJ,9.288038561111112
2034,Oxford2021_fast,Global,Oil&Gas,Oil,price,GJ,9.263813233333332
2035,Oxford2021_fast,Global,Oil&Gas,Oil,price,GJ,9.243379480555555
2036,Oxford2021_fast,Global,Oil&Gas,Oil,price,GJ,9.22613745
2037,Oxford2021_fast,Global,Oil&Gas,Oil,price,GJ,9.2115840222222225
2038,Oxford2021_fast,Global,Oil&Gas,Oil,price,GJ,9.199296683333332
2039,Oxford2021_fast,Global,Oil&Gas,Oil,price,GJ,9.188920252777775
2040,Oxford2021_fast,Global,Oil&Gas,Oil,price,GJ,9.180155877777777
2041,Oxford2021_fast,Global,Oil&Gas,Oil,price,GJ,9.172751925
2042,Oxford2021_fast,Global,Oil&Gas,Oil,price,GJ,9.166496375
2043,Oxford2021_fast,Global,Oil&Gas,Oil,price,GJ,9.161210494444443
2044,Oxford2021_fast,Global,Oil&Gas,Oil,price,GJ,9.156743541666668
2045,Oxford2021_fast,Global,Oil&Gas,Oil,price,GJ,9.152968333333332
2046,Oxford2021_fast,Global,Oil&Gas,Oil,price,GJ,9.149777522222225
2047,Oxford2021_fast,Global,Oil&Gas,Oil,price,GJ,9.14708048888889
2048,Oxford2021_fast,Global,Oil&Gas,Oil,price,GJ,9.144800708333332
2049,Oxford2021_fast,Global,Oil&Gas,Oil,price,GJ,9.142873544444443
2050,Oxford2021_fast,Global,Oil&Gas,Oil,price,GJ,9.1412444
2051,Oxford2021_fast,Global,Oil&Gas,Oil,price,GJ,9.13986715
2052,Oxford2021_fast,Global,Oil&Gas,Oil,price,GJ,9.138702813888887
2053,Oxford2021_fast,Global,Oil&Gas,Oil,price,GJ,9.137718458333334
2054,Oxford2021_fast,Global,Oil&Gas,Oil,price,GJ,9.136886247222224
2055,Oxford2021_fast,Global,Oil&Gas,Oil,price,GJ,9.136182652777778
2056,Oxford2021_fast,Global,Oil&Gas,Oil,price,GJ,9.13558778888889
2057,Oxford2021_fast,Global,Oil&Gas,Oil,price,GJ,9.13508485
2058,Oxford2021_fast,Global,Oil&Gas,Oil,price,GJ,9.134659622222223
2059,Oxford2021_fast,Global,Oil&Gas,Oil,price,GJ,9.1343001
2060,Oxford2021_fast,Global,Oil&Gas,Oil,price,GJ,9.133996127777776
2061,Oxford2021_fast,Global,Oil&Gas,Oil,price,GJ,9.133739119444444
2062,Oxford2021_fast,Global,Oil&Gas,Oil,price,GJ,9.133521819444445
2063,Oxford2021_fast,Global,Oil&Gas,Oil,price,GJ,9.133338091666666
2064,Oxford2021_fast,Global,Oil&Gas,Oil,price,GJ,9.133182747222222
2065,Oxford2021_fast,Global,Oil&Gas,Oil,price,GJ,9.133051402777776
2066,Oxford2021_fast,Global,Oil&Gas,Oil,price,GJ,9.13294035
2067,Oxford2021_fast,Global,Oil&Gas,Oil,price,GJ,9.132846452777777
2068,Oxford2021_fast,Global,Oil&Gas,Oil,price,GJ,9.13276706111111
2069,Oxford2021_fast,Global,Oil&Gas,Oil,price,GJ,9.132699936111113
2022,Oxford2021_fast,Global,Oil&Gas,Gas,price,GJ,3.1580893166666666
2023,Oxford2021_fast,Global,Oil&Gas,Gas,price,GJ,3.1756519777777776
2024,Oxford2021_fast,Global,Oil&Gas,Gas,price,GJ,3.190204061111111
2025,Oxford2021_fast,Global,Oil&Gas,Gas,price,GJ,3.2022509305555555
2026,Oxford2021_fast,Global,Oil&Gas,Gas,price,GJ,3.212216575
2027,Oxford2021_fast,Global,Oil&Gas,Gas,price,GJ,3.2204555694444443
2028,Oxford2021_fast,Global,Oil&Gas,Gas,price,GJ,3.227263686111111
2029,Oxford2021_fast,Global,Oil&Gas,Gas,price,GJ,3.2328871194444444
2030,Oxford2021_fast,Global,Oil&Gas,Gas,price,GJ,3.2375304444444444
2031,Oxford2021_fast,Global,Oil&Gas,Gas,price,GJ,3.2413634194444447
2032,Oxford2021_fast,Global,Oil&Gas,Gas,price,GJ,3.244526733333333
2033,Oxford2021_fast,Global,Oil&Gas,Gas,price,GJ,3.247136894444444
2034,Oxford2021_fast,Global,Oil&Gas,Gas,price,GJ,3.249290286111111
2035,Oxford2021_fast,Global,Oil&Gas,Gas,price,GJ,3.2510666194444444
2036,Oxford2021_fast,Global,Oil&Gas,Gas,price,GJ,3.2525317583333333
2037,Oxford2021_fast,Global,Oil&Gas,Gas,price,GJ,3.253740113888889
2038,Oxford2021_fast,Global,Oil&Gas,Gas,price,GJ,3.2547366194444445
2039,Oxford2021_fast,Global,Oil&Gas,Gas,price,GJ,3.2555583694444445
2040,Oxford2021_fast,Global,Oil&Gas,Gas,price,GJ,3.2562359777777776
2041,Oxford2021_fast,Global,Oil&Gas,Gas,price,GJ,3.2567947
2042,Oxford2021_fast,Global,Oil&Gas,Gas,price,GJ,3.257255386111111
2043,Oxford2021_fast,Global,Oil&Gas,Gas,price,GJ,3.257635225
2044,Oxford2021_fast,Global,Oil&Gas,Gas,price,GJ,3.2579483944444445
2045,Oxford2021_fast,Global,Oil&Gas,Gas,price,GJ,3.258206597222222
2046,Oxford2021_fast,Global,Oil&Gas,Gas,price,GJ,3.258419472222222
2047,Oxford2021_fast,Global,Oil&Gas,Gas,price,GJ,3.2585949777777774
2048,Oxford2021_fast,Global,Oil&Gas,Gas,price,GJ,3.258739672222222
2049,Oxford2021_fast,Global,Oil&Gas,Gas,price,GJ,3.2588589638888887
2050,Oxford2021_fast,Global,Oil&Gas,Gas,price,GJ,3.2589573083333336
2051,Oxford2021_fast,Global,Oil&Gas,Gas,price,GJ,3.259038388888889
2052,Oxford2021_fast,Global,Oil&Gas,Gas,price,GJ,3.259105230555556
2053,Oxford2021_fast,Global,Oil&Gas,Gas,price,GJ,3.259160338888889
2054,Oxford2021_fast,Global,Oil&Gas,Gas,price,GJ,3.2592057694444443
2055,Oxford2021_fast,Global,Oil&Gas,Gas,price,GJ,3.2592432222222225
2056,Oxford2021_fast,Global,Oil&Gas,Gas,price,GJ,3.2592741
2057,Oxford2021_fast,Global,Oil&Gas,Gas,price,GJ,3.2592995527777777
2058,Oxford2021_fast,Global,Oil&Gas,Gas,price,GJ,3.259320538888889
2059,Oxford2021_fast,Global,Oil&Gas,Gas,price,GJ,3.259337838888889
2060,Oxford2021_fast,Global,Oil&Gas,Gas,price,GJ,3.2593521027777776
2061,Oxford2021_fast,Global,Oil&Gas,Gas,price,GJ,3.259363861111111
2062,Oxford2021_fast,Global,Oil&Gas,Gas,price,GJ,3.2593735527777774
2063,Oxford2021_fast,Global,Oil&Gas,Gas,price,GJ,3.259381544444444
2064,Oxford2021_fast,Global,Oil&Gas,Gas,price,GJ,3.259388133333333
2065,Oxford2021_fast,Global,Oil&Gas,Gas,price,GJ,3.2593935638888887
2066,Oxford2021_fast,Global,Oil&Gas,Gas,price,GJ,3.2593980416666666
2067,Oxford2021_fast,Global,Oil&Gas,Gas,price,GJ,3.259401733333333
2068,Oxford2021_fast,Global,Oil&Gas,Gas,price,GJ,3.259404775
2069,Oxford2021_fast,Global,Oil&Gas,Gas,price,GJ,3.259407283333333
2022,Oxford2021_fast,Global,Coal,Coal,price,usd/tonne,63.483760752228605
2023,Oxford2021_fast,Global,Coal,Coal,price,usd/tonne,63.41364732364554
2024,Oxford2021_fast,Global,Coal,Coal,price,usd/tonne,63.34686559205438
2025,Oxford2021_fast,Global,Coal,Coal,price,usd/tonne,63.28325404811332
2026,Oxford2021_fast,Global,Coal,Coal,price,usd/tonne,63.222659299059714
2027,Oxford2021_fast,Global,Coal,Coal,price,usd/tonne,63.16493562909594
2028,Oxford2021_fast,Global,Coal,Coal,price,usd/tonne,63.10994462490332
2029,Oxford2021_fast,Global,Coal,Coal,price,usd/tonne,63.057554736028
2030,Oxford2021_fast,Global,Coal,Coal,price,usd/tonne,63.00764096552286
2031,Oxford2021_fast,Global,Coal,Coal,price,usd/tonne,62.960084479179386
2032,Oxford2021_fast,Global,Coal,Coal,price,usd/tonne,62.91477232873366
2033,Oxford2021_fast,Global,Coal,Coal,price,usd/tonne,62.87159710994423
2034,Oxford2021_fast,Global,Coal,Coal,price,usd/tonne,62.83045669393903
2035,Oxford2021_fast,Global,Coal,Coal,price,usd/tonne,62.7912539829853
2036,Oxford2021_fast,Global,Coal,Coal,price,usd/tonne,62.75389657670859
2037,Oxford2021_fast,Global,Coal,Coal,price,usd/tonne,62.7182966174136
2038,Oxford2021_fast,Global,Coal,Coal,price,usd/tonne,62.68437051329018
2039,Oxford2021_fast,Global,Coal,Coal,price,usd/tonne,62.65203872674726
2040,Oxford2021_fast,Global,Coal,Coal,price,usd/tonne,62.62122557088778
2041,Oxford2021_fast,Global,Coal,Coal,price,usd/tonne,62.591859038547646
2042,Oxford2021_fast,Global,Coal,Coal,price,usd/tonne,62.5638705743477
2043,Oxford2021_fast,Global,Coal,Coal,price,usd/tonne,62.53719496071967
2044,Oxford2021_fast,Global,Coal,Coal,price,usd/tonne,62.51177008181707
2045,Oxford2021_fast,Global,Coal,Coal,price,usd/tonne,62.487536833964256
2046,Oxford2021_fast,Global,Coal,Coal,price,usd/tonne,62.46443893841331
2047,Oxford2021_fast,Global,Coal,Coal,price,usd/tonne,62.44242281922904
2048,Oxford2021_fast,Global,Coal,Coal,price,usd/tonne,62.42143745675093
2049,Oxford2021_fast,Global,Coal,Coal,price,usd/tonne,62.40143426547808
2050,Oxford2021_fast,Global,Coal,Coal,price,usd/tonne,62.38236699637725
2051,Oxford2021_fast,Global,Coal,Coal,price,usd/tonne,62.36419159034477
2052,Oxford2021_fast,Global,Coal,Coal,price,usd/tonne,62.34686609679652
2053,Oxford2021_fast,Global,Coal,Coal,price,usd/tonne,62.330350543411896
2054,Oxford2021_fast,Global,Coal,Coal,price,usd/tonne,62.314606871005815
2055,Oxford2021_fast,Global,Coal,Coal,price,usd/tonne,62.29959882769569
2056,Oxford2021_fast,Global,Coal,Coal,price,usd/tonne,62.285291871209346
2057,Oxford2021_fast,Global,Coal,Coal,price,usd/tonne,62.271653111898075
2058,Oxford2021_fast,Global,Coal,Coal,price,usd/tonne,62.25865119876256
2059,Oxford2021_fast,Global,Coal,Coal,price,usd/tonne,62.24625627060691
2060,Oxford2021_fast,Global,Coal,Coal,price,usd/tonne,62.23443987462856
2061,Oxford2021_fast,Global,Coal,Coal,price,usd/tonne,62.22317492571336
2062,Oxford2021_fast,Global,Coal,Coal,price,usd/tonne,62.21243557617942
2063,Oxford2021_fast,Global,Coal,Coal,price,usd/tonne,62.20219722391827
2064,Oxford2021_fast,Global,Coal,Coal,price,usd/tonne,62.19243642284365
2065,Oxford2021_fast,Global,Coal,Coal,price,usd/tonne,62.18313082590467
2066,Oxford2021_fast,Global,Coal,Coal,price,usd/tonne,62.17425914438068
2067,Oxford2021_fast,Global,Coal,Coal,price,usd/tonne,62.16580109089429
2068,Oxford2021_fast,Global,Coal,Coal,price,usd/tonne,62.15773731428339
2069,Oxford2021_fast,Global,Coal,Coal,price,usd/tonne,62.15004940774209
2022,Oxford2021_base,Global,Oil&Gas,Oil,price,GJ,10.16440403611111
2023,Oxford2021_base,Global,Oil&Gas,Oil,price,GJ,9.997667405555555
2024,Oxford2021_base,Global,Oil&Gas,Oil,price,GJ,9.858823644444444
2025,Oxford2021_base,Global,Oil&Gas,Oil,price,GJ,9.742933616666663
2026,Oxford2021_base,Global,Oil&Gas,Oil,price,GJ,9.64600951111111
2027,Oxford2021_base,Global,Oil&Gas,Oil,price,GJ,9.564810680555556
2028,Oxford2021_base,Global,Oil&Gas,Oil,price,GJ,9.496688769444445
2029,Oxford2021_base,Global,Oil&Gas,Oil,price,GJ,9.439468838888889
2030,Oxford2021_base,Global,Oil&Gas,Oil,price,GJ,9.391357175
2031,Oxford2021_base,Global,Oil&Gas,Oil,price,GJ,9.350869052777778
2032,Oxford2021_base,Global,Oil&Gas,Oil,price,GJ,9.316771652777778
2033,Oxford2021_base,Global,Oil&Gas,Oil,price,GJ,9.288038561111112
2034,Oxford2021_base,Global,Oil&Gas,Oil,price,GJ,9.263813233333332
2035,Oxford2021_base,Global,Oil&Gas,Oil,price,GJ,9.243379480555555
2036,Oxford2021_base,Global,Oil&Gas,Oil,price,GJ,9.22613745
2037,Oxford2021_base,Global,Oil&Gas,Oil,price,GJ,9.2115840222222225
2038,Oxford2021_base,Global,Oil&Gas,Oil,price,GJ,9.199296683333332
2039,Oxford2021_base,Global,Oil&Gas,Oil,price,GJ,9.188920252777775
2040,Oxford2021_base,Global,Oil&Gas,Oil,price,GJ,9.180155877777777
2041,Oxford2021_base,Global,Oil&Gas,Oil,price,GJ,9.172751925
2042,Oxford2021_base,Global,Oil&Gas,Oil,price,GJ,9.166496375
2043,Oxford2021_base,Global,Oil&Gas,Oil,price,GJ,9.161210494444443
2044,Oxford2021_base,Global,Oil&Gas,Oil,price,GJ,9.156743541666668
2045,Oxford2021_base,Global,Oil&Gas,Oil,price,GJ,9.152968333333332
2046,Oxford2021_base,Global,Oil&Gas,Oil,price,GJ,9.149777522222225
2047,Oxford2021_base,Global,Oil&Gas,Oil,price,GJ,9.14708048888889
2048,Oxford2021_base,Global,Oil&Gas,Oil,price,GJ,9.144800708333332
2049,Oxford2021_base,Global,Oil&Gas,Oil,price,GJ,9.142873544444443
2050,Oxford2021_base,Global,Oil&Gas,Oil,price,GJ,9.1412444
2051,Oxford2021_base,Global,Oil&Gas,Oil,price,GJ,9.13986715
2052,Oxford2021_base,Global,Oil&Gas,Oil,price,GJ,9.138702813888887
2053,Oxford2021_base,Global,Oil&Gas,Oil,price,GJ,9.137718458333334
2054,Oxford2021_base,Global,Oil&Gas,Oil,price,GJ,9.136886247222224
2055,Oxford2021_base,Global,Oil&Gas,Oil,price,GJ,9.136182652777778
2056,Oxford2021_base,Global,Oil&Gas,Oil,price,GJ,9.13558778888889
2057,Oxford2021_base,Global,Oil&Gas,Oil,price,GJ,9.13508485
2058,Oxford2021_base,Global,Oil&Gas,Oil,price,GJ,9.134659622222223
2059,Oxford2021_base,Global,Oil&Gas,Oil,price,GJ,9.1343001
2060,Oxford2021_base,Global,Oil&Gas,Oil,price,GJ,9.133996127777776
2061,Oxford2021_base,Global,Oil&Gas,Oil,price,GJ,9.133739119444444
2062,Oxford2021_base,Global,Oil&Gas,Oil,price,GJ,9.133521819444445
2063,Oxford2021_base,Global,Oil&Gas,Oil,price,GJ,9.133338091666666
2064,Oxford2021_base,Global,Oil&Gas,Oil,price,GJ,9.133182747222222
2065,Oxford2021_base,Global,Oil&Gas,Oil,price,GJ,9.133051402777776
2066,Oxford2021_base,Global,Oil&Gas,Oil,price,GJ,9.13294035
2067,Oxford2021_base,Global,Oil&Gas,Oil,price,GJ,9.132846452777777
2068,Oxford2021_base,Global,Oil&Gas,Oil,price,GJ,9.13276706111111
2069,Oxford2021_base,Global,Oil&Gas,Oil,price,GJ,9.132699936111113
2022,Oxford2021_base,Global,Oil&Gas,Gas,price,GJ,3.1580893166666666
2023,Oxford2021_base,Global,Oil&Gas,Gas,price,GJ,3.1756519777777776
2024,Oxford2021_base,Global,Oil&Gas,Gas,price,GJ,3.190204061111111
2025,Oxford2021_base,Global,Oil&Gas,Gas,price,GJ,3.2022509305555555
2026,Oxford2021_base,Global,Oil&Gas,Gas,price,GJ,3.212216575
2027,Oxford2021_base,Global,Oil&Gas,Gas,price,GJ,3.2204555694444443
2028,Oxford2021_base,Global,Oil&Gas,Gas,price,GJ,3.227263686111111
2029,Oxford2021_base,Global,Oil&Gas,Gas,price,GJ,3.2328871194444444
2030,Oxford2021_base,Global,Oil&Gas,Gas,price,GJ,3.2375304444444444
2031,Oxford2021_base,Global,Oil&Gas,Gas,price,GJ,3.2413634194444447
2032,Oxford2021_base,Global,Oil&Gas,Gas,price,GJ,3.244526733333333
2033,Oxford2021_base,Global,Oil&Gas,Gas,price,GJ,3.247136894444444
2034,Oxford2021_base,Global,Oil&Gas,Gas,price,GJ,3.249290286111111
2035,Oxford2021_base,Global,Oil&Gas,Gas,price,GJ,3.2510666194444444
2036,Oxford2021_base,Global,Oil&Gas,Gas,price,GJ,3.2525317583333333
2037,Oxford2021_base,Global,Oil&Gas,Gas,price,GJ,3.253740113888889
2038,Oxford2021_base,Global,Oil&Gas,Gas,price,GJ,3.2547366194444445
2039,Oxford2021_base,Global,Oil&Gas,Gas,price,GJ,3.2555583694444445
2040,Oxford2021_base,Global,Oil&Gas,Gas,price,GJ,3.2562359777777776
2041,Oxford2021_base,Global,Oil&Gas,Gas,price,GJ,3.2567947
2042,Oxford2021_base,Global,Oil&Gas,Gas,price,GJ,3.257255386111111
2043,Oxford2021_base,Global,Oil&Gas,Gas,price,GJ,3.257635225
2044,Oxford2021_base,Global,Oil&Gas,Gas,price,GJ,3.2579483944444445
2045,Oxford2021_base,Global,Oil&Gas,Gas,price,GJ,3.258206597222222
2046,Oxford2021_base,Global,Oil&Gas,Gas,price,GJ,3.258419472222222
2047,Oxford2021_base,Global,Oil&Gas,Gas,price,GJ,3.2585949777777774
2048,Oxford2021_base,Global,Oil&Gas,Gas,price,GJ,3.258739672222222
2049,Oxford2021_base,Global,Oil&Gas,Gas,price,GJ,3.2588589638888887
2050,Oxford2021_base,Global,Oil&Gas,Gas,price,GJ,3.2589573083333336
2051,Oxford2021_base,Global,Oil&Gas,Gas,price,GJ,3.259038388888889
2052,Oxford2021_base,Global,Oil&Gas,Gas,price,GJ,3.259105230555556
2053,Oxford2021_base,Global,Oil&Gas,Gas,price,GJ,3.259160338888889
2054,Oxford2021_base,Global,Oil&Gas,Gas,price,GJ,3.2592057694444443
2055,Oxford2021_base,Global,Oil&Gas,Gas,price,GJ,3.2592432222222225
2056,Oxford2021_base,Global,Oil&Gas,Gas,price,GJ,3.2592741
2057,Oxford2021_base,Global,Oil&Gas,Gas,price,GJ,3.2592995527777777
2058,Oxford2021_base,Global,Oil&Gas,Gas,price,GJ,3.259320538888889
2059,Oxford2021_base,Global,Oil&Gas,Gas,price,GJ,3.259337838888889
2060,Oxford2021_base,Global,Oil&Gas,Gas,price,GJ,3.2593521027777776
2061,Oxford2021_base,Global,Oil&Gas,Gas,price,GJ,3.259363861111111
2062,Oxford2021_base,Global,Oil&Gas,Gas,price,GJ,3.2593735527777774
2063,Oxford2021_base,Global,Oil&Gas,Gas,price,GJ,3.259381544444444
2064,Oxford2021_base,Global,Oil&Gas,Gas,price,GJ,3.259388133333333
2065,Oxford2021_base,Global,Oil&Gas,Gas,price,GJ,3.2593935638888887
2066,Oxford2021_base,Global,Oil&Gas,Gas,price,GJ,3.2593980416666666
2067,Oxford2021_base,Global,Oil&Gas,Gas,price,GJ,3.259401733333333
2068,Oxford2021_base,Global,Oil&Gas,Gas,price,GJ,3.259404775
2069,Oxford2021_base,Global,Oil&Gas,Gas,price,GJ,3.259407283333333
2022,Oxford2021_base,Global,Coal,Coal,price,usd/tonne,63.483760752228605
2023,Oxford2021_base,Global,Coal,Coal,price,usd/tonne,63.41364732364554
2024,Oxford2021_base,Global,Coal,Coal,price,usd/tonne,63.34686559205438
2025,Oxford2021_base,Global,Coal,Coal,price,usd/tonne,63.28325404811332
2026,Oxford2021_base,Global,Coal,Coal,price,usd/tonne,63.222659299059714
2027,Oxford2021_base,Global,Coal,Coal,price,usd/tonne,63.16493562909594
2028,Oxford2021_base,Global,Coal,Coal,price,usd/tonne,63.10994462490332
2029,Oxford2021_base,Global,Coal,Coal,price,usd/tonne,63.057554736028
2030,Oxford2021_base,Global,Coal,Coal,price,usd/tonne,63.00764096552286
2031,Oxford2021_base,Global,Coal,Coal,price,usd/tonne,62.960084479179386
2032,Oxford2021_base,Global,Coal,Coal,price,usd/tonne,62.91477232873366
2033,Oxford2021_base,Global,Coal,Coal,price,usd/tonne,62.87159710994423
2034,Oxford2021_base,Global,Coal,Coal,price,usd/tonne,62.83045669393903
2035,Oxford2021_base,Global,Coal,Coal,price,usd/tonne,62.7912539829853
2036,Oxford2021_base,Global,Coal,Coal,price,usd/tonne,62.75389657670859
2037,Oxford2021_base,Global,Coal,Coal,price,usd/tonne,62.7182966174136
2038,Oxford2021_base,Global,Coal,Coal,price,usd/tonne,62.68437051329018
2039,Oxford2021_base,Global,Coal,Coal,price,usd/tonne,62.65203872674726
2040,Oxford2021_base,Global,Coal,Coal,price,usd/tonne,62.62122557088778
2041,Oxford2021_base,Global,Coal,Coal,price,usd/tonne,62.591859038547646
2042,Oxford2021_base,Global,Coal,Coal,price,usd/tonne,62.5638705743477
2043,Oxford2021_base,Global,Coal,Coal,price,usd/tonne,62.53719496071967
2044,Oxford2021_base,Global,Coal,Coal,price,usd/tonne,62.51177008181707
2045,Oxford2021_base,Global,Coal,Coal,price,usd/tonne,62.487536833964256
2046,Oxford2021_base,Global,Coal,Coal,price,usd/tonne,62.46443893841331
2047,Oxford2021_base,Global,Coal,Coal,price,usd/tonne,62.44242281922904
2048,Oxford2021_base,Global,Coal,Coal,price,usd/tonne,62.42143745675093
2049,Oxford2021_base,Global,Coal,Coal,price,usd/tonne,62.40143426547808
2050,Oxford2021_base,Global,Coal,Coal,price,usd/tonne,62.38236699637725
2051,Oxford2021_base,Global,Coal,Coal,price,usd/tonne,62.36419159034477
2052,Oxford2021_base,Global,Coal,Coal,price,usd/tonne,62.34686609679652
2053,Oxford2021_base,Global,Coal,Coal,price,usd/tonne,62.330350543411896
2054,Oxford2021_base,Global,Coal,Coal,price,usd/tonne,62.314606871005815
2055,Oxford2021_base,Global,Coal,Coal,price,usd/tonne,62.29959882769569
2056,Oxford2021_base,Global,Coal,Coal,price,usd/tonne,62.285291871209346
2057,Oxford2021_base,Global,Coal,Coal,price,usd/tonne,62.271653111898075
2058,Oxford2021_base,Global,Coal,Coal,price,usd/tonne,62.25865119876256
2059,Oxford2021_base,Global,Coal,Coal,price,usd/tonne,62.24625627060691
2060,Oxford2021_base,Global,Coal,Coal,price,usd/tonne,62.23443987462856
2061,Oxford2021_base,Global,Coal,Coal,price,usd/tonne,62.22317492571336
2062,Oxford2021_base,Global,Coal,Coal,price,usd/tonne,62.21243557617942
2063,Oxford2021_base,Global,Coal,Coal,price,usd/tonne,62.20219722391827
2064,Oxford2021_base,Global,Coal,Coal,price,usd/tonne,62.19243642284365
2065,Oxford2021_base,Global,Coal,Coal,price,usd/tonne,62.18313082590467
2066,Oxford2021_base,Global,Coal,Coal,price,usd/tonne,62.17425914438068
2067,Oxford2021_base,Global,Coal,Coal,price,usd/tonne,62.16580109089429
2068,Oxford2021_base,Global,Coal,Coal,price,usd/tonne,62.15773731428339
2069,Oxford2021_base,Global,Coal,Coal,price,usd/tonne,62.15004940774209
2070,Oxford2021_fast,Global,Oil&Gas,Oil,price,GJ,9.130599760291004
2070,Oxford2021_base,Global,Oil&Gas,Oil,price,GJ,9.130599760291004
2070,Oxford2021_fast,Global,Oil&Gas,Gas,price,GJ,3.2595239424735447
2070,Oxford2021_base,Global,Oil&Gas,Gas,price,GJ,3.2595239424735447
2070,Oxford2021_fast,Global,Coal,Coal,price,usd/tonne,62.12050518446154
2070,Oxford2021_base,Global,Coal,Coal,price,usd/tonne,62.12050518446154
2071,Oxford2021_fast,Global,Oil&Gas,Oil,price,GJ,9.130155622758538
2071,Oxford2021_base,Global,Oil&Gas,Oil,price,GJ,9.130155622758538
2071,Oxford2021_fast,Global,Oil&Gas,Gas,price,GJ,3.2595470461423757
2071,Oxford2021_base,Global,Oil&Gas,Gas,price,GJ,3.2595470461423757
2071,Oxford2021_fast,Global,Coal,Coal,price,usd/tonne,62.10809687027806
2071,Oxford2021_base,Global,Coal,Coal,price,usd/tonne,62.10809687027806
2072,Oxford2021_fast,Global,Oil&Gas,Oil,price,GJ,9.129711485226071
2072,Oxford2021_base,Global,Oil&Gas,Oil,price,GJ,9.129711485226071
2072,Oxford2021_fast,Global,Oil&Gas,Gas,price,GJ,3.259570149811207
2072,Oxford2021_base,Global,Oil&Gas,Gas,price,GJ,3.259570149811207
2072,Oxford2021_fast,Global,Coal,Coal,price,usd/tonne,62.095688556094586
2072,Oxford2021_base,Global,Coal,Coal,price,usd/tonne,62.095688556094586
2073,Oxford2021_fast,Global,Oil&Gas,Oil,price,GJ,9.129267347693604
2073,Oxford2021_base,Global,Oil&Gas,Oil,price,GJ,9.129267347693604
2073,Oxford2021_fast,Global,Oil&Gas,Gas,price,GJ,3.259593253480038
2073,Oxford2021_base,Global,Oil&Gas,Gas,price,GJ,3.259593253480038
2073,Oxford2021_fast,Global,Coal,Coal,price,usd/tonne,62.08328024191111
2073,Oxford2021_base,Global,Coal,Coal,price,usd/tonne,62.08328024191111
2074,Oxford2021_fast,Global,Oil&Gas,Oil,price,GJ,9.128823210161135
2074,Oxford2021_base,Global,Oil&Gas,Oil,price,GJ,9.128823210161135
2074,Oxford2021_fast,Global,Oil&Gas,Gas,price,GJ,3.2596163571488694
2074,Oxford2021_base,Global,Oil&Gas,Gas,price,GJ,3.2596163571488694
2074,Oxford2021_fast,Global,Coal,Coal,price,usd/tonne,62.07087192772764
2074,Oxford2021_base,Global,Coal,Coal,price,usd/tonne,62.07087192772764
2075,Oxford2021_fast,Global,Oil&Gas,Oil,price,GJ,9.128379072628668
2075,Oxford2021_base,Global,Oil&Gas,Oil,price,GJ,9.128379072628668
2075,Oxford2021_fast,Global,Oil&Gas,Gas,price,GJ,3.2596394608177004
2075,Oxford2021_base,Global,Oil&Gas,Gas,price,GJ,3.2596394608177004
2075,Oxford2021_fast,Global,Coal,Coal,price,usd/tonne,62.05846361354416
2075,Oxford2021_base,Global,Coal,Coal,price,usd/tonne,62.05846361354416
2076,Oxford2021_fast,Global,Oil&Gas,Oil,price,GJ,9.1279349350962
2076,Oxford2021_base,Global,Oil&Gas,Oil,price,GJ,9.1279349350962
2076,Oxford2021_fast,Global,Oil&Gas,Gas,price,GJ,3.2596625644865314
2076,Oxford2021_base,Global,Oil&Gas,Gas,price,GJ,3.2596625644865314
2076,Oxford2021_fast,Global,Coal,Coal,price,usd/tonne,62.04605529936069
2076,Oxford2021_base,Global,Coal,Coal,price,usd/tonne,62.04605529936069
2077,Oxford2021_fast,Global,Oil&Gas,Oil,price,GJ,9.127490797563734
2077,Oxford2021_base,Global,Oil&Gas,Oil,price,GJ,9.127490797563734
2077,Oxford2021_fast,Global,Oil&Gas,Gas,price,GJ,3.2596856681553628
2077,Oxford2021_base,Global,Oil&Gas,Gas,price,GJ,3.2596856681553628
2077,Oxford2021_fast,Global,Coal,Coal,price,usd/tonne,62.033646985177214
2077,Oxford2021_base,Global,Coal,Coal,price,usd/tonne,62.033646985177214
2078,Oxford2021_fast,Global,Oil&Gas,Oil,price,GJ,9.127046660031263
2078,Oxford2021_base,Global,Oil&Gas,Oil,price,GJ,9.127046660031263
2078,Oxford2021_fast,Global,Oil&Gas,Gas,price,GJ,3.2597087718241937
2078,Oxford2021_base,Global,Oil&Gas,Gas,price,GJ,3.2597087718241937
2078,Oxford2021_fast,Global,Coal,Coal,price,usd/tonne,62.02123867099374
2078,Oxford2021_base,Global,Coal,Coal,price,usd/tonne,62.02123867099374
2079,Oxford2021_fast,Global,Oil&Gas,Oil,price,GJ,9.126602522498798
2079,Oxford2021_base,Global,Oil&Gas,Oil,price,GJ,9.126602522498798
2079,Oxford2021_fast,Global,Oil&Gas,Gas,price,GJ,3.2597318754930247
2079,Oxford2021_base,Global,Oil&Gas,Gas,price,GJ,3.2597318754930247
2079,Oxford2021_fast,Global,Coal,Coal,price,usd/tonne,62.008830356810265
2079,Oxford2021_base,Global,Coal,Coal,price,usd/tonne,62.008830356810265
2080,Oxford2021_fast,Global,Oil&Gas,Oil,price,GJ,9.126158384966333
2080,Oxford2021_base,Global,Oil&Gas,Oil,price,GJ,9.126158384966333
2080,Oxford2021_fast,Global,Oil&Gas,Gas,price,GJ,3.259754979161856
2080,Oxford2021_base,Global,Oil&Gas,Gas,price,GJ,3.259754979161856
2080,Oxford2021_fast,Global,Coal,Coal,price,usd/tonne,61.99642204262678
2080,Oxford2021_base,Global,Coal,Coal,price,usd/tonne,61.99642204262678
2081,Oxford2021_fast,Global,Oil&Gas,Oil,price,GJ,9.125714247433864
2081,Oxford2021_base,Global,Oil&Gas,Oil,price,GJ,9.125714247433864
2081,Oxford2021_fast,Global,Oil&Gas,Gas,price,GJ,3.259778082830687
2081,Oxford2021_base,Global,Oil&Gas,Gas,price,GJ,3.259778082830687
2081,Oxford2021_fast,Global,Coal,Coal,price,usd/tonne,61.98401372844331
2081,Oxford2021_base,Global,Coal,Coal,price,usd/tonne,61.98401372844331
2082,Oxford2021_fast,Global,Oil&Gas,Oil,price,GJ,9.125270109901397
2082,Oxford2021_base,Global,Oil&Gas,Oil,price,GJ,9.125270109901397
2082,Oxford2021_fast,Global,Oil&Gas,Gas,price,GJ,3.2598011864995184
2082,Oxford2021_base,Global,Oil&Gas,Gas,price,GJ,3.2598011864995184
2082,Oxford2021_fast,Global,Coal,Coal,price,usd/tonne,61.971605414259834
2082,Oxford2021_base,Global,Coal,Coal,price,usd/tonne,61.971605414259834
2083,Oxford2021_fast,Global,Oil&Gas,Oil,price,GJ,9.124825972368928
2083,Oxford2021_base,Global,Oil&Gas,Oil,price,GJ,9.124825972368928
2083,Oxford2021_fast,Global,Oil&Gas,Gas,price,GJ,3.2598242901683494
2083,Oxford2021_base,Global,Oil&Gas,Gas,price,GJ,3.2598242901683494
2083,Oxford2021_fast,Global,Coal,Coal,price,usd/tonne,61.95919710007635
2083,Oxford2021_base,Global,Coal,Coal,price,usd/tonne,61.95919710007635
2084,Oxford2021_fast,Global,Oil&Gas,Oil,price,GJ,9.12438183483646
2084,Oxford2021_base,Global,Oil&Gas,Oil,price,GJ,9.12438183483646
2084,Oxford2021_fast,Global,Oil&Gas,Gas,price,GJ,3.2598473938371804
2084,Oxford2021_base,Global,Oil&Gas,Gas,price,GJ,3.2598473938371804
2084,Oxford2021_fast,Global,Coal,Coal,price,usd/tonne,61.94678878589288
2084,Oxford2021_base,Global,Coal,Coal,price,usd/tonne,61.94678878589288
2085,Oxford2021_fast,Global,Oil&Gas,Oil,price,GJ,9.123937697303994
2085,Oxford2021_base,Global,Oil&Gas,Oil,price,GJ,9.123937697303994
2085,Oxford2021_fast,Global,Oil&Gas,Gas,price,GJ,3.259870497506012
2085,Oxford2021_base,Global,Oil&Gas,Gas,price,GJ,3.259870497506012
2085,Oxford2021_fast,Global,Coal,Coal,price,usd/tonne,61.9343804717094
2085,Oxford2021_base,Global,Coal,Coal,price,usd/tonne,61.9343804717094
2086,Oxford2021_fast,Global,Oil&Gas,Oil,price,GJ,9.123493559771529
2086,Oxford2021_base,Global,Oil&Gas,Oil,price,GJ,9.123493559771529
2086,Oxford2021_fast,Global,Oil&Gas,Gas,price,GJ,3.2598936011748427
2086,Oxford2021_base,Global,Oil&Gas,Gas,price,GJ,3.2598936011748427
2086,Oxford2021_fast,Global,Coal,Coal,price,usd/tonne,61.92197215752593
2086,Oxford2021_base,Global,Coal,Coal,price,usd/tonne,61.92197215752593
2087,Oxford2021_fast,Global,Oil&Gas,Oil,price,GJ,9.123049422239058
2087,Oxford2021_base,Global,Oil&Gas,Oil,price,GJ,9.123049422239058
2087,Oxford2021_fast,Global,Oil&Gas,Gas,price,GJ,3.2599167048436737
2087,Oxford2021_base,Global,Oil&Gas,Gas,price,GJ,3.2599167048436737
2087,Oxford2021_fast,Global,Coal,Coal,price,usd/tonne,61.909563843342454
2087,Oxford2021_base,Global,Coal,Coal,price,usd/tonne,61.909563843342454
2088,Oxford2021_fast,Global,Oil&Gas,Oil,price,GJ,9.12260528470659
2088,Oxford2021_base,Global,Oil&Gas,Oil,price,GJ,9.12260528470659
2088,Oxford2021_fast,Global,Oil&Gas,Gas,price,GJ,3.259939808512505
2088,Oxford2021_base,Global,Oil&Gas,Gas,price,GJ,3.259939808512505
2088,Oxford2021_fast,Global,Coal,Coal,price,usd/tonne,61.89715552915898
2088,Oxford2021_base,Global,Coal,Coal,price,usd/tonne,61.89715552915898
2089,Oxford2021_fast,Global,Oil&Gas,Oil,price,GJ,9.122161147174124
2089,Oxford2021_base,Global,Oil&Gas,Oil,price,GJ,9.122161147174124
2089,Oxford2021_fast,Global,Oil&Gas,Gas,price,GJ,3.259962912181336
2089,Oxford2021_base,Global,Oil&Gas,Gas,price,GJ,3.259962912181336
2089,Oxford2021_fast,Global,Coal,Coal,price,usd/tonne,61.884747214975505
2089,Oxford2021_base,Global,Coal,Coal,price,usd/tonne,61.884747214975505
2090,Oxford2021_fast,Global,Oil&Gas,Oil,price,GJ,9.121717009641657
2090,Oxford2021_base,Global,Oil&Gas,Oil,price,GJ,9.121717009641657
2090,Oxford2021_fast,Global,Oil&Gas,Gas,price,GJ,3.2599860158501675
2090,Oxford2021_base,Global,Oil&Gas,Gas,price,GJ,3.2599860158501675
2090,Oxford2021_fast,Global,Coal,Coal,price,usd/tonne,61.87233890079203
2090,Oxford2021_base,Global,Coal,Coal,price,usd/tonne,61.87233890079203
2091,Oxford2021_fast,Global,Oil&Gas,Oil,price,GJ,9.12127287210919
2091,Oxford2021_base,Global,Oil&Gas,Oil,price,GJ,9.12127287210919
2091,Oxford2021_fast,Global,Oil&Gas,Gas,price,GJ,3.2600091195189984
2091,Oxford2021_base,Global,Oil&Gas,Gas,price,GJ,3.2600091195189984
2091,Oxford2021_fast,Global,Coal,Coal,price,usd/tonne,61.85993058660856
2091,Oxford2021_base,Global,Coal,Coal,price,usd/tonne,61.85993058660856
2092,Oxford2021_fast,Global,Oil&Gas,Oil,price,GJ,9.12082873457672
2092,Oxford2021_base,Global,Oil&Gas,Oil,price,GJ,9.12082873457672
2092,Oxford2021_fast,Global,Oil&Gas,Gas,price,GJ,3.26003222318783
2092,Oxford2021_base,Global,Oil&Gas,Gas,price,GJ,3.26003222318783
2092,Oxford2021_fast,Global,Coal,Coal,price,usd/tonne,61.847522272425074
2092,Oxford2021_base,Global,Coal,Coal,price,usd/tonne,61.847522272425074
2093,Oxford2021_fast,Global,Oil&Gas,Oil,price,GJ,9.120384597044254
2093,Oxford2021_base,Global,Oil&Gas,Oil,price,GJ,9.120384597044254
2093,Oxford2021_fast,Global,Oil&Gas,Gas,price,GJ,3.2600553268566608
2093,Oxford2021_base,Global,Oil&Gas,Gas,price,GJ,3.2600553268566608
2093,Oxford2021_fast,Global,Coal,Coal,price,usd/tonne,61.8351139582416
2093,Oxford2021_base,Global,Coal,Coal,price,usd/tonne,61.8351139582416
2094,Oxford2021_fast,Global,Oil&Gas,Oil,price,GJ,9.119940459511788
2094,Oxford2021_base,Global,Oil&Gas,Oil,price,GJ,9.119940459511788
2094,Oxford2021_fast,Global,Oil&Gas,Gas,price,GJ,3.2600784305254917
2094,Oxford2021_base,Global,Oil&Gas,Gas,price,GJ,3.2600784305254917
2094,Oxford2021_fast,Global,Coal,Coal,price,usd/tonne,61.822705644058125
2094,Oxford2021_base,Global,Coal,Coal,price,usd/tonne,61.822705644058125
2095,Oxford2021_fast,Global,Oil&Gas,Oil,price,GJ,9.11949632197932
2095,Oxford2021_base,Global,Oil&Gas,Oil,price,GJ,9.11949632197932
2095,Oxford2021_fast,Global,Oil&Gas,Gas,price,GJ,3.2601015341943227
2095,Oxford2021_base,Global,Oil&Gas,Gas,price,GJ,3.2601015341943227
2095,Oxford2021_fast,Global,Coal,Coal,price,usd/tonne,61.81029732987464
2095,Oxford2021_base,Global,Coal,Coal,price,usd/tonne,61.81029732987464
2096,Oxford2021_fast,Global,Oil&Gas,Oil,price,GJ,9.11905218444685
2096,Oxford2021_base,Global,Oil&Gas,Oil,price,GJ,9.11905218444685
2096,Oxford2021_fast,Global,Oil&Gas,Gas,price,GJ,3.260124637863154
2096,Oxford2021_base,Global,Oil&Gas,Gas,price,GJ,3.260124637863154
2096,Oxford2021_fast,Global,Coal,Coal,price,usd/tonne,61.79788901569117
2096,Oxford2021_base,Global,Coal,Coal,price,usd/tonne,61.79788901569117
2097,Oxford2021_fast,Global,Oil&Gas,Oil,price,GJ,9.118608046914384
2097,Oxford2021_base,Global,Oil&Gas,Oil,price,GJ,9.118608046914384
2097,Oxford2021_fast,Global,Oil&Gas,Gas,price,GJ,3.260147741531985
2097,Oxford2021_base,Global,Oil&Gas,Gas,price,GJ,3.260147741531985
2097,Oxford2021_fast,Global,Coal,Coal,price,usd/tonne,61.785480701507694
2097,Oxford2021_base,Global,Coal,Coal,price,usd/tonne,61.785480701507694
2098,Oxford2021_fast,Global,Oil&Gas,Oil,price,GJ,9.118163909381916
2098,Oxford2021_base,Global,Oil&Gas,Oil,price,GJ,9.118163909381916
2098,Oxford2021_fast,Global,Oil&Gas,Gas,price,GJ,3.2601708452008165
2098,Oxford2021_base,Global,Oil&Gas,Gas,price,GJ,3.2601708452008165
2098,Oxford2021_fast,Global,Coal,Coal,price,usd/tonne,61.77307238732422
2098,Oxford2021_base,Global,Coal,Coal,price,usd/tonne,61.77307238732422
2099,Oxford2021_fast,Global,Oil&Gas,Oil,price,GJ,9.11771977184945
2099,Oxford2021_base,Global,Oil&Gas,Oil,price,GJ,9.11771977184945
2099,Oxford2021_fast,Global,Oil&Gas,Gas,price,GJ,3.2601939488696474
2099,Oxford2021_base,Global,Oil&Gas,Gas,price,GJ,3.2601939488696474
2099,Oxford2021_fast,Global,Coal,Coal,price,usd/tonne,61.760664073140745
2099,Oxford2021_base,Global,Coal,Coal,price,usd/tonne,61.760664073140745
2100,Oxford2021_fast,Global,Oil&Gas,Oil,price,GJ,9.117275634316982
2100,Oxford2021_base,Global,Oil&Gas,Oil,price,GJ,9.117275634316982
2100,Oxford2021_fast,Global,Oil&Gas,Gas,price,GJ,3.2602170525384784
2100,Oxford2021_base,Global,Oil&Gas,Gas,price,GJ,3.2602170525384784
2100,Oxford2021_fast,Global,Coal,Coal,price,usd/tonne,61.74825575895727
2100,Oxford2021_base,Global,Coal,Coal,price,usd/tonne,61.74825575895727
2022,GECO2021_1.5C-Unif,Global,Automotive,Electric,price,dummy,1
2022,GECO2021_1.5C-Unif,Global,Automotive,FuelCell,price,dummy,1
2022,GECO2021_1.5C-Unif,Global,Automotive,Hybrid,price,dummy,1
2022,GECO2021_1.5C-Unif,Global,Automotive,ICE,price,dummy,1
2023,GECO2021_1.5C-Unif,Global,Automotive,Electric,price,dummy,1
2023,GECO2021_1.5C-Unif,Global,Automotive,FuelCell,price,dummy,1
2023,GECO2021_1.5C-Unif,Global,Automotive,Hybrid,price,dummy,1
2023,GECO2021_1.5C-Unif,Global,Automotive,ICE,price,dummy,1
2024,GECO2021_1.5C-Unif,Global,Automotive,Electric,price,dummy,1
2024,GECO2021_1.5C-Unif,Global,Automotive,FuelCell,price,dummy,1
2024,GECO2021_1.5C-Unif,Global,Automotive,Hybrid,price,dummy,1
2024,GECO2021_1.5C-Unif,Global,Automotive,ICE,price,dummy,1
2025,GECO2021_1.5C-Unif,Global,Automotive,Electric,price,dummy,1
2025,GECO2021_1.5C-Unif,Global,Automotive,FuelCell,price,dummy,1
2025,GECO2021_1.5C-Unif,Global,Automotive,Hybrid,price,dummy,1
2025,GECO2021_1.5C-Unif,Global,Automotive,ICE,price,dummy,1
2026,GECO2021_1.5C-Unif,Global,Automotive,Electric,price,dummy,1
2026,GECO2021_1.5C-Unif,Global,Automotive,FuelCell,price,dummy,1
2026,GECO2021_1.5C-Unif,Global,Automotive,Hybrid,price,dummy,1
2026,GECO2021_1.5C-Unif,Global,Automotive,ICE,price,dummy,1
2027,GECO2021_1.5C-Unif,Global,Automotive,Electric,price,dummy,1
2027,GECO2021_1.5C-Unif,Global,Automotive,FuelCell,price,dummy,1
2027,GECO2021_1.5C-Unif,Global,Automotive,Hybrid,price,dummy,1
2027,GECO2021_1.5C-Unif,Global,Automotive,ICE,price,dummy,1
2028,GECO2021_1.5C-Unif,Global,Automotive,Electric,price,dummy,1
2028,GECO2021_1.5C-Unif,Global,Automotive,FuelCell,price,dummy,1
2028,GECO2021_1.5C-Unif,Global,Automotive,Hybrid,price,dummy,1
2028,GECO2021_1.5C-Unif,Global,Automotive,ICE,price,dummy,1
2029,GECO2021_1.5C-Unif,Global,Automotive,Electric,price,dummy,1
2029,GECO2021_1.5C-Unif,Global,Automotive,FuelCell,price,dummy,1
2029,GECO2021_1.5C-Unif,Global,Automotive,Hybrid,price,dummy,1
2029,GECO2021_1.5C-Unif,Global,Automotive,ICE,price,dummy,1
2030,GECO2021_1.5C-Unif,Global,Automotive,Electric,price,dummy,1
2030,GECO2021_1.5C-Unif,Global,Automotive,FuelCell,price,dummy,1
2030,GECO2021_1.5C-Unif,Global,Automotive,Hybrid,price,dummy,1
2030,GECO2021_1.5C-Unif,Global,Automotive,ICE,price,dummy,1
2031,GECO2021_1.5C-Unif,Global,Automotive,Electric,price,dummy,1
2031,GECO2021_1.5C-Unif,Global,Automotive,FuelCell,price,dummy,1
2031,GECO2021_1.5C-Unif,Global,Automotive,Hybrid,price,dummy,1
2031,GECO2021_1.5C-Unif,Global,Automotive,ICE,price,dummy,1
2032,GECO2021_1.5C-Unif,Global,Automotive,Electric,price,dummy,1
2032,GECO2021_1.5C-Unif,Global,Automotive,FuelCell,price,dummy,1
2032,GECO2021_1.5C-Unif,Global,Automotive,Hybrid,price,dummy,1
2032,GECO2021_1.5C-Unif,Global,Automotive,ICE,price,dummy,1
2033,GECO2021_1.5C-Unif,Global,Automotive,Electric,price,dummy,1
2033,GECO2021_1.5C-Unif,Global,Automotive,FuelCell,price,dummy,1
2033,GECO2021_1.5C-Unif,Global,Automotive,Hybrid,price,dummy,1
2033,GECO2021_1.5C-Unif,Global,Automotive,ICE,price,dummy,1
2034,GECO2021_1.5C-Unif,Global,Automotive,Electric,price,dummy,1
2034,GECO2021_1.5C-Unif,Global,Automotive,FuelCell,price,dummy,1
2034,GECO2021_1.5C-Unif,Global,Automotive,Hybrid,price,dummy,1
2034,GECO2021_1.5C-Unif,Global,Automotive,ICE,price,dummy,1
2035,GECO2021_1.5C-Unif,Global,Automotive,Electric,price,dummy,1
2035,GECO2021_1.5C-Unif,Global,Automotive,FuelCell,price,dummy,1
2035,GECO2021_1.5C-Unif,Global,Automotive,Hybrid,price,dummy,1
2035,GECO2021_1.5C-Unif,Global,Automotive,ICE,price,dummy,1
2036,GECO2021_1.5C-Unif,Global,Automotive,Electric,price,dummy,1
2036,GECO2021_1.5C-Unif,Global,Automotive,FuelCell,price,dummy,1
2036,GECO2021_1.5C-Unif,Global,Automotive,Hybrid,price,dummy,1
2036,GECO2021_1.5C-Unif,Global,Automotive,ICE,price,dummy,1
2037,GECO2021_1.5C-Unif,Global,Automotive,Electric,price,dummy,1
2037,GECO2021_1.5C-Unif,Global,Automotive,FuelCell,price,dummy,1
2037,GECO2021_1.5C-Unif,Global,Automotive,Hybrid,price,dummy,1
2037,GECO2021_1.5C-Unif,Global,Automotive,ICE,price,dummy,1
2038,GECO2021_1.5C-Unif,Global,Automotive,Electric,price,dummy,1
2038,GECO2021_1.5C-Unif,Global,Automotive,FuelCell,price,dummy,1
2038,GECO2021_1.5C-Unif,Global,Automotive,Hybrid,price,dummy,1
2038,GECO2021_1.5C-Unif,Global,Automotive,ICE,price,dummy,1
2039,GECO2021_1.5C-Unif,Global,Automotive,Electric,price,dummy,1
2039,GECO2021_1.5C-Unif,Global,Automotive,FuelCell,price,dummy,1
2039,GECO2021_1.5C-Unif,Global,Automotive,Hybrid,price,dummy,1
2039,GECO2021_1.5C-Unif,Global,Automotive,ICE,price,dummy,1
2040,GECO2021_1.5C-Unif,Global,Automotive,Electric,price,dummy,1
2040,GECO2021_1.5C-Unif,Global,Automotive,FuelCell,price,dummy,1
2040,GECO2021_1.5C-Unif,Global,Automotive,Hybrid,price,dummy,1
2040,GECO2021_1.5C-Unif,Global,Automotive,ICE,price,dummy,1
2041,GECO2021_1.5C-Unif,Global,Automotive,Electric,price,dummy,1
2041,GECO2021_1.5C-Unif,Global,Automotive,FuelCell,price,dummy,1
2041,GECO2021_1.5C-Unif,Global,Automotive,Hybrid,price,dummy,1
2041,GECO2021_1.5C-Unif,Global,Automotive,ICE,price,dummy,1
2022,GECO2021_CurPol,Global,Automotive,Electric,price,dummy,1
2022,GECO2021_CurPol,Global,Automotive,FuelCell,price,dummy,1
2022,GECO2021_CurPol,Global,Automotive,Hybrid,price,dummy,1
2022,GECO2021_CurPol,Global,Automotive,ICE,price,dummy,1
2023,GECO2021_CurPol,Global,Automotive,Electric,price,dummy,1
2023,GECO2021_CurPol,Global,Automotive,FuelCell,price,dummy,1
2023,GECO2021_CurPol,Global,Automotive,Hybrid,price,dummy,1
2023,GECO2021_CurPol,Global,Automotive,ICE,price,dummy,1
2024,GECO2021_CurPol,Global,Automotive,Electric,price,dummy,1
2024,GECO2021_CurPol,Global,Automotive,FuelCell,price,dummy,1
2024,GECO2021_CurPol,Global,Automotive,Hybrid,price,dummy,1
2024,GECO2021_CurPol,Global,Automotive,ICE,price,dummy,1
2025,GECO2021_CurPol,Global,Automotive,Electric,price,dummy,1
2025,GECO2021_CurPol,Global,Automotive,FuelCell,price,dummy,1
2025,GECO2021_CurPol,Global,Automotive,Hybrid,price,dummy,1
2025,GECO2021_CurPol,Global,Automotive,ICE,price,dummy,1
2026,GECO2021_CurPol,Global,Automotive,Electric,price,dummy,1
2026,GECO2021_CurPol,Global,Automotive,FuelCell,price,dummy,1
2026,GECO2021_CurPol,Global,Automotive,Hybrid,price,dummy,1
2026,GECO2021_CurPol,Global,Automotive,ICE,price,dummy,1
2027,GECO2021_CurPol,Global,Automotive,Electric,price,dummy,1
2027,GECO2021_CurPol,Global,Automotive,FuelCell,price,dummy,1
2027,GECO2021_CurPol,Global,Automotive,Hybrid,price,dummy,1
2027,GECO2021_CurPol,Global,Automotive,ICE,price,dummy,1
2028,GECO2021_CurPol,Global,Automotive,Electric,price,dummy,1
2028,GECO2021_CurPol,Global,Automotive,FuelCell,price,dummy,1
2028,GECO2021_CurPol,Global,Automotive,Hybrid,price,dummy,1
2028,GECO2021_CurPol,Global,Automotive,ICE,price,dummy,1
2029,GECO2021_CurPol,Global,Automotive,Electric,price,dummy,1
2029,GECO2021_CurPol,Global,Automotive,FuelCell,price,dummy,1
2029,GECO2021_CurPol,Global,Automotive,Hybrid,price,dummy,1
2029,GECO2021_CurPol,Global,Automotive,ICE,price,dummy,1
2030,GECO2021_CurPol,Global,Automotive,Electric,price,dummy,1
2030,GECO2021_CurPol,Global,Automotive,FuelCell,price,dummy,1
2030,GECO2021_CurPol,Global,Automotive,Hybrid,price,dummy,1
2030,GECO2021_CurPol,Global,Automotive,ICE,price,dummy,1
2031,GECO2021_CurPol,Global,Automotive,Electric,price,dummy,1
2031,GECO2021_CurPol,Global,Automotive,FuelCell,price,dummy,1
2031,GECO2021_CurPol,Global,Automotive,Hybrid,price,dummy,1
2031,GECO2021_CurPol,Global,Automotive,ICE,price,dummy,1
2032,GECO2021_CurPol,Global,Automotive,Electric,price,dummy,1
2032,GECO2021_CurPol,Global,Automotive,FuelCell,price,dummy,1
2032,GECO2021_CurPol,Global,Automotive,Hybrid,price,dummy,1
2032,GECO2021_CurPol,Global,Automotive,ICE,price,dummy,1
2033,GECO2021_CurPol,Global,Automotive,Electric,price,dummy,1
2033,GECO2021_CurPol,Global,Automotive,FuelCell,price,dummy,1
2033,GECO2021_CurPol,Global,Automotive,Hybrid,price,dummy,1
2033,GECO2021_CurPol,Global,Automotive,ICE,price,dummy,1
2034,GECO2021_CurPol,Global,Automotive,Electric,price,dummy,1
2034,GECO2021_CurPol,Global,Automotive,FuelCell,price,dummy,1
2034,GECO2021_CurPol,Global,Automotive,Hybrid,price,dummy,1
2034,GECO2021_CurPol,Global,Automotive,ICE,price,dummy,1
2035,GECO2021_CurPol,Global,Automotive,Electric,price,dummy,1
2035,GECO2021_CurPol,Global,Automotive,FuelCell,price,dummy,1
2035,GECO2021_CurPol,Global,Automotive,Hybrid,price,dummy,1
2035,GECO2021_CurPol,Global,Automotive,ICE,price,dummy,1
2036,GECO2021_CurPol,Global,Automotive,Electric,price,dummy,1
2036,GECO2021_CurPol,Global,Automotive,FuelCell,price,dummy,1
2036,GECO2021_CurPol,Global,Automotive,Hybrid,price,dummy,1
2036,GECO2021_CurPol,Global,Automotive,ICE,price,dummy,1
2037,GECO2021_CurPol,Global,Automotive,Electric,price,dummy,1
2037,GECO2021_CurPol,Global,Automotive,FuelCell,price,dummy,1
2037,GECO2021_CurPol,Global,Automotive,Hybrid,price,dummy,1
2037,GECO2021_CurPol,Global,Automotive,ICE,price,dummy,1
2038,GECO2021_CurPol,Global,Automotive,Electric,price,dummy,1
2038,GECO2021_CurPol,Global,Automotive,FuelCell,price,dummy,1
2038,GECO2021_CurPol,Global,Automotive,Hybrid,price,dummy,1
2038,GECO2021_CurPol,Global,Automotive,ICE,price,dummy,1
2039,GECO2021_CurPol,Global,Automotive,Electric,price,dummy,1
2039,GECO2021_CurPol,Global,Automotive,FuelCell,price,dummy,1
2039,GECO2021_CurPol,Global,Automotive,Hybrid,price,dummy,1
2039,GECO2021_CurPol,Global,Automotive,ICE,price,dummy,1
2040,GECO2021_CurPol,Global,Automotive,Electric,price,dummy,1
2040,GECO2021_CurPol,Global,Automotive,FuelCell,price,dummy,1
2040,GECO2021_CurPol,Global,Automotive,Hybrid,price,dummy,1
2040,GECO2021_CurPol,Global,Automotive,ICE,price,dummy,1
2041,GECO2021_CurPol,Global,Automotive,Electric,price,dummy,1
2041,GECO2021_CurPol,Global,Automotive,FuelCell,price,dummy,1
2041,GECO2021_CurPol,Global,Automotive,Hybrid,price,dummy,1
2041,GECO2021_CurPol,Global,Automotive,ICE,price,dummy,1
2022,GECO2021_NDC-LTS,Global,Automotive,Electric,price,dummy,1
2022,GECO2021_NDC-LTS,Global,Automotive,FuelCell,price,dummy,1
2022,GECO2021_NDC-LTS,Global,Automotive,Hybrid,price,dummy,1
2022,GECO2021_NDC-LTS,Global,Automotive,ICE,price,dummy,1
2023,GECO2021_NDC-LTS,Global,Automotive,Electric,price,dummy,1
2023,GECO2021_NDC-LTS,Global,Automotive,FuelCell,price,dummy,1
2023,GECO2021_NDC-LTS,Global,Automotive,Hybrid,price,dummy,1
2023,GECO2021_NDC-LTS,Global,Automotive,ICE,price,dummy,1
2024,GECO2021_NDC-LTS,Global,Automotive,Electric,price,dummy,1
2024,GECO2021_NDC-LTS,Global,Automotive,FuelCell,price,dummy,1
2024,GECO2021_NDC-LTS,Global,Automotive,Hybrid,price,dummy,1
2024,GECO2021_NDC-LTS,Global,Automotive,ICE,price,dummy,1
2025,GECO2021_NDC-LTS,Global,Automotive,Electric,price,dummy,1
2025,GECO2021_NDC-LTS,Global,Automotive,FuelCell,price,dummy,1
2025,GECO2021_NDC-LTS,Global,Automotive,Hybrid,price,dummy,1
2025,GECO2021_NDC-LTS,Global,Automotive,ICE,price,dummy,1
2026,GECO2021_NDC-LTS,Global,Automotive,Electric,price,dummy,1
2026,GECO2021_NDC-LTS,Global,Automotive,FuelCell,price,dummy,1
2026,GECO2021_NDC-LTS,Global,Automotive,Hybrid,price,dummy,1
2026,GECO2021_NDC-LTS,Global,Automotive,ICE,price,dummy,1
2027,GECO2021_NDC-LTS,Global,Automotive,Electric,price,dummy,1
2027,GECO2021_NDC-LTS,Global,Automotive,FuelCell,price,dummy,1
2027,GECO2021_NDC-LTS,Global,Automotive,Hybrid,price,dummy,1
2027,GECO2021_NDC-LTS,Global,Automotive,ICE,price,dummy,1
2028,GECO2021_NDC-LTS,Global,Automotive,Electric,price,dummy,1
2028,GECO2021_NDC-LTS,Global,Automotive,FuelCell,price,dummy,1
2028,GECO2021_NDC-LTS,Global,Automotive,Hybrid,price,dummy,1
2028,GECO2021_NDC-LTS,Global,Automotive,ICE,price,dummy,1
2029,GECO2021_NDC-LTS,Global,Automotive,Electric,price,dummy,1
2029,GECO2021_NDC-LTS,Global,Automotive,FuelCell,price,dummy,1
2029,GECO2021_NDC-LTS,Global,Automotive,Hybrid,price,dummy,1
2029,GECO2021_NDC-LTS,Global,Automotive,ICE,price,dummy,1
2030,GECO2021_NDC-LTS,Global,Automotive,Electric,price,dummy,1
2030,GECO2021_NDC-LTS,Global,Automotive,FuelCell,price,dummy,1
2030,GECO2021_NDC-LTS,Global,Automotive,Hybrid,price,dummy,1
2030,GECO2021_NDC-LTS,Global,Automotive,ICE,price,dummy,1
2031,GECO2021_NDC-LTS,Global,Automotive,Electric,price,dummy,1
2031,GECO2021_NDC-LTS,Global,Automotive,FuelCell,price,dummy,1
2031,GECO2021_NDC-LTS,Global,Automotive,Hybrid,price,dummy,1
2031,GECO2021_NDC-LTS,Global,Automotive,ICE,price,dummy,1
2032,GECO2021_NDC-LTS,Global,Automotive,Electric,price,dummy,1
2032,GECO2021_NDC-LTS,Global,Automotive,FuelCell,price,dummy,1
2032,GECO2021_NDC-LTS,Global,Automotive,Hybrid,price,dummy,1
2032,GECO2021_NDC-LTS,Global,Automotive,ICE,price,dummy,1
2033,GECO2021_NDC-LTS,Global,Automotive,Electric,price,dummy,1
2033,GECO2021_NDC-LTS,Global,Automotive,FuelCell,price,dummy,1
2033,GECO2021_NDC-LTS,Global,Automotive,Hybrid,price,dummy,1
2033,GECO2021_NDC-LTS,Global,Automotive,ICE,price,dummy,1
2034,GECO2021_NDC-LTS,Global,Automotive,Electric,price,dummy,1
2034,GECO2021_NDC-LTS,Global,Automotive,FuelCell,price,dummy,1
2034,GECO2021_NDC-LTS,Global,Automotive,Hybrid,price,dummy,1
2034,GECO2021_NDC-LTS,Global,Automotive,ICE,price,dummy,1
2035,GECO2021_NDC-LTS,Global,Automotive,Electric,price,dummy,1
2035,GECO2021_NDC-LTS,Global,Automotive,FuelCell,price,dummy,1
2035,GECO2021_NDC-LTS,Global,Automotive,Hybrid,price,dummy,1
2035,GECO2021_NDC-LTS,Global,Automotive,ICE,price,dummy,1
2036,GECO2021_NDC-LTS,Global,Automotive,Electric,price,dummy,1
2036,GECO2021_NDC-LTS,Global,Automotive,FuelCell,price,dummy,1
2036,GECO2021_NDC-LTS,Global,Automotive,Hybrid,price,dummy,1
2036,GECO2021_NDC-LTS,Global,Automotive,ICE,price,dummy,1
2037,GECO2021_NDC-LTS,Global,Automotive,Electric,price,dummy,1
2037,GECO2021_NDC-LTS,Global,Automotive,FuelCell,price,dummy,1
2037,GECO2021_NDC-LTS,Global,Automotive,Hybrid,price,dummy,1
2037,GECO2021_NDC-LTS,Global,Automotive,ICE,price,dummy,1
2038,GECO2021_NDC-LTS,Global,Automotive,Electric,price,dummy,1
2038,GECO2021_NDC-LTS,Global,Automotive,FuelCell,price,dummy,1
2038,GECO2021_NDC-LTS,Global,Automotive,Hybrid,price,dummy,1
2038,GECO2021_NDC-LTS,Global,Automotive,ICE,price,dummy,1
2039,GECO2021_NDC-LTS,Global,Automotive,Electric,price,dummy,1
2039,GECO2021_NDC-LTS,Global,Automotive,FuelCell,price,dummy,1
2039,GECO2021_NDC-LTS,Global,Automotive,Hybrid,price,dummy,1
2039,GECO2021_NDC-LTS,Global,Automotive,ICE,price,dummy,1
2040,GECO2021_NDC-LTS,Global,Automotive,Electric,price,dummy,1
2040,GECO2021_NDC-LTS,Global,Automotive,FuelCell,price,dummy,1
2040,GECO2021_NDC-LTS,Global,Automotive,Hybrid,price,dummy,1
2040,GECO2021_NDC-LTS,Global,Automotive,ICE,price,dummy,1
2041,GECO2021_NDC-LTS,Global,Automotive,Electric,price,dummy,1
2041,GECO2021_NDC-LTS,Global,Automotive,FuelCell,price,dummy,1
2041,GECO2021_NDC-LTS,Global,Automotive,Hybrid,price,dummy,1
2041,GECO2021_NDC-LTS,Global,Automotive,ICE,price,dummy,1
2022,IPR2023Automotive_FPS,Global,Automotive,Electric,price,dummy,1
2022,IPR2023Automotive_FPS,Global,Automotive,FuelCell,price,dummy,1
2022,IPR2023Automotive_FPS,Global,Automotive,Hybrid,price,dummy,1
2022,IPR2023Automotive_FPS,Global,Automotive,ICE,price,dummy,1
2023,IPR2023Automotive_FPS,Global,Automotive,Electric,price,dummy,1
2023,IPR2023Automotive_FPS,Global,Automotive,FuelCell,price,dummy,1
2023,IPR2023Automotive_FPS,Global,Automotive,Hybrid,price,dummy,1
2023,IPR2023Automotive_FPS,Global,Automotive,ICE,price,dummy,1
2024,IPR2023Automotive_FPS,Global,Automotive,Electric,price,dummy,1
2024,IPR2023Automotive_FPS,Global,Automotive,FuelCell,price,dummy,1
2024,IPR2023Automotive_FPS,Global,Automotive,Hybrid,price,dummy,1
2024,IPR2023Automotive_FPS,Global,Automotive,ICE,price,dummy,1
2025,IPR2023Automotive_FPS,Global,Automotive,Electric,price,dummy,1
2025,IPR2023Automotive_FPS,Global,Automotive,FuelCell,price,dummy,1
2025,IPR2023Automotive_FPS,Global,Automotive,Hybrid,price,dummy,1
2025,IPR2023Automotive_FPS,Global,Automotive,ICE,price,dummy,1
2026,IPR2023Automotive_FPS,Global,Automotive,Electric,price,dummy,1
2026,IPR2023Automotive_FPS,Global,Automotive,FuelCell,price,dummy,1
2026,IPR2023Automotive_FPS,Global,Automotive,Hybrid,price,dummy,1
2026,IPR2023Automotive_FPS,Global,Automotive,ICE,price,dummy,1
2027,IPR2023Automotive_FPS,Global,Automotive,Electric,price,dummy,1
2027,IPR2023Automotive_FPS,Global,Automotive,FuelCell,price,dummy,1
2027,IPR2023Automotive_FPS,Global,Automotive,Hybrid,price,dummy,1
2027,IPR2023Automotive_FPS,Global,Automotive,ICE,price,dummy,1
2028,IPR2023Automotive_FPS,Global,Automotive,Electric,price,dummy,1
2028,IPR2023Automotive_FPS,Global,Automotive,FuelCell,price,dummy,1
2028,IPR2023Automotive_FPS,Global,Automotive,Hybrid,price,dummy,1
2028,IPR2023Automotive_FPS,Global,Automotive,ICE,price,dummy,1
2029,IPR2023Automotive_FPS,Global,Automotive,Electric,price,dummy,1
2029,IPR2023Automotive_FPS,Global,Automotive,FuelCell,price,dummy,1
2029,IPR2023Automotive_FPS,Global,Automotive,Hybrid,price,dummy,1
2029,IPR2023Automotive_FPS,Global,Automotive,ICE,price,dummy,1
2030,IPR2023Automotive_FPS,Global,Automotive,Electric,price,dummy,1
2030,IPR2023Automotive_FPS,Global,Automotive,FuelCell,price,dummy,1
2030,IPR2023Automotive_FPS,Global,Automotive,Hybrid,price,dummy,1
2030,IPR2023Automotive_FPS,Global,Automotive,ICE,price,dummy,1
2031,IPR2023Automotive_FPS,Global,Automotive,Electric,price,dummy,1
2031,IPR2023Automotive_FPS,Global,Automotive,FuelCell,price,dummy,1
2031,IPR2023Automotive_FPS,Global,Automotive,Hybrid,price,dummy,1
2031,IPR2023Automotive_FPS,Global,Automotive,ICE,price,dummy,1
2032,IPR2023Automotive_FPS,Global,Automotive,Electric,price,dummy,1
2032,IPR2023Automotive_FPS,Global,Automotive,FuelCell,price,dummy,1
2032,IPR2023Automotive_FPS,Global,Automotive,Hybrid,price,dummy,1
2032,IPR2023Automotive_FPS,Global,Automotive,ICE,price,dummy,1
2033,IPR2023Automotive_FPS,Global,Automotive,Electric,price,dummy,1
2033,IPR2023Automotive_FPS,Global,Automotive,FuelCell,price,dummy,1
2033,IPR2023Automotive_FPS,Global,Automotive,Hybrid,price,dummy,1
2033,IPR2023Automotive_FPS,Global,Automotive,ICE,price,dummy,1
2034,IPR2023Automotive_FPS,Global,Automotive,Electric,price,dummy,1
2034,IPR2023Automotive_FPS,Global,Automotive,FuelCell,price,dummy,1
2034,IPR2023Automotive_FPS,Global,Automotive,Hybrid,price,dummy,1
2034,IPR2023Automotive_FPS,Global,Automotive,ICE,price,dummy,1
2035,IPR2023Automotive_FPS,Global,Automotive,Electric,price,dummy,1
2035,IPR2023Automotive_FPS,Global,Automotive,FuelCell,price,dummy,1
2035,IPR2023Automotive_FPS,Global,Automotive,Hybrid,price,dummy,1
2035,IPR2023Automotive_FPS,Global,Automotive,ICE,price,dummy,1
2036,IPR2023Automotive_FPS,Global,Automotive,Electric,price,dummy,1
2036,IPR2023Automotive_FPS,Global,Automotive,FuelCell,price,dummy,1
2036,IPR2023Automotive_FPS,Global,Automotive,Hybrid,price,dummy,1
2036,IPR2023Automotive_FPS,Global,Automotive,ICE,price,dummy,1
2037,IPR2023Automotive_FPS,Global,Automotive,Electric,price,dummy,1
2037,IPR2023Automotive_FPS,Global,Automotive,FuelCell,price,dummy,1
2037,IPR2023Automotive_FPS,Global,Automotive,Hybrid,price,dummy,1
2037,IPR2023Automotive_FPS,Global,Automotive,ICE,price,dummy,1
2038,IPR2023Automotive_FPS,Global,Automotive,Electric,price,dummy,1
2038,IPR2023Automotive_FPS,Global,Automotive,FuelCell,price,dummy,1
2038,IPR2023Automotive_FPS,Global,Automotive,Hybrid,price,dummy,1
2038,IPR2023Automotive_FPS,Global,Automotive,ICE,price,dummy,1
2039,IPR2023Automotive_FPS,Global,Automotive,Electric,price,dummy,1
2039,IPR2023Automotive_FPS,Global,Automotive,FuelCell,price,dummy,1
2039,IPR2023Automotive_FPS,Global,Automotive,Hybrid,price,dummy,1
2039,IPR2023Automotive_FPS,Global,Automotive,ICE,price,dummy,1
2040,IPR2023Automotive_FPS,Global,Automotive,Electric,price,dummy,1
2040,IPR2023Automotive_FPS,Global,Automotive,FuelCell,price,dummy,1
2040,IPR2023Automotive_FPS,Global,Automotive,Hybrid,price,dummy,1
2040,IPR2023Automotive_FPS,Global,Automotive,ICE,price,dummy,1
2041,IPR2023Automotive_FPS,Global,Automotive,Electric,price,dummy,1
2041,IPR2023Automotive_FPS,Global,Automotive,FuelCell,price,dummy,1
2041,IPR2023Automotive_FPS,Global,Automotive,Hybrid,price,dummy,1
2041,IPR2023Automotive_FPS,Global,Automotive,ICE,price,dummy,1
2022,IPR2023Automotive_baseline,Global,Automotive,Electric,price,dummy,1
2022,IPR2023Automotive_baseline,Global,Automotive,FuelCell,price,dummy,1
2022,IPR2023Automotive_baseline,Global,Automotive,Hybrid,price,dummy,1
2022,IPR2023Automotive_baseline,Global,Automotive,ICE,price,dummy,1
2023,IPR2023Automotive_baseline,Global,Automotive,Electric,price,dummy,1
2023,IPR2023Automotive_baseline,Global,Automotive,FuelCell,price,dummy,1
2023,IPR2023Automotive_baseline,Global,Automotive,Hybrid,price,dummy,1
2023,IPR2023Automotive_baseline,Global,Automotive,ICE,price,dummy,1
2024,IPR2023Automotive_baseline,Global,Automotive,Electric,price,dummy,1
2024,IPR2023Automotive_baseline,Global,Automotive,FuelCell,price,dummy,1
2024,IPR2023Automotive_baseline,Global,Automotive,Hybrid,price,dummy,1
2024,IPR2023Automotive_baseline,Global,Automotive,ICE,price,dummy,1
2025,IPR2023Automotive_baseline,Global,Automotive,Electric,price,dummy,1
2025,IPR2023Automotive_baseline,Global,Automotive,FuelCell,price,dummy,1
2025,IPR2023Automotive_baseline,Global,Automotive,Hybrid,price,dummy,1
2025,IPR2023Automotive_baseline,Global,Automotive,ICE,price,dummy,1
2026,IPR2023Automotive_baseline,Global,Automotive,Electric,price,dummy,1
2026,IPR2023Automotive_baseline,Global,Automotive,FuelCell,price,dummy,1
2026,IPR2023Automotive_baseline,Global,Automotive,Hybrid,price,dummy,1
2026,IPR2023Automotive_baseline,Global,Automotive,ICE,price,dummy,1
2027,IPR2023Automotive_baseline,Global,Automotive,Electric,price,dummy,1
2027,IPR2023Automotive_baseline,Global,Automotive,FuelCell,price,dummy,1
2027,IPR2023Automotive_baseline,Global,Automotive,Hybrid,price,dummy,1
2027,IPR2023Automotive_baseline,Global,Automotive,ICE,price,dummy,1
2028,IPR2023Automotive_baseline,Global,Automotive,Electric,price,dummy,1
2028,IPR2023Automotive_baseline,Global,Automotive,FuelCell,price,dummy,1
2028,IPR2023Automotive_baseline,Global,Automotive,Hybrid,price,dummy,1
2028,IPR2023Automotive_baseline,Global,Automotive,ICE,price,dummy,1
2029,IPR2023Automotive_baseline,Global,Automotive,Electric,price,dummy,1
2029,IPR2023Automotive_baseline,Global,Automotive,FuelCell,price,dummy,1
2029,IPR2023Automotive_baseline,Global,Automotive,Hybrid,price,dummy,1
2029,IPR2023Automotive_baseline,Global,Automotive,ICE,price,dummy,1
2030,IPR2023Automotive_baseline,Global,Automotive,Electric,price,dummy,1
2030,IPR2023Automotive_baseline,Global,Automotive,FuelCell,price,dummy,1
2030,IPR2023Automotive_baseline,Global,Automotive,Hybrid,price,dummy,1
2030,IPR2023Automotive_baseline,Global,Automotive,ICE,price,dummy,1
2031,IPR2023Automotive_baseline,Global,Automotive,Electric,price,dummy,1
2031,IPR2023Automotive_baseline,Global,Automotive,FuelCell,price,dummy,1
2031,IPR2023Automotive_baseline,Global,Automotive,Hybrid,price,dummy,1
2031,IPR2023Automotive_baseline,Global,Automotive,ICE,price,dummy,1
2032,IPR2023Automotive_baseline,Global,Automotive,Electric,price,dummy,1
2032,IPR2023Automotive_baseline,Global,Automotive,FuelCell,price,dummy,1
2032,IPR2023Automotive_baseline,Global,Automotive,Hybrid,price,dummy,1
2032,IPR2023Automotive_baseline,Global,Automotive,ICE,price,dummy,1
2033,IPR2023Automotive_baseline,Global,Automotive,Electric,price,dummy,1
2033,IPR2023Automotive_baseline,Global,Automotive,FuelCell,price,dummy,1
2033,IPR2023Automotive_baseline,Global,Automotive,Hybrid,price,dummy,1
2033,IPR2023Automotive_baseline,Global,Automotive,ICE,price,dummy,1
2034,IPR2023Automotive_baseline,Global,Automotive,Electric,price,dummy,1
2034,IPR2023Automotive_baseline,Global,Automotive,FuelCell,price,dummy,1
2034,IPR2023Automotive_baseline,Global,Automotive,Hybrid,price,dummy,1
2034,IPR2023Automotive_baseline,Global,Automotive,ICE,price,dummy,1
2035,IPR2023Automotive_baseline,Global,Automotive,Electric,price,dummy,1
2035,IPR2023Automotive_baseline,Global,Automotive,FuelCell,price,dummy,1
2035,IPR2023Automotive_baseline,Global,Automotive,Hybrid,price,dummy,1
2035,IPR2023Automotive_baseline,Global,Automotive,ICE,price,dummy,1
2036,IPR2023Automotive_baseline,Global,Automotive,Electric,price,dummy,1
2036,IPR2023Automotive_baseline,Global,Automotive,FuelCell,price,dummy,1
2036,IPR2023Automotive_baseline,Global,Automotive,Hybrid,price,dummy,1
2036,IPR2023Automotive_baseline,Global,Automotive,ICE,price,dummy,1
2037,IPR2023Automotive_baseline,Global,Automotive,Electric,price,dummy,1
2037,IPR2023Automotive_baseline,Global,Automotive,FuelCell,price,dummy,1
2037,IPR2023Automotive_baseline,Global,Automotive,Hybrid,price,dummy,1
2037,IPR2023Automotive_baseline,Global,Automotive,ICE,price,dummy,1
2038,IPR2023Automotive_baseline,Global,Automotive,Electric,price,dummy,1
2038,IPR2023Automotive_baseline,Global,Automotive,FuelCell,price,dummy,1
2038,IPR2023Automotive_baseline,Global,Automotive,Hybrid,price,dummy,1
2038,IPR2023Automotive_baseline,Global,Automotive,ICE,price,dummy,1
2039,IPR2023Automotive_baseline,Global,Automotive,Electric,price,dummy,1
2039,IPR2023Automotive_baseline,Global,Automotive,FuelCell,price,dummy,1
2039,IPR2023Automotive_baseline,Global,Automotive,Hybrid,price,dummy,1
2039,IPR2023Automotive_baseline,Global,Automotive,ICE,price,dummy,1
2040,IPR2023Automotive_baseline,Global,Automotive,Electric,price,dummy,1
2040,IPR2023Automotive_baseline,Global,Automotive,FuelCell,price,dummy,1
2040,IPR2023Automotive_baseline,Global,Automotive,Hybrid,price,dummy,1
2040,IPR2023Automotive_baseline,Global,Automotive,ICE,price,dummy,1
2041,IPR2023Automotive_baseline,Global,Automotive,Electric,price,dummy,1
2041,IPR2023Automotive_baseline,Global,Automotive,FuelCell,price,dummy,1
2041,IPR2023Automotive_baseline,Global,Automotive,Hybrid,price,dummy,1
2041,IPR2023Automotive_baseline,Global,Automotive,ICE,price,dummy,1
2022,GECO2023_1.5C,Global,Automotive,Electric,price,dummy,1
2022,GECO2023_1.5C,Global,Automotive,FuelCell,price,dummy,1
2022,GECO2023_1.5C,Global,Automotive,Hybrid,price,dummy,1
2022,GECO2023_1.5C,Global,Automotive,ICE,price,dummy,1
2023,GECO2023_1.5C,Global,Automotive,Electric,price,dummy,1
2023,GECO2023_1.5C,Global,Automotive,FuelCell,price,dummy,1
2023,GECO2023_1.5C,Global,Automotive,Hybrid,price,dummy,1
2023,GECO2023_1.5C,Global,Automotive,ICE,price,dummy,1
2024,GECO2023_1.5C,Global,Automotive,Electric,price,dummy,1
2024,GECO2023_1.5C,Global,Automotive,FuelCell,price,dummy,1
2024,GECO2023_1.5C,Global,Automotive,Hybrid,price,dummy,1
2024,GECO2023_1.5C,Global,Automotive,ICE,price,dummy,1
2025,GECO2023_1.5C,Global,Automotive,Electric,price,dummy,1
2025,GECO2023_1.5C,Global,Automotive,FuelCell,price,dummy,1
2025,GECO2023_1.5C,Global,Automotive,Hybrid,price,dummy,1
2025,GECO2023_1.5C,Global,Automotive,ICE,price,dummy,1
2026,GECO2023_1.5C,Global,Automotive,Electric,price,dummy,1
2026,GECO2023_1.5C,Global,Automotive,FuelCell,price,dummy,1
2026,GECO2023_1.5C,Global,Automotive,Hybrid,price,dummy,1
2026,GECO2023_1.5C,Global,Automotive,ICE,price,dummy,1
2027,GECO2023_1.5C,Global,Automotive,Electric,price,dummy,1
2027,GECO2023_1.5C,Global,Automotive,FuelCell,price,dummy,1
2027,GECO2023_1.5C,Global,Automotive,Hybrid,price,dummy,1
2027,GECO2023_1.5C,Global,Automotive,ICE,price,dummy,1
2028,GECO2023_1.5C,Global,Automotive,Electric,price,dummy,1
2028,GECO2023_1.5C,Global,Automotive,FuelCell,price,dummy,1
2028,GECO2023_1.5C,Global,Automotive,Hybrid,price,dummy,1
2028,GECO2023_1.5C,Global,Automotive,ICE,price,dummy,1
2029,GECO2023_1.5C,Global,Automotive,Electric,price,dummy,1
2029,GECO2023_1.5C,Global,Automotive,FuelCell,price,dummy,1
2029,GECO2023_1.5C,Global,Automotive,Hybrid,price,dummy,1
2029,GECO2023_1.5C,Global,Automotive,ICE,price,dummy,1
2030,GECO2023_1.5C,Global,Automotive,Electric,price,dummy,1
2030,GECO2023_1.5C,Global,Automotive,FuelCell,price,dummy,1
2030,GECO2023_1.5C,Global,Automotive,Hybrid,price,dummy,1
2030,GECO2023_1.5C,Global,Automotive,ICE,price,dummy,1
2031,GECO2023_1.5C,Global,Automotive,Electric,price,dummy,1
2031,GECO2023_1.5C,Global,Automotive,FuelCell,price,dummy,1
2031,GECO2023_1.5C,Global,Automotive,Hybrid,price,dummy,1
2031,GECO2023_1.5C,Global,Automotive,ICE,price,dummy,1
2032,GECO2023_1.5C,Global,Automotive,Electric,price,dummy,1
2032,GECO2023_1.5C,Global,Automotive,FuelCell,price,dummy,1
2032,GECO2023_1.5C,Global,Automotive,Hybrid,price,dummy,1
2032,GECO2023_1.5C,Global,Automotive,ICE,price,dummy,1
2033,GECO2023_1.5C,Global,Automotive,Electric,price,dummy,1
2033,GECO2023_1.5C,Global,Automotive,FuelCell,price,dummy,1
2033,GECO2023_1.5C,Global,Automotive,Hybrid,price,dummy,1
2033,GECO2023_1.5C,Global,Automotive,ICE,price,dummy,1
2034,GECO2023_1.5C,Global,Automotive,Electric,price,dummy,1
2034,GECO2023_1.5C,Global,Automotive,FuelCell,price,dummy,1
2034,GECO2023_1.5C,Global,Automotive,Hybrid,price,dummy,1
2034,GECO2023_1.5C,Global,Automotive,ICE,price,dummy,1
2035,GECO2023_1.5C,Global,Automotive,Electric,price,dummy,1
2035,GECO2023_1.5C,Global,Automotive,FuelCell,price,dummy,1
2035,GECO2023_1.5C,Global,Automotive,Hybrid,price,dummy,1
2035,GECO2023_1.5C,Global,Automotive,ICE,price,dummy,1
2036,GECO2023_1.5C,Global,Automotive,Electric,price,dummy,1
2036,GECO2023_1.5C,Global,Automotive,FuelCell,price,dummy,1
2036,GECO2023_1.5C,Global,Automotive,Hybrid,price,dummy,1
2036,GECO2023_1.5C,Global,Automotive,ICE,price,dummy,1
2037,GECO2023_1.5C,Global,Automotive,Electric,price,dummy,1
2037,GECO2023_1.5C,Global,Automotive,FuelCell,price,dummy,1
2037,GECO2023_1.5C,Global,Automotive,Hybrid,price,dummy,1
2037,GECO2023_1.5C,Global,Automotive,ICE,price,dummy,1
2038,GECO2023_1.5C,Global,Automotive,Electric,price,dummy,1
2038,GECO2023_1.5C,Global,Automotive,FuelCell,price,dummy,1
2038,GECO2023_1.5C,Global,Automotive,Hybrid,price,dummy,1
2038,GECO2023_1.5C,Global,Automotive,ICE,price,dummy,1
2039,GECO2023_1.5C,Global,Automotive,Electric,price,dummy,1
2039,GECO2023_1.5C,Global,Automotive,FuelCell,price,dummy,1
2039,GECO2023_1.5C,Global,Automotive,Hybrid,price,dummy,1
2039,GECO2023_1.5C,Global,Automotive,ICE,price,dummy,1
2040,GECO2023_1.5C,Global,Automotive,Electric,price,dummy,1
2040,GECO2023_1.5C,Global,Automotive,FuelCell,price,dummy,1
2040,GECO2023_1.5C,Global,Automotive,Hybrid,price,dummy,1
2040,GECO2023_1.5C,Global,Automotive,ICE,price,dummy,1
2041,GECO2023_1.5C,Global,Automotive,Electric,price,dummy,1
2041,GECO2023_1.5C,Global,Automotive,FuelCell,price,dummy,1
2041,GECO2023_1.5C,Global,Automotive,Hybrid,price,dummy,1
2041,GECO2023_1.5C,Global,Automotive,ICE,price,dummy,1
2042,GECO2023_1.5C,Global,Automotive,Electric,price,dummy,1
2042,GECO2023_1.5C,Global,Automotive,FuelCell,price,dummy,1
2042,GECO2023_1.5C,Global,Automotive,Hybrid,price,dummy,1
2042,GECO2023_1.5C,Global,Automotive,ICE,price,dummy,1
2043,GECO2023_1.5C,Global,Automotive,Electric,price,dummy,1
2043,GECO2023_1.5C,Global,Automotive,FuelCell,price,dummy,1
2043,GECO2023_1.5C,Global,Automotive,Hybrid,price,dummy,1
2043,GECO2023_1.5C,Global,Automotive,ICE,price,dummy,1
2044,GECO2023_1.5C,Global,Automotive,Electric,price,dummy,1
2044,GECO2023_1.5C,Global,Automotive,FuelCell,price,dummy,1
2044,GECO2023_1.5C,Global,Automotive,Hybrid,price,dummy,1
2044,GECO2023_1.5C,Global,Automotive,ICE,price,dummy,1
2045,GECO2023_1.5C,Global,Automotive,Electric,price,dummy,1
2045,GECO2023_1.5C,Global,Automotive,FuelCell,price,dummy,1
2045,GECO2023_1.5C,Global,Automotive,Hybrid,price,dummy,1
2045,GECO2023_1.5C,Global,Automotive,ICE,price,dummy,1
2046,GECO2023_1.5C,Global,Automotive,Electric,price,dummy,1
2046,GECO2023_1.5C,Global,Automotive,FuelCell,price,dummy,1
2046,GECO2023_1.5C,Global,Automotive,Hybrid,price,dummy,1
2046,GECO2023_1.5C,Global,Automotive,ICE,price,dummy,1
2047,GECO2023_1.5C,Global,Automotive,Electric,price,dummy,1
2047,GECO2023_1.5C,Global,Automotive,FuelCell,price,dummy,1
2047,GECO2023_1.5C,Global,Automotive,Hybrid,price,dummy,1
2047,GECO2023_1.5C,Global,Automotive,ICE,price,dummy,1
2048,GECO2023_1.5C,Global,Automotive,Electric,price,dummy,1
2048,GECO2023_1.5C,Global,Automotive,FuelCell,price,dummy,1
2048,GECO2023_1.5C,Global,Automotive,Hybrid,price,dummy,1
2048,GECO2023_1.5C,Global,Automotive,ICE,price,dummy,1
2049,GECO2023_1.5C,Global,Automotive,Electric,price,dummy,1
2049,GECO2023_1.5C,Global,Automotive,FuelCell,price,dummy,1
2049,GECO2023_1.5C,Global,Automotive,Hybrid,price,dummy,1
2049,GECO2023_1.5C,Global,Automotive,ICE,price,dummy,1
2050,GECO2023_1.5C,Global,Automotive,Electric,price,dummy,1
2050,GECO2023_1.5C,Global,Automotive,FuelCell,price,dummy,1
2050,GECO2023_1.5C,Global,Automotive,Hybrid,price,dummy,1
2050,GECO2023_1.5C,Global,Automotive,ICE,price,dummy,1
2022,GECO2023_CurPol,Global,Automotive,Electric,price,dummy,1
2022,GECO2023_CurPol,Global,Automotive,FuelCell,price,dummy,1
2022,GECO2023_CurPol,Global,Automotive,Hybrid,price,dummy,1
2022,GECO2023_CurPol,Global,Automotive,ICE,price,dummy,1
2023,GECO2023_CurPol,Global,Automotive,Electric,price,dummy,1
2023,GECO2023_CurPol,Global,Automotive,FuelCell,price,dummy,1
2023,GECO2023_CurPol,Global,Automotive,Hybrid,price,dummy,1
2023,GECO2023_CurPol,Global,Automotive,ICE,price,dummy,1
2024,GECO2023_CurPol,Global,Automotive,Electric,price,dummy,1
2024,GECO2023_CurPol,Global,Automotive,FuelCell,price,dummy,1
2024,GECO2023_CurPol,Global,Automotive,Hybrid,price,dummy,1
2024,GECO2023_CurPol,Global,Automotive,ICE,price,dummy,1
2025,GECO2023_CurPol,Global,Automotive,Electric,price,dummy,1
2025,GECO2023_CurPol,Global,Automotive,FuelCell,price,dummy,1
2025,GECO2023_CurPol,Global,Automotive,Hybrid,price,dummy,1
2025,GECO2023_CurPol,Global,Automotive,ICE,price,dummy,1
2026,GECO2023_CurPol,Global,Automotive,Electric,price,dummy,1
2026,GECO2023_CurPol,Global,Automotive,FuelCell,price,dummy,1
2026,GECO2023_CurPol,Global,Automotive,Hybrid,price,dummy,1
2026,GECO2023_CurPol,Global,Automotive,ICE,price,dummy,1
2027,GECO2023_CurPol,Global,Automotive,Electric,price,dummy,1
2027,GECO2023_CurPol,Global,Automotive,FuelCell,price,dummy,1
2027,GECO2023_CurPol,Global,Automotive,Hybrid,price,dummy,1
2027,GECO2023_CurPol,Global,Automotive,ICE,price,dummy,1
2028,GECO2023_CurPol,Global,Automotive,Electric,price,dummy,1
2028,GECO2023_CurPol,Global,Automotive,FuelCell,price,dummy,1
2028,GECO2023_CurPol,Global,Automotive,Hybrid,price,dummy,1
2028,GECO2023_CurPol,Global,Automotive,ICE,price,dummy,1
2029,GECO2023_CurPol,Global,Automotive,Electric,price,dummy,1
2029,GECO2023_CurPol,Global,Automotive,FuelCell,price,dummy,1
2029,GECO2023_CurPol,Global,Automotive,Hybrid,price,dummy,1
2029,GECO2023_CurPol,Global,Automotive,ICE,price,dummy,1
2030,GECO2023_CurPol,Global,Automotive,Electric,price,dummy,1
2030,GECO2023_CurPol,Global,Automotive,FuelCell,price,dummy,1
2030,GECO2023_CurPol,Global,Automotive,Hybrid,price,dummy,1
2030,GECO2023_CurPol,Global,Automotive,ICE,price,dummy,1
2031,GECO2023_CurPol,Global,Automotive,Electric,price,dummy,1
2031,GECO2023_CurPol,Global,Automotive,FuelCell,price,dummy,1
2031,GECO2023_CurPol,Global,Automotive,Hybrid,price,dummy,1
2031,GECO2023_CurPol,Global,Automotive,ICE,price,dummy,1
2032,GECO2023_CurPol,Global,Automotive,Electric,price,dummy,1
2032,GECO2023_CurPol,Global,Automotive,FuelCell,price,dummy,1
2032,GECO2023_CurPol,Global,Automotive,Hybrid,price,dummy,1
2032,GECO2023_CurPol,Global,Automotive,ICE,price,dummy,1
2033,GECO2023_CurPol,Global,Automotive,Electric,price,dummy,1
2033,GECO2023_CurPol,Global,Automotive,FuelCell,price,dummy,1
2033,GECO2023_CurPol,Global,Automotive,Hybrid,price,dummy,1
2033,GECO2023_CurPol,Global,Automotive,ICE,price,dummy,1
2034,GECO2023_CurPol,Global,Automotive,Electric,price,dummy,1
2034,GECO2023_CurPol,Global,Automotive,FuelCell,price,dummy,1
2034,GECO2023_CurPol,Global,Automotive,Hybrid,price,dummy,1
2034,GECO2023_CurPol,Global,Automotive,ICE,price,dummy,1
2035,GECO2023_CurPol,Global,Automotive,Electric,price,dummy,1
2035,GECO2023_CurPol,Global,Automotive,FuelCell,price,dummy,1
2035,GECO2023_CurPol,Global,Automotive,Hybrid,price,dummy,1
2035,GECO2023_CurPol,Global,Automotive,ICE,price,dummy,1
2036,GECO2023_CurPol,Global,Automotive,Electric,price,dummy,1
2036,GECO2023_CurPol,Global,Automotive,FuelCell,price,dummy,1
2036,GECO2023_CurPol,Global,Automotive,Hybrid,price,dummy,1
2036,GECO2023_CurPol,Global,Automotive,ICE,price,dummy,1
2037,GECO2023_CurPol,Global,Automotive,Electric,price,dummy,1
2037,GECO2023_CurPol,Global,Automotive,FuelCell,price,dummy,1
2037,GECO2023_CurPol,Global,Automotive,Hybrid,price,dummy,1
2037,GECO2023_CurPol,Global,Automotive,ICE,price,dummy,1
2038,GECO2023_CurPol,Global,Automotive,Electric,price,dummy,1
2038,GECO2023_CurPol,Global,Automotive,FuelCell,price,dummy,1
2038,GECO2023_CurPol,Global,Automotive,Hybrid,price,dummy,1
2038,GECO2023_CurPol,Global,Automotive,ICE,price,dummy,1
2039,GECO2023_CurPol,Global,Automotive,Electric,price,dummy,1
2039,GECO2023_CurPol,Global,Automotive,FuelCell,price,dummy,1
2039,GECO2023_CurPol,Global,Automotive,Hybrid,price,dummy,1
2039,GECO2023_CurPol,Global,Automotive,ICE,price,dummy,1
2040,GECO2023_CurPol,Global,Automotive,Electric,price,dummy,1
2040,GECO2023_CurPol,Global,Automotive,FuelCell,price,dummy,1
2040,GECO2023_CurPol,Global,Automotive,Hybrid,price,dummy,1
2040,GECO2023_CurPol,Global,Automotive,ICE,price,dummy,1
2041,GECO2023_CurPol,Global,Automotive,Electric,price,dummy,1
2041,GECO2023_CurPol,Global,Automotive,FuelCell,price,dummy,1
2041,GECO2023_CurPol,Global,Automotive,Hybrid,price,dummy,1
2041,GECO2023_CurPol,Global,Automotive,ICE,price,dummy,1
2042,GECO2023_CurPol,Global,Automotive,Electric,price,dummy,1
2042,GECO2023_CurPol,Global,Automotive,FuelCell,price,dummy,1
2042,GECO2023_CurPol,Global,Automotive,Hybrid,price,dummy,1
2042,GECO2023_CurPol,Global,Automotive,ICE,price,dummy,1
2043,GECO2023_CurPol,Global,Automotive,Electric,price,dummy,1
2043,GECO2023_CurPol,Global,Automotive,FuelCell,price,dummy,1
2043,GECO2023_CurPol,Global,Automotive,Hybrid,price,dummy,1
2043,GECO2023_CurPol,Global,Automotive,ICE,price,dummy,1
2044,GECO2023_CurPol,Global,Automotive,Electric,price,dummy,1
2044,GECO2023_CurPol,Global,Automotive,FuelCell,price,dummy,1
2044,GECO2023_CurPol,Global,Automotive,Hybrid,price,dummy,1
2044,GECO2023_CurPol,Global,Automotive,ICE,price,dummy,1
2045,GECO2023_CurPol,Global,Automotive,Electric,price,dummy,1
2045,GECO2023_CurPol,Global,Automotive,FuelCell,price,dummy,1
2045,GECO2023_CurPol,Global,Automotive,Hybrid,price,dummy,1
2045,GECO2023_CurPol,Global,Automotive,ICE,price,dummy,1
2046,GECO2023_CurPol,Global,Automotive,Electric,price,dummy,1
2046,GECO2023_CurPol,Global,Automotive,FuelCell,price,dummy,1
2046,GECO2023_CurPol,Global,Automotive,Hybrid,price,dummy,1
2046,GECO2023_CurPol,Global,Automotive,ICE,price,dummy,1
2047,GECO2023_CurPol,Global,Automotive,Electric,price,dummy,1
2047,GECO2023_CurPol,Global,Automotive,FuelCell,price,dummy,1
2047,GECO2023_CurPol,Global,Automotive,Hybrid,price,dummy,1
2047,GECO2023_CurPol,Global,Automotive,ICE,price,dummy,1
2048,GECO2023_CurPol,Global,Automotive,Electric,price,dummy,1
2048,GECO2023_CurPol,Global,Automotive,FuelCell,price,dummy,1
2048,GECO2023_CurPol,Global,Automotive,Hybrid,price,dummy,1
2048,GECO2023_CurPol,Global,Automotive,ICE,price,dummy,1
2049,GECO2023_CurPol,Global,Automotive,Electric,price,dummy,1
2049,GECO2023_CurPol,Global,Automotive,FuelCell,price,dummy,1
2049,GECO2023_CurPol,Global,Automotive,Hybrid,price,dummy,1
2049,GECO2023_CurPol,Global,Automotive,ICE,price,dummy,1
2050,GECO2023_CurPol,Global,Automotive,Electric,price,dummy,1
2050,GECO2023_CurPol,Global,Automotive,FuelCell,price,dummy,1
2050,GECO2023_CurPol,Global,Automotive,Hybrid,price,dummy,1
2050,GECO2023_CurPol,Global,Automotive,ICE,price,dummy,1
2022,GECO2023_NDC-LTS,Global,Automotive,Electric,price,dummy,1
2022,GECO2023_NDC-LTS,Global,Automotive,FuelCell,price,dummy,1
2022,GECO2023_NDC-LTS,Global,Automotive,Hybrid,price,dummy,1
2022,GECO2023_NDC-LTS,Global,Automotive,ICE,price,dummy,1
2023,GECO2023_NDC-LTS,Global,Automotive,Electric,price,dummy,1
2023,GECO2023_NDC-LTS,Global,Automotive,FuelCell,price,dummy,1
2023,GECO2023_NDC-LTS,Global,Automotive,Hybrid,price,dummy,1
2023,GECO2023_NDC-LTS,Global,Automotive,ICE,price,dummy,1
2024,GECO2023_NDC-LTS,Global,Automotive,Electric,price,dummy,1
2024,GECO2023_NDC-LTS,Global,Automotive,FuelCell,price,dummy,1
2024,GECO2023_NDC-LTS,Global,Automotive,Hybrid,price,dummy,1
2024,GECO2023_NDC-LTS,Global,Automotive,ICE,price,dummy,1
2025,GECO2023_NDC-LTS,Global,Automotive,Electric,price,dummy,1
2025,GECO2023_NDC-LTS,Global,Automotive,FuelCell,price,dummy,1
2025,GECO2023_NDC-LTS,Global,Automotive,Hybrid,price,dummy,1
2025,GECO2023_NDC-LTS,Global,Automotive,ICE,price,dummy,1
2026,GECO2023_NDC-LTS,Global,Automotive,Electric,price,dummy,1
2026,GECO2023_NDC-LTS,Global,Automotive,FuelCell,price,dummy,1
2026,GECO2023_NDC-LTS,Global,Automotive,Hybrid,price,dummy,1
2026,GECO2023_NDC-LTS,Global,Automotive,ICE,price,dummy,1
2027,GECO2023_NDC-LTS,Global,Automotive,Electric,price,dummy,1
2027,GECO2023_NDC-LTS,Global,Automotive,FuelCell,price,dummy,1
2027,GECO2023_NDC-LTS,Global,Automotive,Hybrid,price,dummy,1
2027,GECO2023_NDC-LTS,Global,Automotive,ICE,price,dummy,1
2028,GECO2023_NDC-LTS,Global,Automotive,Electric,price,dummy,1
2028,GECO2023_NDC-LTS,Global,Automotive,FuelCell,price,dummy,1
2028,GECO2023_NDC-LTS,Global,Automotive,Hybrid,price,dummy,1
2028,GECO2023_NDC-LTS,Global,Automotive,ICE,price,dummy,1
2029,GECO2023_NDC-LTS,Global,Automotive,Electric,price,dummy,1
2029,GECO2023_NDC-LTS,Global,Automotive,FuelCell,price,dummy,1
2029,GECO2023_NDC-LTS,Global,Automotive,Hybrid,price,dummy,1
2029,GECO2023_NDC-LTS,Global,Automotive,ICE,price,dummy,1
2030,GECO2023_NDC-LTS,Global,Automotive,Electric,price,dummy,1
2030,GECO2023_NDC-LTS,Global,Automotive,FuelCell,price,dummy,1
2030,GECO2023_NDC-LTS,Global,Automotive,Hybrid,price,dummy,1
2030,GECO2023_NDC-LTS,Global,Automotive,ICE,price,dummy,1
2031,GECO2023_NDC-LTS,Global,Automotive,Electric,price,dummy,1
2031,GECO2023_NDC-LTS,Global,Automotive,FuelCell,price,dummy,1
2031,GECO2023_NDC-LTS,Global,Automotive,Hybrid,price,dummy,1
2031,GECO2023_NDC-LTS,Global,Automotive,ICE,price,dummy,1
2032,GECO2023_NDC-LTS,Global,Automotive,Electric,price,dummy,1
2032,GECO2023_NDC-LTS,Global,Automotive,FuelCell,price,dummy,1
2032,GECO2023_NDC-LTS,Global,Automotive,Hybrid,price,dummy,1
2032,GECO2023_NDC-LTS,Global,Automotive,ICE,price,dummy,1
2033,GECO2023_NDC-LTS,Global,Automotive,Electric,price,dummy,1
2033,GECO2023_NDC-LTS,Global,Automotive,FuelCell,price,dummy,1
2033,GECO2023_NDC-LTS,Global,Automotive,Hybrid,price,dummy,1
2033,GECO2023_NDC-LTS,Global,Automotive,ICE,price,dummy,1
2034,GECO2023_NDC-LTS,Global,Automotive,Electric,price,dummy,1
2034,GECO2023_NDC-LTS,Global,Automotive,FuelCell,price,dummy,1
2034,GECO2023_NDC-LTS,Global,Automotive,Hybrid,price,dummy,1
2034,GECO2023_NDC-LTS,Global,Automotive,ICE,price,dummy,1
2035,GECO2023_NDC-LTS,Global,Automotive,Electric,price,dummy,1
2035,GECO2023_NDC-LTS,Global,Automotive,FuelCell,price,dummy,1
2035,GECO2023_NDC-LTS,Global,Automotive,Hybrid,price,dummy,1
2035,GECO2023_NDC-LTS,Global,Automotive,ICE,price,dummy,1
2036,GECO2023_NDC-LTS,Global,Automotive,Electric,price,dummy,1
2036,GECO2023_NDC-LTS,Global,Automotive,FuelCell,price,dummy,1
2036,GECO2023_NDC-LTS,Global,Automotive,Hybrid,price,dummy,1
2036,GECO2023_NDC-LTS,Global,Automotive,ICE,price,dummy,1
2037,GECO2023_NDC-LTS,Global,Automotive,Electric,price,dummy,1
2037,GECO2023_NDC-LTS,Global,Automotive,FuelCell,price,dummy,1
2037,GECO2023_NDC-LTS,Global,Automotive,Hybrid,price,dummy,1
2037,GECO2023_NDC-LTS,Global,Automotive,ICE,price,dummy,1
2038,GECO2023_NDC-LTS,Global,Automotive,Electric,price,dummy,1
2038,GECO2023_NDC-LTS,Global,Automotive,FuelCell,price,dummy,1
2038,GECO2023_NDC-LTS,Global,Automotive,Hybrid,price,dummy,1
2038,GECO2023_NDC-LTS,Global,Automotive,ICE,price,dummy,1
2039,GECO2023_NDC-LTS,Global,Automotive,Electric,price,dummy,1
2039,GECO2023_NDC-LTS,Global,Automotive,FuelCell,price,dummy,1
2039,GECO2023_NDC-LTS,Global,Automotive,Hybrid,price,dummy,1
2039,GECO2023_NDC-LTS,Global,Automotive,ICE,price,dummy,1
2040,GECO2023_NDC-LTS,Global,Automotive,Electric,price,dummy,1
2040,GECO2023_NDC-LTS,Global,Automotive,FuelCell,price,dummy,1
2040,GECO2023_NDC-LTS,Global,Automotive,Hybrid,price,dummy,1
2040,GECO2023_NDC-LTS,Global,Automotive,ICE,price,dummy,1
2041,GECO2023_NDC-LTS,Global,Automotive,Electric,price,dummy,1
2041,GECO2023_NDC-LTS,Global,Automotive,FuelCell,price,dummy,1
2041,GECO2023_NDC-LTS,Global,Automotive,Hybrid,price,dummy,1
2041,GECO2023_NDC-LTS,Global,Automotive,ICE,price,dummy,1
2042,GECO2023_NDC-LTS,Global,Automotive,Electric,price,dummy,1
2042,GECO2023_NDC-LTS,Global,Automotive,FuelCell,price,dummy,1
2042,GECO2023_NDC-LTS,Global,Automotive,Hybrid,price,dummy,1
2042,GECO2023_NDC-LTS,Global,Automotive,ICE,price,dummy,1
2043,GECO2023_NDC-LTS,Global,Automotive,Electric,price,dummy,1
2043,GECO2023_NDC-LTS,Global,Automotive,FuelCell,price,dummy,1
2043,GECO2023_NDC-LTS,Global,Automotive,Hybrid,price,dummy,1
2043,GECO2023_NDC-LTS,Global,Automotive,ICE,price,dummy,1
2044,GECO2023_NDC-LTS,Global,Automotive,Electric,price,dummy,1
2044,GECO2023_NDC-LTS,Global,Automotive,FuelCell,price,dummy,1
2044,GECO2023_NDC-LTS,Global,Automotive,Hybrid,price,dummy,1
2044,GECO2023_NDC-LTS,Global,Automotive,ICE,price,dummy,1
2045,GECO2023_NDC-LTS,Global,Automotive,Electric,price,dummy,1
2045,GECO2023_NDC-LTS,Global,Automotive,FuelCell,price,dummy,1
2045,GECO2023_NDC-LTS,Global,Automotive,Hybrid,price,dummy,1
2045,GECO2023_NDC-LTS,Global,Automotive,ICE,price,dummy,1
2046,GECO2023_NDC-LTS,Global,Automotive,Electric,price,dummy,1
2046,GECO2023_NDC-LTS,Global,Automotive,FuelCell,price,dummy,1
2046,GECO2023_NDC-LTS,Global,Automotive,Hybrid,price,dummy,1
2046,GECO2023_NDC-LTS,Global,Automotive,ICE,price,dummy,1
2047,GECO2023_NDC-LTS,Global,Automotive,Electric,price,dummy,1
2047,GECO2023_NDC-LTS,Global,Automotive,FuelCell,price,dummy,1
2047,GECO2023_NDC-LTS,Global,Automotive,Hybrid,price,dummy,1
2047,GECO2023_NDC-LTS,Global,Automotive,ICE,price,dummy,1
2048,GECO2023_NDC-LTS,Global,Automotive,Electric,price,dummy,1
2048,GECO2023_NDC-LTS,Global,Automotive,FuelCell,price,dummy,1
2048,GECO2023_NDC-LTS,Global,Automotive,Hybrid,price,dummy,1
2048,GECO2023_NDC-LTS,Global,Automotive,ICE,price,dummy,1
2049,GECO2023_NDC-LTS,Global,Automotive,Electric,price,dummy,1
2049,GECO2023_NDC-LTS,Global,Automotive,FuelCell,price,dummy,1
2049,GECO2023_NDC-LTS,Global,Automotive,Hybrid,price,dummy,1
2049,GECO2023_NDC-LTS,Global,Automotive,ICE,price,dummy,1
2050,GECO2023_NDC-LTS,Global,Automotive,Electric,price,dummy,1
2050,GECO2023_NDC-LTS,Global,Automotive,FuelCell,price,dummy,1
2050,GECO2023_NDC-LTS,Global,Automotive,Hybrid,price,dummy,1
2050,GECO2023_NDC-LTS,Global,Automotive,ICE,price,dummy,1
